Voltage	Current 0 Suns	Current 1 Suns	Current 2 Suns	Current 3 Suns	Current 4 Suns	Current 5 Suns	Current 6 Suns	
0.000000e+00
2.000000e-02
4.000000e-02
6.000000e-02
8.000000e-02
1.000000e-01
1.200000e-01
1.400000e-01
1.600000e-01
1.800000e-01
2.000000e-01
2.200000e-01
2.400000e-01
2.600000e-01
2.800000e-01
3.000000e-01
3.200000e-01
3.400000e-01
3.600000e-01
3.800000e-01
4.000000e-01
4.200000e-01
4.400000e-01
4.600000e-01
4.800000e-01
5.000000e-01
5.200000e-01
5.400000e-01
5.600000e-01
5.800000e-01
6.000000e-01
6.200000e-01
6.400000e-01
6.600000e-01
6.800000e-01
7.000000e-01
7.200000e-01
7.400000e-01
7.600000e-01
7.800000e-01
8.000000e-01
8.200000e-01
8.400000e-01
8.600000e-01
8.800000e-01
9.000000e-01
9.200000e-01
9.400000e-01
9.600000e-01
9.800000e-01
1.000000e+00
1.020000e+00
1.040000e+00
1.060000e+00
1.080000e+00
1.100000e+00
1.120000e+00
1.140000e+00
1.160000e+00
1.180000e+00
1.200000e+00
1.220000e+00
1.240000e+00
1.260000e+00
1.280000e+00
1.300000e+00
1.320000e+00
1.340000e+00
1.360000e+00
1.380000e+00
1.400000e+00
1.420000e+00
1.440000e+00
1.460000e+00
1.480000e+00
1.500000e+00
1.520000e+00
1.540000e+00
1.560000e+00
1.580000e+00
1.600000e+00
1.620000e+00
1.640000e+00
1.660000e+00
1.680000e+00
1.700000e+00
1.720000e+00
1.740000e+00
1.760000e+00
1.780000e+00
1.800000e+00
1.820000e+00
1.840000e+00
1.860000e+00
1.880000e+00
1.900000e+00
1.920000e+00
1.940000e+00
1.960000e+00
1.980000e+00
2.000000e+00
1.980000e+00
1.960000e+00
1.940000e+00
1.920000e+00
1.900000e+00
1.880000e+00
1.860000e+00
1.840000e+00
1.820000e+00
1.800000e+00
1.780000e+00
1.760000e+00
1.740000e+00
1.720000e+00
1.700000e+00
1.680000e+00
1.660000e+00
1.640000e+00
1.620000e+00
1.600000e+00
1.580000e+00
1.560000e+00
1.540000e+00
1.520000e+00
1.500000e+00
1.480000e+00
1.460000e+00
1.440000e+00
1.420000e+00
1.400000e+00
1.380000e+00
1.360000e+00
1.340000e+00
1.320000e+00
1.300000e+00
1.280000e+00
1.260000e+00
1.240000e+00
1.220000e+00
1.200000e+00
1.180000e+00
1.160000e+00
1.140000e+00
1.120000e+00
1.100000e+00
1.080000e+00
1.060000e+00
1.040000e+00
1.020000e+00
1.000000e+00
9.800000e-01
9.600000e-01
9.400000e-01
9.200000e-01
9.000000e-01
8.800000e-01
8.600000e-01
8.400000e-01
8.200000e-01
8.000000e-01
7.800000e-01
7.600000e-01
7.400000e-01
7.200000e-01
7.000000e-01
6.800000e-01
6.600000e-01
6.400000e-01
6.200000e-01
6.000000e-01
5.800000e-01
5.600000e-01
5.400000e-01
5.200000e-01
5.000000e-01
4.800000e-01
4.600000e-01
4.400000e-01
4.200000e-01
4.000000e-01
3.800000e-01
3.600000e-01
3.400000e-01
3.200000e-01
3.000000e-01
2.800000e-01
2.600000e-01
2.400000e-01
2.200000e-01
2.000000e-01
1.800000e-01
1.600000e-01
1.400000e-01
1.200000e-01
1.000000e-01
8.000000e-02
6.000000e-02
4.000000e-02
2.000000e-02
0.000000e+00
-2.000000e-02
-4.000000e-02
-6.000000e-02
-8.000000e-02
-1.000000e-01
-1.200000e-01
-1.400000e-01
-1.600000e-01
-1.800000e-01
-2.000000e-01
-2.200000e-01
-2.400000e-01
-2.600000e-01
-2.800000e-01
-3.000000e-01
-3.200000e-01
-3.400000e-01
-3.600000e-01
-3.800000e-01
-4.000000e-01
-4.200000e-01
-4.400000e-01
-4.600000e-01
-4.800000e-01
-5.000000e-01
-5.200000e-01
-5.400000e-01
-5.600000e-01
-5.800000e-01
-6.000000e-01
-6.200000e-01
-6.400000e-01
-6.600000e-01
-6.800000e-01
-7.000000e-01
-7.200000e-01
-7.400000e-01
-7.600000e-01
-7.800000e-01
-8.000000e-01
-8.200000e-01
-8.400000e-01
-8.600000e-01
-8.800000e-01
-9.000000e-01
-9.200000e-01
-9.400000e-01
-9.600000e-01
-9.800000e-01
-1.000000e+00
-1.020000e+00
-1.040000e+00
-1.060000e+00
-1.080000e+00
-1.100000e+00
-1.120000e+00
-1.140000e+00
-1.160000e+00
-1.180000e+00
-1.200000e+00
-1.220000e+00
-1.240000e+00
-1.260000e+00
-1.280000e+00
-1.300000e+00
-1.320000e+00
-1.340000e+00
-1.360000e+00
-1.380000e+00
-1.400000e+00
-1.420000e+00
-1.440000e+00
-1.460000e+00
-1.480000e+00
-1.500000e+00
-1.520000e+00
-1.540000e+00
-1.560000e+00
-1.580000e+00
-1.600000e+00
-1.620000e+00
-1.640000e+00
-1.660000e+00
-1.680000e+00
-1.700000e+00
-1.720000e+00
-1.740000e+00
-1.760000e+00
-1.780000e+00
-1.800000e+00
-1.820000e+00
-1.840000e+00
-1.860000e+00
-1.880000e+00
-1.900000e+00
-1.920000e+00
-1.940000e+00
-1.960000e+00
-1.980000e+00
-2.000000e+00
-1.980000e+00
-1.960000e+00
-1.940000e+00
-1.920000e+00
-1.900000e+00
-1.880000e+00
-1.860000e+00
-1.840000e+00
-1.820000e+00
-1.800000e+00
-1.780000e+00
-1.760000e+00
-1.740000e+00
-1.720000e+00
-1.700000e+00
-1.680000e+00
-1.660000e+00
-1.640000e+00
-1.620000e+00
-1.600000e+00
-1.580000e+00
-1.560000e+00
-1.540000e+00
-1.520000e+00
-1.500000e+00
-1.480000e+00
-1.460000e+00
-1.440000e+00
-1.420000e+00
-1.400000e+00
-1.380000e+00
-1.360000e+00
-1.340000e+00
-1.320000e+00
-1.300000e+00
-1.280000e+00
-1.260000e+00
-1.240000e+00
-1.220000e+00
-1.200000e+00
-1.180000e+00
-1.160000e+00
-1.140000e+00
-1.120000e+00
-1.100000e+00
-1.080000e+00
-1.060000e+00
-1.040000e+00
-1.020000e+00
-1.000000e+00
-9.800000e-01
-9.600000e-01
-9.400000e-01
-9.200000e-01
-9.000000e-01
-8.800000e-01
-8.600000e-01
-8.400000e-01
-8.200000e-01
-8.000000e-01
-7.800000e-01
-7.600000e-01
-7.400000e-01
-7.200000e-01
-7.000000e-01
-6.800000e-01
-6.600000e-01
-6.400000e-01
-6.200000e-01
-6.000000e-01
-5.800000e-01
-5.600000e-01
-5.400000e-01
-5.200000e-01
-5.000000e-01
-4.800000e-01
-4.600000e-01
-4.400000e-01
-4.200000e-01
-4.000000e-01
-3.800000e-01
-3.600000e-01
-3.400000e-01
-3.200000e-01
-3.000000e-01
-2.800000e-01
-2.600000e-01
-2.400000e-01
-2.200000e-01
-2.000000e-01
-1.800000e-01
-1.600000e-01
-1.400000e-01
-1.200000e-01
-1.000000e-01
-8.000000e-02
-6.000000e-02
-4.000000e-02
-2.000000e-02
0.000000e+00
0.000000e+00	5.08931e-11	1.59167e-06	3.18329e-06	4.77491e-06	6.36652e-06	7.95814e-06	9.54976e-06	
2.000000e-02	6.38382e-06	0.00216522	0.0043233	0.0064788	0.00862691	0.0107793	0.012928	
4.000000e-02	1.27676e-05	0.0042082	0.00839854	0.01259	0.0167682	0.020958	0.0251361	
6.000000e-02	1.91514e-05	0.00603921	0.012055	0.018074	0.0240704	0.0300902	0.0360889	
8.000000e-02	2.55351e-05	0.0076144	0.0152005	0.0227836	0.0303546	0.0379298	0.0454947	
1.000000e-01	3.19189e-05	0.00892514	0.0178188	0.0267039	0.0355844	0.0444655	0.0533442	
1.200000e-01	3.83027e-05	0.00999802	0.0199563	0.0299105	0.0398643	0.0498139	0.0597643	
1.400000e-01	4.46864e-05	0.0108662	0.0216852	0.0325072	0.0433242	0.0541384	0.0649621	
1.600000e-01	5.10702e-05	0.0115731	0.0230958	0.0346158	0.046138	0.0576577	0.0691821	
1.800000e-01	5.7454e-05	0.0121498	0.0242424	0.0363355	0.048429	0.0605228	0.0726218	
2.000000e-01	6.38377e-05	0.0126257	0.025189	0.0377501	0.0503158	0.0628782	0.0754457	
2.200000e-01	7.02215e-05	0.0130214	0.0259742	0.0389284	0.0518809	0.0648393	0.0777906	
2.400000e-01	7.66052e-05	0.0133551	0.0266353	0.0399155	0.0531973	0.0664818	0.0797637	
2.600000e-01	8.2989e-05	0.0136408	0.0271996	0.0407577	0.0543211	0.067884	0.0814518	
2.800000e-01	8.93728e-05	0.0138869	0.0276852	0.0414814	0.0552865	0.069089	0.0828918	
3.000000e-01	9.57565e-05	0.0141014	0.0281076	0.0421162	0.056125	0.070134	0.0841442	
3.200000e-01	0.00010214	0.0142895	0.0284777	0.0426697	0.0568579	0.0710496	0.0852424	
3.400000e-01	0.000108524	0.0144566	0.028806	0.0431571	0.0575068	0.0718588	0.0862121	
3.600000e-01	0.000114908	0.0146058	0.0290989	0.0435909	0.0580841	0.0725797	0.0870741	
3.800000e-01	0.000121292	0.0147403	0.0293607	0.0439796	0.0586024	0.0732241	0.0878449	
4.000000e-01	0.000127675	0.0148618	0.029597	0.0443313	0.0590689	0.0738055	0.0885401	
4.200000e-01	0.000134059	0.0149723	0.0298108	0.0446515	0.0594915	0.0743338	0.0891715	
4.400000e-01	0.000140443	0.0150736	0.0300062	0.0449409	0.059877	0.0748117	0.0897467	
4.600000e-01	0.000146827	0.015166	0.0301864	0.0452061	0.0602272	0.0752478	0.0902715	
4.800000e-01	0.00015321	0.0152513	0.0303509	0.0454504	0.060549	0.0756504	0.0907526	
5.000000e-01	0.000159594	0.0153307	0.0305029	0.0456753	0.0608477	0.0760212	0.0911957	
5.200000e-01	0.000165978	0.0154046	0.0306434	0.0458837	0.0611235	0.076363	0.091605	
5.400000e-01	0.000172362	0.0154733	0.0307746	0.0460768	0.0613787	0.0766804	0.0919857	
5.600000e-01	0.000178745	0.0155374	0.0308968	0.0462565	0.061616	0.0769766	0.0923389	
5.800000e-01	0.000185129	0.0155977	0.0310111	0.0464246	0.0618378	0.0772519	0.0926682	
6.000000e-01	0.000191513	0.0156543	0.0311181	0.0465813	0.0620451	0.0775094	0.0929752	
6.200000e-01	0.000197897	0.0157078	0.0312184	0.0467278	0.0622395	0.0777505	0.0932629	
6.400000e-01	0.00020428	0.0157583	0.0313127	0.0468661	0.062422	0.0779774	0.0935334	
6.600000e-01	0.000210664	0.0158061	0.0314016	0.046997	0.062594	0.0781907	0.0937872	
6.800000e-01	0.000217048	0.0158514	0.0314856	0.0471208	0.0627558	0.078392	0.094027	
7.000000e-01	0.000223432	0.0158944	0.0315652	0.0472375	0.0629088	0.0785818	0.0942533	
7.200000e-01	0.000229815	0.0159354	0.0316411	0.0473481	0.0630541	0.0787614	0.0944676	
7.400000e-01	0.000236199	0.0159746	0.0317137	0.0474528	0.0631924	0.0789313	0.0946714	
7.600000e-01	0.000242583	0.0160121	0.0317822	0.0475524	0.0633228	0.0790926	0.0948642	
7.800000e-01	0.000248967	0.016048	0.0318476	0.0476472	0.0634469	0.0792464	0.0950475	
8.000000e-01	0.00025535	0.0160826	0.03191	0.0477376	0.0635654	0.0793933	0.095222	
8.200000e-01	0.000261734	0.0161156	0.0319697	0.0478241	0.0636783	0.0795327	0.0953881	
8.400000e-01	0.000268118	0.0161474	0.0320268	0.0479067	0.0637861	0.079666	0.0955467	
8.600000e-01	0.000274502	0.0161781	0.0320817	0.0479858	0.0638893	0.0797937	0.0956979	
8.800000e-01	0.000280885	0.0162076	0.0321343	0.0480616	0.0639885	0.0799162	0.0958422	
9.000000e-01	0.000287269	0.016236	0.0321848	0.0481341	0.0640832	0.0800329	0.0959806	
9.200000e-01	0.000293653	0.0162635	0.0322336	0.0482038	0.0641741	0.0801449	0.0961135	
9.400000e-01	0.000300037	0.0162901	0.0322804	0.0482708	0.0642616	0.0802527	0.096241	
9.600000e-01	0.00030642	0.0163159	0.0323256	0.0483355	0.0643456	0.0803559	0.0963634	
9.800000e-01	0.000312804	0.0163409	0.0323692	0.0483974	0.0644263	0.0804547	0.0964814	
1.000000e+00	0.000319188	0.0163651	0.0324112	0.0484572	0.0645041	0.0805498	0.0965955	
1.020000e+00	0.000325572	0.0163886	0.0324518	0.0485149	0.0645791	0.0806412	0.0967054	
1.040000e+00	0.000331955	0.0164115	0.032491	0.0485708	0.0646512	0.0807297	0.0968107	
1.060000e+00	0.000338339	0.0164337	0.032529	0.0486247	0.0647208	0.0808153	0.0969123	
1.080000e+00	0.000344723	0.0164554	0.0325659	0.0486768	0.064788	0.0808985	0.0970104	
1.100000e+00	0.000351106	0.0164766	0.0326017	0.0487274	0.0648531	0.080979	0.0971052	
1.120000e+00	0.00035749	0.0164971	0.0326364	0.0487765	0.0649163	0.0810561	0.0971966	
1.140000e+00	0.000363874	0.0165172	0.0326702	0.0488241	0.0649773	0.0811306	0.097285	
1.160000e+00	0.000370258	0.0165368	0.0327032	0.0488701	0.0650365	0.081203	0.0973707	
1.180000e+00	0.000376641	0.0165559	0.0327353	0.0489149	0.0650939	0.0812733	0.0974537	
1.200000e+00	0.000383025	0.0165747	0.0327664	0.0489584	0.0651498	0.0813418	0.097534	
1.220000e+00	0.000389409	0.016593	0.0327967	0.0490006	0.0652044	0.0814083	0.097612	
1.240000e+00	0.000395793	0.0166109	0.0328263	0.0490417	0.0652571	0.0814724	0.0976878	
1.260000e+00	0.000402176	0.0166285	0.0328551	0.0490816	0.0653083	0.0815347	0.0977616	
1.280000e+00	0.00040856	0.0166458	0.0328831	0.0491206	0.0653581	0.0815953	0.0978329	
1.300000e+00	0.000414944	0.0166627	0.0329105	0.0491585	0.0654066	0.0816543	0.0979021	
1.320000e+00	0.000421327	0.0166793	0.0329373	0.0491953	0.065454	0.0817119	0.0979695	
1.340000e+00	0.000427711	0.0166955	0.0329634	0.0492313	0.0654999	0.081768	0.0980352	
1.360000e+00	0.000434095	0.0167115	0.032989	0.0492664	0.0655445	0.0818222	0.0980993	
1.380000e+00	0.000440479	0.0167273	0.033014	0.0493007	0.065588	0.081875	0.0981619	
1.400000e+00	0.000446862	0.0167427	0.0330385	0.0493343	0.0656303	0.0819264	0.0982227	
1.420000e+00	0.000453246	0.0167579	0.0330625	0.0493672	0.0656716	0.0819766	0.0982818	
1.440000e+00	0.00045963	0.0167729	0.033086	0.0493993	0.065712	0.0820255	0.0983393	
1.460000e+00	0.000466014	0.0167876	0.033109	0.0494305	0.0657516	0.0820732	0.0983955	
1.480000e+00	0.000472397	0.016802	0.0331315	0.0494611	0.0657904	0.0821199	0.0984503	
1.500000e+00	0.000478781	0.0168163	0.0331536	0.0494911	0.0658285	0.0821656	0.098504	
1.520000e+00	0.000485165	0.0168303	0.0331753	0.0495205	0.065866	0.0822103	0.0985564	
1.540000e+00	0.000491548	0.0168442	0.0331967	0.0495493	0.0659022	0.0822542	0.0986074	
1.560000e+00	0.000497932	0.0168578	0.0332176	0.0495776	0.0659376	0.0822973	0.0986574	
1.580000e+00	0.000504316	0.0168713	0.0332383	0.0496053	0.0659723	0.0823394	0.0987063	
1.600000e+00	0.0005107	0.0168846	0.0332586	0.0496324	0.0660063	0.0823804	0.0987542	
1.620000e+00	0.000517083	0.0168977	0.0332785	0.049659	0.0660396	0.0824206	0.0988011	
1.640000e+00	0.000523467	0.0169107	0.033298	0.0496851	0.0660724	0.0824599	0.0988472	
1.660000e+00	0.000529851	0.0169235	0.0333172	0.0497108	0.0661046	0.0824984	0.0988922	
1.680000e+00	0.000536234	0.0169361	0.0333361	0.0497361	0.0661361	0.0825361	0.0989362	
1.700000e+00	0.000542618	0.0169486	0.0333547	0.0497609	0.066167	0.0825731	0.0989793	
1.720000e+00	0.000549002	0.016961	0.0333731	0.0497852	0.0661972	0.0826093	0.0990217	
1.740000e+00	0.000555386	0.0169732	0.0333911	0.0498091	0.066227	0.0826449	0.0990632	
1.760000e+00	0.000561769	0.0169853	0.0334089	0.0498327	0.0662562	0.0826798	0.0991039	
1.780000e+00	0.000568153	0.0169973	0.0334265	0.0498558	0.0662849	0.0827141	0.0991439	
1.800000e+00	0.000574537	0.0170092	0.0334438	0.0498786	0.0663132	0.0827478	0.099183	
1.820000e+00	0.00058092	0.0170209	0.0334608	0.049901	0.0663411	0.0827809	0.0992214	
1.840000e+00	0.000587304	0.0170325	0.0334776	0.0499231	0.0663684	0.0828134	0.0992592	
1.860000e+00	0.000593688	0.017044	0.0334943	0.0499448	0.0663952	0.0828453	0.0992962	
1.880000e+00	0.000600072	0.0170554	0.0335107	0.0499662	0.0664216	0.0828767	0.0993326	
1.900000e+00	0.000606455	0.0170666	0.0335269	0.0499873	0.0664476	0.0829076	0.0993684	
1.920000e+00	0.000612839	0.0170778	0.0335429	0.0500081	0.0664731	0.082938	0.0994035	
1.940000e+00	0.000619223	0.0170888	0.0335587	0.0500285	0.0664983	0.0829679	0.0994379	
1.960000e+00	0.000625606	0.0170982	0.0335742	0.0500487	0.0665232	0.0829973	0.0994718	
1.980000e+00	0.00063199	0.0171064	0.0335896	0.0500684	0.0665477	0.0830262	0.0995051	
2.000000e+00	0.000637966	0.0171133	0.0336009	0.0500876	0.0665682	0.0830542	0.0995339	
1.980000e+00	0.00063199	0.0171112	0.0335896	0.0500684	0.0665473	0.0830261	0.0995053	
1.960000e+00	0.000625606	0.0170999	0.0335742	0.0500485	0.0665228	0.0829972	0.0994716	
1.940000e+00	0.000619223	0.0170889	0.0335586	0.0500283	0.0664979	0.0829678	0.0994376	
1.920000e+00	0.000612839	0.0170778	0.0335428	0.0500079	0.0664726	0.082938	0.099403	
1.900000e+00	0.000606455	0.0170666	0.0335269	0.0499871	0.0664473	0.0829076	0.0993678	
1.880000e+00	0.000600072	0.0170554	0.0335107	0.049966	0.066421	0.0828767	0.0993319	
1.860000e+00	0.000593688	0.017044	0.0334943	0.0499444	0.0663947	0.0828453	0.0992954	
1.840000e+00	0.000587304	0.0170325	0.0334776	0.0499226	0.066368	0.0828132	0.0992583	
1.820000e+00	0.00058092	0.0170209	0.0334607	0.0499004	0.0663405	0.0827806	0.0992206	
1.800000e+00	0.000574537	0.0170091	0.0334436	0.049878	0.0663131	0.0827474	0.0991823	
1.780000e+00	0.000568153	0.0169972	0.0334263	0.0498551	0.0662848	0.0827137	0.0991433	
1.760000e+00	0.000561769	0.0169852	0.0334087	0.049832	0.066256	0.0826794	0.0991035	
1.740000e+00	0.000555386	0.0169731	0.0333909	0.0498085	0.0662267	0.0826446	0.0990626	
1.720000e+00	0.000549002	0.0169609	0.0333729	0.0497848	0.0661969	0.0826092	0.099021	
1.700000e+00	0.000542618	0.0169485	0.0333547	0.0497606	0.0661666	0.0825729	0.0989787	
1.680000e+00	0.000536234	0.016936	0.033336	0.049736	0.0661359	0.0825357	0.0989355	
1.660000e+00	0.000529851	0.0169234	0.033317	0.0497107	0.0661046	0.0824978	0.0988917	
1.640000e+00	0.000523467	0.0169107	0.0332977	0.0496849	0.0660724	0.0824592	0.098847	
1.620000e+00	0.000517083	0.0168976	0.0332781	0.0496587	0.0660395	0.0824199	0.0988013	
1.600000e+00	0.0005107	0.0168844	0.0332582	0.0496321	0.0660061	0.0823799	0.0987542	
1.580000e+00	0.000504316	0.0168711	0.033238	0.049605	0.065972	0.0823392	0.0987061	
1.560000e+00	0.000497932	0.0168576	0.0332175	0.0495774	0.0659374	0.0822978	0.098657	
1.540000e+00	0.000491548	0.0168439	0.0331968	0.0495495	0.0659021	0.0822549	0.098607	
1.520000e+00	0.000485165	0.0168301	0.0331755	0.0495209	0.065866	0.0822109	0.098556	
1.500000e+00	0.000478781	0.0168162	0.0331536	0.0494913	0.0658288	0.082166	0.098504	
1.480000e+00	0.000472397	0.016802	0.0331314	0.049461	0.0657907	0.0821201	0.0984506	
1.460000e+00	0.000466013	0.0167876	0.0331087	0.0494302	0.0657519	0.0820733	0.0983954	
1.440000e+00	0.00045963	0.0167729	0.0330857	0.0493987	0.0657123	0.0820256	0.0983388	
1.420000e+00	0.000453246	0.0167579	0.0330623	0.0493666	0.065672	0.081977	0.098281	
1.400000e+00	0.000446862	0.0167427	0.0330385	0.0493339	0.0656308	0.0819274	0.0982219	
1.380000e+00	0.000440479	0.0167273	0.0330143	0.0493007	0.0655882	0.0818754	0.0981616	
1.360000e+00	0.000434095	0.0167117	0.0329894	0.0492668	0.0655442	0.0818222	0.0980999	
1.340000e+00	0.000427711	0.0166958	0.0329637	0.0492314	0.0654992	0.0817675	0.0980366	
1.320000e+00	0.000421327	0.0166795	0.0329374	0.0491951	0.0654531	0.0817116	0.0979708	
1.300000e+00	0.000414944	0.0166628	0.0329106	0.0491581	0.065406	0.0816543	0.0979032	
1.280000e+00	0.00040856	0.0166458	0.0328831	0.0491201	0.0653578	0.0815957	0.0978336	
1.260000e+00	0.000402176	0.0166286	0.0328551	0.0490814	0.0653085	0.0815349	0.0977621	
1.240000e+00	0.000395792	0.016611	0.0328264	0.0490418	0.0652573	0.0814721	0.0976886	
1.220000e+00	0.000389409	0.0165931	0.0327967	0.0490007	0.0652045	0.0814076	0.097613	
1.200000e+00	0.000383025	0.0165749	0.0327662	0.0489582	0.0651503	0.0813414	0.0975353	
1.180000e+00	0.000376641	0.016556	0.032735	0.0489146	0.0650945	0.0812735	0.0974554	
1.160000e+00	0.000370258	0.0165367	0.0327031	0.0488698	0.065037	0.0812039	0.0973724	
1.140000e+00	0.000363874	0.016517	0.0326705	0.0488239	0.0649779	0.081132	0.0972863	
1.120000e+00	0.00035749	0.0164968	0.0326371	0.0487769	0.0649171	0.0810568	0.0971973	
1.100000e+00	0.000351106	0.0164763	0.0326022	0.0487286	0.0648543	0.0809793	0.0971054	
1.080000e+00	0.000344723	0.0164554	0.0325663	0.0486776	0.0647888	0.0808994	0.0970104	
1.060000e+00	0.000338339	0.0164339	0.0325294	0.0486251	0.0647212	0.0808172	0.0969122	
1.040000e+00	0.000331955	0.0164115	0.0324914	0.0485708	0.0646511	0.0807324	0.0968107	
1.020000e+00	0.000325571	0.0163885	0.0324524	0.0485149	0.0645787	0.0806428	0.0967058	
1.000000e+00	0.000319188	0.0163649	0.0324116	0.0484572	0.0645038	0.0805502	0.0965975	
9.800000e-01	0.000312804	0.0163408	0.0323692	0.0483967	0.0644262	0.0804543	0.0964834	
9.600000e-01	0.00030642	0.0163158	0.0323255	0.0483342	0.064346	0.0803553	0.0963645	
9.400000e-01	0.000300036	0.0162899	0.0322804	0.0482696	0.0642621	0.0802532	0.0962409	
9.200000e-01	0.000293653	0.0162632	0.032234	0.048203	0.0641743	0.0801449	0.0961124	
9.000000e-01	0.000287269	0.0162357	0.0321852	0.048134	0.0640829	0.0800321	0.0959789	
8.800000e-01	0.000280885	0.0162074	0.0321343	0.0480608	0.0639877	0.0799149	0.09584	
8.600000e-01	0.000274501	0.0161781	0.0320814	0.0479847	0.0638885	0.0797933	0.0956958	
8.400000e-01	0.000268118	0.0161474	0.0320267	0.0479059	0.0637853	0.0796656	0.0955458	
8.200000e-01	0.000261734	0.0161156	0.0319695	0.0478241	0.0636778	0.0795313	0.0953894	
8.000000e-01	0.00025535	0.0160827	0.0319093	0.047739	0.063566	0.0793914	0.0952226	
7.800000e-01	0.000248966	0.0160484	0.0318468	0.047648	0.0634473	0.079246	0.0950476	
7.600000e-01	0.000242583	0.0160122	0.0317818	0.0475527	0.0633223	0.0790937	0.0948638	
7.400000e-01	0.000236199	0.0159746	0.0317138	0.0474531	0.0631911	0.0789313	0.0946708	
7.200000e-01	0.000229815	0.0159356	0.0316415	0.047348	0.0630533	0.078761	0.0944681	
7.000000e-01	0.000223431	0.0158945	0.0315658	0.0472368	0.0629085	0.0785828	0.0942552	
6.800000e-01	0.000217048	0.0158511	0.0314867	0.0471202	0.0627564	0.0783918	0.0940271	
6.600000e-01	0.000210664	0.0158057	0.0314018	0.0469983	0.0625937	0.0781896	0.0937851	
6.400000e-01	0.00020428	0.0157583	0.0313121	0.0468674	0.0624204	0.0779767	0.0935288	
6.200000e-01	0.000197896	0.0157081	0.0312179	0.0467288	0.0622366	0.0777508	0.0932574	
6.000000e-01	0.000191513	0.0156544	0.0311175	0.0465828	0.0620417	0.0775076	0.0929703	
5.800000e-01	0.000185129	0.0155977	0.0310099	0.0464248	0.0618352	0.0772504	0.0926665	
5.600000e-01	0.000178745	0.0155372	0.0308962	0.0462563	0.0616164	0.076979	0.0923397	
5.400000e-01	0.000172361	0.0154727	0.0307757	0.0460778	0.0613802	0.0766826	0.0919856	
5.200000e-01	0.000165978	0.0154045	0.030644	0.0458834	0.061124	0.0763645	0.0916049	
5.000000e-01	0.000159594	0.0153308	0.0305032	0.0456746	0.0608481	0.0760224	0.0911957	
4.800000e-01	0.00015321	0.0152517	0.0303506	0.0454495	0.0605508	0.0756499	0.0907544	
4.600000e-01	0.000146826	0.0151663	0.0301855	0.0452044	0.0602281	0.0752507	0.0902688	
4.400000e-01	0.000140443	0.015073	0.0300077	0.0449414	0.059873	0.0748114	0.0897408	
4.200000e-01	0.000134059	0.0149726	0.0298108	0.0446506	0.0594861	0.0743317	0.0891671	
4.000000e-01	0.000127675	0.0148612	0.0295964	0.0443341	0.0590646	0.0738029	0.0885442	
3.800000e-01	0.000121291	0.0147404	0.0293587	0.0439803	0.0586053	0.0732233	0.0878534	
3.600000e-01	0.000114908	0.0146064	0.0290983	0.0435923	0.0580877	0.0725777	0.0870751	
3.400000e-01	0.000108524	0.0144569	0.028805	0.0431543	0.0575063	0.0718603	0.0862111	
3.200000e-01	0.00010214	0.0142888	0.0284805	0.042671	0.0568582	0.0710531	0.0852425	
3.000000e-01	9.57564e-05	0.0141012	0.0281084	0.0421161	0.0561245	0.0701361	0.0841473	
2.800000e-01	8.93726e-05	0.0138866	0.0276846	0.0414848	0.0552877	0.0690867	0.082894	
2.600000e-01	8.29889e-05	0.0136416	0.0272012	0.0407629	0.0543239	0.0678852	0.0814502	
2.400000e-01	7.66051e-05	0.0133558	0.0266388	0.039917	0.053202	0.0664865	0.0797731	
2.200000e-01	7.02213e-05	0.0130225	0.0259741	0.0389245	0.0518827	0.0648404	0.0777929	
2.000000e-01	6.38375e-05	0.0126254	0.0251859	0.0377478	0.0503141	0.06288	0.0754471	
1.800000e-01	5.74538e-05	0.0121509	0.0242427	0.0363376	0.0484303	0.0605232	0.0726161	
1.600000e-01	5.107e-05	0.0115733	0.0230925	0.034617	0.0461339	0.0576567	0.0691736	
1.400000e-01	4.46862e-05	0.0108664	0.0216849	0.0325048	0.0433257	0.0541416	0.0649602	
1.200000e-01	3.83025e-05	0.00999528	0.0199481	0.0298975	0.0398566	0.0498017	0.0597496	
1.000000e-01	3.19187e-05	0.00892486	0.0178116	0.0266953	0.0355798	0.0444558	0.0533331	
8.000000e-02	2.55349e-05	0.00761489	0.0151971	0.0227767	0.0303557	0.0379232	0.04549	
6.000000e-02	1.91511e-05	0.00604255	0.0120603	0.0180815	0.0240813	0.0300908	0.036079	
4.000000e-02	1.27674e-05	0.0042138	0.00840849	0.012602	0.0167795	0.0209627	0.0251428	
2.000000e-02	6.3836e-06	0.00217028	0.0043351	0.00648984	0.00862424	0.0108112	0.0129473	
0.000000e+00	-1.76051e-10	4.08595e-06	1.43346e-05	1.10425e-05	1.08146e-05	3.4058e-05	1.02567e-05	
-2.000000e-02	-6.38395e-06	-0.00216417	-0.00431656	-0.00646581	-0.00861833	-0.0107636	-0.0129047	
-4.000000e-02	-1.27677e-05	-0.00421114	-0.00840438	-0.012591	-0.0167689	-0.02094	-0.0251424	
-6.000000e-02	-1.91515e-05	-0.00604004	-0.012061	-0.0180801	-0.0240738	-0.0300801	-0.0360467	
-8.000000e-02	-2.55353e-05	-0.00761072	-0.0151953	-0.0227791	-0.0303428	-0.0379137	-0.0454803	
-1.000000e-01	-3.1919e-05	-0.00892356	-0.0178141	-0.0266933	-0.0355748	-0.0444599	-0.0533017	
-1.200000e-01	-3.83028e-05	-0.0099939	-0.0199505	-0.0299026	-0.0398408	-0.0498029	-0.059733	
-1.400000e-01	-4.46866e-05	-0.0108631	-0.021682	-0.0324979	-0.0433131	-0.0541302	-0.064947	
-1.600000e-01	-5.10704e-05	-0.0115703	-0.0230885	-0.0346068	-0.0461241	-0.0576408	-0.0691594	
-1.800000e-01	-5.74541e-05	-0.0121476	-0.0242368	-0.036324	-0.0484132	-0.0605072	-0.072609	
-2.000000e-01	-6.38379e-05	-0.0126222	-0.0251809	-0.0377362	-0.0503037	-0.062865	-0.075423	
-2.200000e-01	-7.02217e-05	-0.0130179	-0.0259672	-0.0389164	-0.0518676	-0.0648183	-0.0777797	
-2.400000e-01	-7.66054e-05	-0.0133534	-0.0266288	-0.039907	-0.0531872	-0.066467	-0.0797565	
-2.600000e-01	-8.29892e-05	-0.013638	-0.0271931	-0.0407498	-0.0543079	-0.0678676	-0.0814293	
-2.800000e-01	-8.9373e-05	-0.0138838	-0.027679	-0.0414775	-0.0552723	-0.0690707	-0.0828738	
-3.000000e-01	-9.57568e-05	-0.0140983	-0.0281014	-0.042106	-0.0561109	-0.0701146	-0.0841256	
-3.200000e-01	-0.000102141	-0.0142873	-0.0284726	-0.0426577	-0.0568459	-0.071035	-0.085224	
-3.400000e-01	-0.000108524	-0.0144538	-0.0287999	-0.0431436	-0.0574943	-0.0718453	-0.0861949	
-3.600000e-01	-0.000114908	-0.0146027	-0.0290919	-0.0435792	-0.0580719	-0.0725649	-0.0870592	
-3.800000e-01	-0.000121292	-0.0147368	-0.0293542	-0.0439696	-0.0585896	-0.0732093	-0.0878308	
-4.000000e-01	-0.000127676	-0.0148587	-0.0295898	-0.0443222	-0.0590578	-0.0737888	-0.0885258	
-4.200000e-01	-0.000134059	-0.014969	-0.0298049	-0.0446418	-0.0594807	-0.0743149	-0.089155	
-4.400000e-01	-0.000140443	-0.0150701	-0.0300002	-0.0449322	-0.0598642	-0.0747961	-0.0897274	
-4.600000e-01	-0.000146827	-0.0151628	-0.0301803	-0.0451974	-0.0602146	-0.0752334	-0.0902526	
-4.800000e-01	-0.000153211	-0.0152484	-0.0303446	-0.0454403	-0.0605377	-0.0756353	-0.0907335	
-5.000000e-01	-0.000159595	-0.0153276	-0.030496	-0.0456644	-0.0608346	-0.0760051	-0.0911776	
-5.200000e-01	-0.000165978	-0.0154014	-0.0306364	-0.0458723	-0.0611105	-0.0763486	-0.0915871	
-5.400000e-01	-0.000172362	-0.0154702	-0.0307677	-0.0460658	-0.0613662	-0.0766661	-0.091967	
-5.600000e-01	-0.000178746	-0.0155344	-0.0308898	-0.0462455	-0.0616041	-0.076962	-0.0923197	
-5.800000e-01	-0.00018513	-0.0155945	-0.0310037	-0.0464144	-0.061826	-0.0772372	-0.0926484	
-6.000000e-01	-0.000191514	-0.0156514	-0.0311104	-0.0465718	-0.0620333	-0.0774945	-0.0929544	
-6.200000e-01	-0.000197897	-0.0157049	-0.031211	-0.0467192	-0.0622276	-0.077735	-0.0932412	
-6.400000e-01	-0.000204281	-0.0157552	-0.0313061	-0.0468581	-0.0624093	-0.0779605	-0.0935113	
-6.600000e-01	-0.000210665	-0.0158029	-0.0313954	-0.0469885	-0.0625803	-0.0781729	-0.0937674	
-6.800000e-01	-0.000217049	-0.0158483	-0.0314797	-0.0471118	-0.0627424	-0.0783739	-0.094008	
-7.000000e-01	-0.000223433	-0.0158914	-0.0315595	-0.0472282	-0.0628969	-0.0785652	-0.0942348	
-7.200000e-01	-0.000229816	-0.0159324	-0.0316352	-0.0473383	-0.0630416	-0.0787452	-0.0944498	
-7.400000e-01	-0.0002362	-0.0159716	-0.0317073	-0.0474428	-0.0631789	-0.0789156	-0.0946529	
-7.600000e-01	-0.000242584	-0.016009	-0.0317759	-0.0475422	-0.0633098	-0.0790774	-0.0948455	
-7.800000e-01	-0.000248968	-0.016045	-0.0318414	-0.0476372	-0.0634343	-0.079231	-0.0950287	
-8.000000e-01	-0.000255351	-0.0160794	-0.0319039	-0.0477281	-0.0635526	-0.0793773	-0.0952029	
-8.200000e-01	-0.000261735	-0.0161125	-0.0319636	-0.047814	-0.0636657	-0.0795171	-0.095369	
-8.400000e-01	-0.000268119	-0.0161442	-0.0320207	-0.0478962	-0.0637741	-0.0796503	-0.0955279	
-8.600000e-01	-0.000274503	-0.0161748	-0.0320754	-0.0479752	-0.0638772	-0.0797777	-0.095679	
-8.800000e-01	-0.000280887	-0.0162043	-0.0321279	-0.0480513	-0.063976	-0.0798999	-0.0958233	
-9.000000e-01	-0.00028727	-0.0162327	-0.0321785	-0.0481244	-0.0640709	-0.0800166	-0.0959614	
-9.200000e-01	-0.000293654	-0.0162601	-0.0322271	-0.0481939	-0.0641619	-0.0801286	-0.096094	
-9.400000e-01	-0.000300038	-0.0162868	-0.0322739	-0.0482607	-0.064249	-0.0802362	-0.0962216	
-9.600000e-01	-0.000306422	-0.0163126	-0.0323189	-0.0483251	-0.0643329	-0.0803392	-0.0963446	
-9.800000e-01	-0.000312806	-0.0163375	-0.0323626	-0.0483872	-0.0644137	-0.0804382	-0.0964631	
-1.000000e+00	-0.000319189	-0.0163617	-0.0324047	-0.0484472	-0.0644913	-0.0805335	-0.0965765	
-1.020000e+00	-0.000325573	-0.0163853	-0.0324453	-0.0485048	-0.064566	-0.0806254	-0.0966858	
-1.040000e+00	-0.000331957	-0.0164083	-0.0324847	-0.0485605	-0.0646382	-0.080714	-0.0967913	
-1.060000e+00	-0.000338341	-0.0164306	-0.0325228	-0.0486145	-0.0647078	-0.0807995	-0.096893	
-1.080000e+00	-0.000344725	-0.0164522	-0.0325598	-0.0486669	-0.064775	-0.0808822	-0.096991	
-1.100000e+00	-0.000351108	-0.0164733	-0.0325957	-0.0487176	-0.0648401	-0.0809625	-0.0970856	
-1.120000e+00	-0.000357492	-0.016494	-0.0326304	-0.0487666	-0.0649033	-0.0810403	-0.0971772	
-1.140000e+00	-0.000363876	-0.0165141	-0.0326643	-0.0488141	-0.0649646	-0.0811152	-0.0972657	
-1.160000e+00	-0.00037026	-0.0165337	-0.0326971	-0.0488602	-0.065024	-0.0811878	-0.0973514	
-1.180000e+00	-0.000376644	-0.0165528	-0.0327291	-0.0489052	-0.0650814	-0.0812581	-0.0974343	
-1.200000e+00	-0.000383027	-0.0165716	-0.0327602	-0.0489487	-0.0651372	-0.0813263	-0.0975149	
-1.220000e+00	-0.000389411	-0.0165899	-0.0327905	-0.0489909	-0.0651914	-0.0813924	-0.097593	
-1.240000e+00	-0.000395795	-0.0166078	-0.0328199	-0.049032	-0.0652443	-0.0814565	-0.0976687	
-1.260000e+00	-0.000402179	-0.0166254	-0.0328486	-0.049072	-0.0652955	-0.0815188	-0.0977423	
-1.280000e+00	-0.000408562	-0.0166426	-0.0328766	-0.0491109	-0.0653452	-0.0815794	-0.0978138	
-1.300000e+00	-0.000414946	-0.0166596	-0.0329039	-0.0491488	-0.0653937	-0.0816383	-0.0978832	
-1.320000e+00	-0.000421329	-0.0166761	-0.0329306	-0.0491857	-0.0654408	-0.0816955	-0.0979505	
-1.340000e+00	-0.000427712	-0.0166924	-0.0329568	-0.0492217	-0.0654869	-0.0817514	-0.098016	
-1.360000e+00	-0.000434096	-0.0167083	-0.0329823	-0.0492569	-0.0655316	-0.0818058	-0.0980797	
-1.380000e+00	-0.000440479	-0.016724	-0.0330073	-0.0492913	-0.0655752	-0.0818588	-0.0981419	
-1.400000e+00	-0.000446863	-0.0167394	-0.0330318	-0.0493249	-0.0656178	-0.0819103	-0.0982025	
-1.420000e+00	-0.000453246	-0.0167546	-0.0330558	-0.0493576	-0.0656594	-0.0819606	-0.0982615	
-1.440000e+00	-0.00045963	-0.0167696	-0.0330794	-0.0493896	-0.0657	-0.0820096	-0.0983191	
-1.460000e+00	-0.000466014	-0.0167843	-0.0331025	-0.0494209	-0.0657396	-0.0820576	-0.0983753	
-1.480000e+00	-0.000472397	-0.0167987	-0.0331252	-0.0494515	-0.0657782	-0.0821045	-0.0984303	
-1.500000e+00	-0.000478781	-0.016813	-0.0331474	-0.0494814	-0.065816	-0.0821505	-0.0984841	
-1.520000e+00	-0.000485165	-0.0168271	-0.0331691	-0.0495108	-0.0658529	-0.0821954	-0.0985369	
-1.540000e+00	-0.000491548	-0.0168409	-0.0331904	-0.0495395	-0.0658891	-0.0822391	-0.0985884	
-1.560000e+00	-0.000497932	-0.0168546	-0.0332114	-0.0495677	-0.0659246	-0.0822818	-0.0986386	
-1.580000e+00	-0.000504316	-0.0168682	-0.033232	-0.0495954	-0.0659593	-0.0823235	-0.0986876	
-1.600000e+00	-0.0005107	-0.0168814	-0.0332522	-0.0496226	-0.0659934	-0.0823645	-0.0987355	
-1.620000e+00	-0.000517083	-0.0168946	-0.0332721	-0.0496494	-0.0660268	-0.0824046	-0.0987824	
-1.640000e+00	-0.000523467	-0.0169075	-0.0332916	-0.0496756	-0.0660595	-0.0824439	-0.0988283	
-1.660000e+00	-0.000529851	-0.0169203	-0.0333108	-0.0497012	-0.0660917	-0.0824824	-0.0988732	
-1.680000e+00	-0.000536235	-0.0169329	-0.0333298	-0.0497265	-0.0661232	-0.0825201	-0.0989172	
-1.700000e+00	-0.000542618	-0.0169454	-0.0333484	-0.0497512	-0.0661542	-0.082557	-0.0989603	
-1.720000e+00	-0.000549002	-0.0169578	-0.0333667	-0.0497756	-0.0661846	-0.0825933	-0.0990025	
-1.740000e+00	-0.000555386	-0.01697	-0.0333848	-0.0497995	-0.0662144	-0.0826289	-0.0990439	
-1.760000e+00	-0.00056177	-0.0169821	-0.0334026	-0.049823	-0.0662437	-0.0826639	-0.0990845	
-1.780000e+00	-0.000568153	-0.016994	-0.0334201	-0.0498461	-0.0662724	-0.0826983	-0.0991244	
-1.800000e+00	-0.000574537	-0.0170059	-0.0334375	-0.0498689	-0.0663006	-0.0827321	-0.0991635	
-1.820000e+00	-0.000580921	-0.0170177	-0.0334546	-0.0498913	-0.0663282	-0.0827651	-0.0992019	
-1.840000e+00	-0.000587304	-0.0170293	-0.0334714	-0.0499134	-0.0663554	-0.0827976	-0.0992396	
-1.860000e+00	-0.000593688	-0.0170408	-0.033488	-0.0499351	-0.0663823	-0.0828296	-0.0992767	
-1.880000e+00	-0.000600072	-0.0170522	-0.0335043	-0.0499565	-0.0664086	-0.082861	-0.0993131	
-1.900000e+00	-0.000606455	-0.0170635	-0.0335205	-0.0499775	-0.0664345	-0.0828919	-0.099349	
-1.920000e+00	-0.000612839	-0.0170747	-0.0335365	-0.0499983	-0.06646	-0.0829223	-0.0993841	
-1.940000e+00	-0.000619223	-0.0170858	-0.0335522	-0.0500188	-0.0664851	-0.0829518	-0.0994187	
-1.960000e+00	-0.000625606	-0.0170968	-0.0335678	-0.050039	-0.0665098	-0.0829785	-0.0994526	
-1.980000e+00	-0.00063199	-0.0171068	-0.0335824	-0.0500589	-0.0665342	-0.0830029	-0.099486	
-2.000000e+00	-0.000637832	-0.0171133	-0.0335912	-0.0500759	-0.0665535	-0.0830246	-0.0995139	
-1.980000e+00	-0.00063199	-0.0171079	-0.0335843	-0.0500588	-0.0665347	-0.0830103	-0.0994862	
-1.960000e+00	-0.000625606	-0.0170967	-0.0335678	-0.0500389	-0.0665102	-0.0829813	-0.0994525	
-1.940000e+00	-0.000619223	-0.0170857	-0.0335522	-0.0500188	-0.0664853	-0.0829519	-0.0994185	
-1.920000e+00	-0.000612839	-0.0170746	-0.0335365	-0.0499983	-0.0664602	-0.082922	-0.0993839	
-1.900000e+00	-0.000606455	-0.0170635	-0.0335205	-0.0499775	-0.0664346	-0.0828917	-0.0993487	
-1.880000e+00	-0.000600071	-0.0170522	-0.0335043	-0.0499565	-0.0664086	-0.0828608	-0.0993129	
-1.860000e+00	-0.000593688	-0.0170408	-0.0334878	-0.0499351	-0.0663822	-0.0828293	-0.0992763	
-1.840000e+00	-0.000587304	-0.0170293	-0.0334712	-0.0499133	-0.0663554	-0.0827972	-0.0992392	
-1.820000e+00	-0.00058092	-0.0170177	-0.0334543	-0.0498912	-0.0663281	-0.0827646	-0.0992014	
-1.800000e+00	-0.000574537	-0.0170059	-0.0334372	-0.0498687	-0.0663004	-0.0827315	-0.099163	
-1.780000e+00	-0.000568153	-0.0169941	-0.03342	-0.0498459	-0.0662722	-0.0826978	-0.099124	
-1.760000e+00	-0.000561769	-0.0169821	-0.0334025	-0.0498228	-0.0662435	-0.0826636	-0.0990844	
-1.740000e+00	-0.000555385	-0.01697	-0.0333847	-0.0497993	-0.0662142	-0.0826288	-0.0990436	
-1.720000e+00	-0.000549002	-0.0169578	-0.0333666	-0.0497755	-0.0661843	-0.0825934	-0.099002	
-1.700000e+00	-0.000542618	-0.0169454	-0.0333482	-0.0497512	-0.0661539	-0.0825569	-0.0989595	
-1.680000e+00	-0.000536234	-0.0169329	-0.0333295	-0.0497263	-0.0661229	-0.0825197	-0.0989163	
-1.660000e+00	-0.000529851	-0.0169202	-0.0333105	-0.049701	-0.0660914	-0.0824818	-0.0988724	
-1.640000e+00	-0.000523467	-0.0169074	-0.0332913	-0.0496753	-0.0660594	-0.0824433	-0.0988276	
-1.620000e+00	-0.000517083	-0.0168945	-0.0332718	-0.0496492	-0.0660269	-0.082404	-0.0987821	
-1.600000e+00	-0.000510699	-0.0168814	-0.033252	-0.0496226	-0.0659937	-0.0823641	-0.0987353	
-1.580000e+00	-0.000504316	-0.0168681	-0.0332319	-0.0495956	-0.0659595	-0.0823235	-0.0986872	
-1.560000e+00	-0.000497932	-0.0168546	-0.0332112	-0.0495681	-0.0659245	-0.0822818	-0.098638	
-1.540000e+00	-0.000491548	-0.0168409	-0.0331902	-0.0495397	-0.0658889	-0.0822387	-0.0985878	
-1.520000e+00	-0.000485165	-0.016827	-0.0331688	-0.0495108	-0.0658527	-0.0821948	-0.0985366	
-1.500000e+00	-0.000478781	-0.016813	-0.033147	-0.0494813	-0.0658157	-0.0821499	-0.0984844	
-1.480000e+00	-0.000472397	-0.0167988	-0.0331249	-0.0494513	-0.0657781	-0.0821042	-0.0984312	
-1.460000e+00	-0.000466013	-0.0167844	-0.0331025	-0.0494207	-0.0657398	-0.0820575	-0.0983769	
-1.440000e+00	-0.00045963	-0.0167696	-0.0330797	-0.0493896	-0.0657	-0.0820099	-0.0983202	
-1.420000e+00	-0.000453246	-0.0167546	-0.0330562	-0.0493579	-0.0656591	-0.0819614	-0.0982622	
-1.400000e+00	-0.000446862	-0.0167395	-0.0330321	-0.0493249	-0.0656173	-0.0819111	-0.0982028	
-1.380000e+00	-0.000440479	-0.016724	-0.0330074	-0.0492911	-0.0655745	-0.0818591	-0.0981421	
-1.360000e+00	-0.000434095	-0.0167084	-0.0329823	-0.0492566	-0.0655309	-0.0818059	-0.0980801	
-1.340000e+00	-0.000427711	-0.0166926	-0.0329566	-0.0492213	-0.0654863	-0.0817514	-0.0980167	
-1.320000e+00	-0.000421327	-0.0166763	-0.0329305	-0.0491853	-0.0654408	-0.0816955	-0.0979519	
-1.300000e+00	-0.000414944	-0.0166597	-0.0329039	-0.0491485	-0.0653937	-0.0816384	-0.0978848	
-1.280000e+00	-0.00040856	-0.0166427	-0.0328768	-0.049111	-0.0653448	-0.0815797	-0.0978151	
-1.260000e+00	-0.000402176	-0.0166255	-0.0328488	-0.0490721	-0.0652947	-0.0815186	-0.0977435	
-1.240000e+00	-0.000395792	-0.0166079	-0.0328199	-0.0490321	-0.0652434	-0.0814558	-0.0976697	
-1.220000e+00	-0.000389409	-0.0165899	-0.0327904	-0.0489909	-0.0651908	-0.0813915	-0.0975938	
-1.200000e+00	-0.000383025	-0.0165716	-0.0327601	-0.0489487	-0.065137	-0.0813255	-0.0975156	
-1.180000e+00	-0.000376641	-0.0165529	-0.032729	-0.0489052	-0.0650819	-0.0812578	-0.0974351	
-1.160000e+00	-0.000370258	-0.0165337	-0.0326971	-0.0488606	-0.0650252	-0.0811885	-0.0973522	
-1.140000e+00	-0.000363874	-0.016514	-0.0326644	-0.0488148	-0.0649657	-0.0811158	-0.0972668	
-1.120000e+00	-0.00035749	-0.0164939	-0.0326309	-0.0487677	-0.0649042	-0.0810407	-0.0971777	
-1.100000e+00	-0.000351106	-0.0164732	-0.0325962	-0.0487187	-0.0648408	-0.0809633	-0.0970856	
-1.080000e+00	-0.000344723	-0.0164521	-0.0325602	-0.048668	-0.0647754	-0.0808836	-0.0969905	
-1.060000e+00	-0.000338339	-0.0164304	-0.0325232	-0.0486156	-0.0647078	-0.0808017	-0.0968921	
-1.040000e+00	-0.000331955	-0.0164082	-0.0324849	-0.0485615	-0.064638	-0.0807159	-0.0967904	
-1.020000e+00	-0.000325571	-0.0163854	-0.0324455	-0.0485056	-0.0645659	-0.0806264	-0.0966852	
-1.000000e+00	-0.000319188	-0.0163621	-0.0324048	-0.0484478	-0.0644915	-0.0805339	-0.0965765	
-9.800000e-01	-0.000312804	-0.0163378	-0.0323628	-0.048388	-0.0644138	-0.0804383	-0.0964641	
-9.600000e-01	-0.00030642	-0.0163127	-0.0323195	-0.0483263	-0.0643324	-0.0803396	-0.0963471	
-9.400000e-01	-0.000300036	-0.0162868	-0.0322743	-0.0482615	-0.0642478	-0.0802368	-0.096224	
-9.200000e-01	-0.000293653	-0.01626	-0.0322271	-0.048194	-0.06416	-0.0801284	-0.0960959	
-9.000000e-01	-0.000287269	-0.0162324	-0.0321782	-0.0481238	-0.0640687	-0.0800158	-0.0959624	
-8.800000e-01	-0.000280885	-0.0162039	-0.0321273	-0.0480508	-0.0639738	-0.0798989	-0.0958233	
-8.600000e-01	-0.000274501	-0.0161745	-0.0320745	-0.0479749	-0.0638752	-0.0797778	-0.0956783	
-8.400000e-01	-0.000268118	-0.0161442	-0.0320197	-0.0478959	-0.0637728	-0.0796492	-0.0955273	
-8.200000e-01	-0.000261734	-0.0161127	-0.0319628	-0.0478138	-0.0636664	-0.0795152	-0.0953693	
-8.000000e-01	-0.00025535	-0.0160796	-0.0319036	-0.0477285	-0.0635536	-0.0793757	-0.0952017	
-7.800000e-01	-0.000248966	-0.0160451	-0.0318416	-0.047638	-0.0634347	-0.0792308	-0.0950259	
-7.600000e-01	-0.000242583	-0.0160091	-0.031776	-0.0475427	-0.0633099	-0.0790775	-0.0948416	
-7.400000e-01	-0.000236199	-0.0159715	-0.0317072	-0.0474428	-0.063179	-0.0789153	-0.0946483	
-7.200000e-01	-0.000229815	-0.0159324	-0.031635	-0.0473378	-0.0630414	-0.0787453	-0.0944455	
-7.000000e-01	-0.000223431	-0.0158915	-0.0315592	-0.0472275	-0.0628971	-0.078567	-0.094233	
-6.800000e-01	-0.000217048	-0.0158482	-0.0314797	-0.0471118	-0.0627438	-0.0783754	-0.0940093	
-6.600000e-01	-0.000210664	-0.0158025	-0.0313956	-0.046988	-0.0625802	-0.0781736	-0.0937686	
-6.400000e-01	-0.00020428	-0.0157544	-0.0313056	-0.0468564	-0.0624069	-0.0779614	-0.0935132	
-6.200000e-01	-0.000197896	-0.0157037	-0.0312104	-0.0467169	-0.0622235	-0.0777342	-0.0932422	
-6.000000e-01	-0.000191513	-0.0156505	-0.0311096	-0.0465692	-0.0620293	-0.0774915	-0.0929545	
-5.800000e-01	-0.000185129	-0.0155944	-0.0310028	-0.0464127	-0.0618239	-0.0772351	-0.0926491	
-5.600000e-01	-0.000178745	-0.0155349	-0.0308899	-0.046247	-0.0616058	-0.0769633	-0.0923173	
-5.400000e-01	-0.000172361	-0.0154706	-0.0307691	-0.0460679	-0.0613684	-0.0766663	-0.0919615	
-5.200000e-01	-0.000165978	-0.0154013	-0.0306377	-0.0458741	-0.0611107	-0.0763489	-0.0915801	
-5.000000e-01	-0.000159594	-0.0153274	-0.0304964	-0.0456655	-0.0608343	-0.0760058	-0.0911716	
-4.800000e-01	-0.00015321	-0.0152484	-0.0303444	-0.045441	-0.060537	-0.0756341	-0.0907342	
-4.600000e-01	-0.000146826	-0.0151628	-0.0301803	-0.0451972	-0.0602143	-0.0752362	-0.0902542	
-4.400000e-01	-0.000140443	-0.0150702	-0.0299994	-0.0449292	-0.0598633	-0.0747949	-0.0897283	
-4.200000e-01	-0.000134059	-0.0149693	-0.0298024	-0.0446374	-0.0594793	-0.0743165	-0.0891546	
-4.000000e-01	-0.000127675	-0.0148588	-0.0295879	-0.0443199	-0.059057	-0.0737866	-0.0885273	
-3.800000e-01	-0.000121291	-0.0147374	-0.0293545	-0.0439736	-0.0585911	-0.0732089	-0.0878248	
-3.600000e-01	-0.000114908	-0.0146032	-0.0290934	-0.0435834	-0.0580736	-0.0725614	-0.0870478	
-3.400000e-01	-0.000108524	-0.0144541	-0.0287992	-0.0431458	-0.057497	-0.0718463	-0.0861892	
-3.200000e-01	-0.00010214	-0.0142862	-0.0284717	-0.042658	-0.0568449	-0.0710365	-0.0852273	
-3.000000e-01	-9.57563e-05	-0.0140973	-0.0281014	-0.0421062	-0.0561085	-0.0701189	-0.0841259	
-2.800000e-01	-8.93726e-05	-0.0138842	-0.0276799	-0.0414769	-0.055275	-0.069072	-0.082876	
-2.600000e-01	-8.29888e-05	-0.0136394	-0.0271949	-0.0407523	-0.0543156	-0.0678694	-0.0814219	
-2.400000e-01	-7.66051e-05	-0.0133521	-0.0266305	-0.0399095	-0.0531854	-0.0664694	-0.0797381	
-2.200000e-01	-7.02213e-05	-0.0130184	-0.0259684	-0.0389185	-0.0518688	-0.0648227	-0.0777766	
-2.000000e-01	-6.38375e-05	-0.012623	-0.0251809	-0.0377409	-0.0503047	-0.0628673	-0.0754227	
-1.800000e-01	-5.74538e-05	-0.0121475	-0.0242372	-0.036327	-0.0484194	-0.0605084	-0.0725952	
-1.600000e-01	-5.107e-05	-0.0115692	-0.0230867	-0.034604	-0.0461223	-0.0576436	-0.0691516	
-1.400000e-01	-4.46863e-05	-0.0108637	-0.0216811	-0.0324975	-0.0433148	-0.0541288	-0.0649332	
-1.200000e-01	-3.83025e-05	-0.00999487	-0.0199456	-0.0298955	-0.0398513	-0.0497892	-0.0597206	
-1.000000e-01	-3.19188e-05	-0.00892317	-0.0178063	-0.0266882	-0.0355754	-0.0444395	-0.053311	
-8.000000e-02	-2.5535e-05	-0.00761073	-0.0151927	-0.0227702	-0.0303414	-0.0379074	-0.0454661	
-6.000000e-02	-1.91512e-05	-0.00604089	-0.0120538	-0.0180635	-0.0240777	-0.0300767	-0.0360718	
-4.000000e-02	-1.27675e-05	-0.00421532	-0.00839739	-0.0125847	-0.0167937	-0.0209486	-0.0251321	
-2.000000e-02	-6.38373e-06	-0.00216409	-0.00431459	-0.00646418	-0.00862271	-0.0107941	-0.0129444	
0.000000e+00	2.81815e-11	1.68094e-06	3.20137e-06	4.77831e-06	6.66469e-06	-5.22811e-06	2.21124e-06	
