output_cell1,output_cell2,output_cell3,output_cell4,output_cell5,output_cell6,output_cell7,output_cell8
Voltage,"Current, 0 suns","Current, 1 suns","Current, 2 suns","Current, 3 suns","Current, 4 suns","Current, 5 suns","Current, 6 suns"
0,5.08930682364637e-11,1.59166979653596e-06,3.18328831012984e-06,4.7749064080159e-06,6.36652408781437e-06,7.95814137153806e-06,9.54975825879502e-06
0.02,6.38382017459007e-06,0.00216522149687678,0.00432330440602908,0.00647880198893013,0.00862690751862038,0.0107792863048739,0.0129280292764182
0.04,1.27675893094283e-05,0.00420819808605283,0.0083985353154924,0.0125900078048574,0.0167681506719573,0.0209580390162582,0.0251361112827289
0.06,1.91513579797682e-05,0.00603920795057136,0.0120550295424997,0.0180739794194043,0.0240703946824278,0.030090220242405,0.0360889438595247
0.08,2.55351255010863e-05,0.00761440440659226,0.0152005122158402,0.0227836220101346,0.030354608482287,0.0379298343446474,0.0454947467534533
0.1,3.19188926801424e-05,0.00892514420730459,0.0178187728396417,0.0267039160834566,0.0355844159134334,0.0444654763390569,0.0533442249744299
0.12,3.83026598591986e-05,0.00999802479435883,0.0199562707717457,0.0299104911101454,0.0398642778650424,0.0498138556930648,0.0597642509055502
0.14,4.46864257181019e-05,0.0108661550074131,0.0216852037025633,0.0325071632119066,0.0433241750415483,0.054138434090477,0.0649621298240046
0.16,5.1070191283638e-05,0.0115731469315172,0.023095843047673,0.0346157868763487,0.0461380143934281,0.0576576802211017,0.069182126757302
0.18,5.74539568736213e-05,0.0121498175355178,0.0242423640939113,0.0363354612237299,0.0484290324368704,0.060522805925647,0.072621760908897
0.2,6.38377197010625e-05,0.0126257049372303,0.0251889520785083,0.0377500688739393,0.0503157926065885,0.0628782344282772,0.0754456863186672
0.22,7.02214821617946e-05,0.0130214191979046,0.0259741700644244,0.0389283948679669,0.0518808607486381,0.0648392523970526,0.0777905507836791
0.24,7.66052446225267e-05,0.0133551252781732,0.0266353209511619,0.0399155025565004,0.053197327512183,0.0664817557923429,0.0797637217038842
0.26,8.29890043940585e-05,0.0136407982908548,0.0271996478690716,0.040757673492335,0.0543210922477705,0.0678839672327701,0.0814518150479969
0.28,8.93727640189067e-05,0.0138869488593556,0.0276852147512381,0.0414814161296864,0.0552865022400425,0.0690889605763955,0.0828918382331319
0.3,9.57565236437549e-05,0.0141014158528948,0.0281075582183801,0.0421161942087123,0.0561249835007159,0.0701340468141143,0.0841442469103814
0.32,0.00010214028329305,0.0142894668415071,0.0284776568981958,0.0426697248980936,0.0568578703935703,0.0710496482889003,0.0852423896899308
0.34,0.000108524042917898,0.014456610933378,0.0288059956684235,0.0431570934679766,0.0575068420419397,0.0718587950955017,0.0862121022471165
0.36,0.000114907802542747,0.0146057870796195,0.0290989226321907,0.0435909047968939,0.0580841127204302,0.0725796525536863,0.0870741474370577
0.38,0.000121291562192042,0.0147403063587383,0.029360667240143,0.0439795660965603,0.0586024449540619,0.0732241022002083,0.0878448996303715
0.4,0.00012767532181689,0.0148618046522605,0.0295970337498742,0.0443312692693918,0.0590689289698249,0.0738055086629397,0.0885400937442682
0.42,0.000134059080586084,0.0149723074526308,0.0298108168436109,0.0446514659350538,0.059491496000888,0.0743338153102515,0.0891714603737573
0.44,0.000140442834905873,0.0150736072280356,0.030006180615144,0.044940940905486,0.0598770249842759,0.0748116847096446,0.0897466677678157
0.46,0.000146826589225663,0.0151660396132776,0.0301863773067041,0.0452060590506436,0.0602272331378438,0.075247770882431,0.0902715422369922
0.48,0.0001532103435699,0.0152512765184399,0.0303508734271529,0.0454503851376556,0.0605489790719159,0.0756504203240555,0.0907526007184367
0.5,0.000159594097889689,0.0153307206667616,0.0305028574794719,0.0456753367797123,0.0608476520251229,0.0760211935756919,0.0911956664643809
0.52,0.000165977852209479,0.0154046278550024,0.030643441628795,0.0458836772697103,0.0611234789040333,0.0763630176109479,0.0916050103024758
0.54,0.000172361606553715,0.0154732779824876,0.030774639489668,0.0460767522791508,0.0613787131414524,0.0766803968982048,0.0919856910896211
0.56,0.000178745360873505,0.0155374405751175,0.0308967996734816,0.0462565048651419,0.0616160420063309,0.0769766386140853,0.092338865432842
0.58,0.000185129115193294,0.0155976645336552,0.0310110522703927,0.0464245772351275,0.0618378134814588,0.0772519400410862,0.0926682272704041
0.6,0.000191512867850669,0.0156543326646674,0.0311180531663024,0.0465812549971383,0.0620451025290751,0.0775094107001728,0.0929751549810046
0.62,0.000197896617769949,0.0157077816622302,0.0312183832556491,0.0467278084871091,0.0622394601117902,0.0777505108409069,0.0932629436970594
0.64,0.000204280367689229,0.0157583014602531,0.0313127443678496,0.0468660728352504,0.0624220018215014,0.0779774478846582,0.0935334321439241
0.66,0.000210664117608509,0.0158060978161512,0.0314015899550425,0.0469970233152021,0.0625939654638482,0.0781906891238833,0.093787219772713
0.68,0.000217047867503342,0.0158513956880874,0.0314855696187163,0.0471208237393645,0.0627558114690064,0.078391961161227,0.0940269715906168
0.7,0.000223431617422622,0.0158944153613248,0.0315652159386802,0.047237491869117,0.0629087861171393,0.0785818186959214,0.0942533360214181
0.72,0.000229815367341902,0.0159354492360145,0.0316411483706861,0.0473480892696112,0.0630541215623349,0.0787613760449265,0.0944676346449663
0.74,0.000236199117261182,0.0159746483635524,0.0317136878242629,0.0474528446484129,0.0631924248758769,0.0789313014984591,0.094671404087867
0.76,0.000242582867180462,0.0160120754788385,0.0317822458820296,0.0475524162455447,0.0633228224418887,0.0790926334122055,0.0948641760551699
0.78,0.000248966611941366,0.0160480122758217,0.0318476011700214,0.0476472424627135,0.0634469237115959,0.0792463877054188,0.0950474808097014
0.8,0.000255350353132969,0.0160825921672419,0.0319100430854412,0.0477376218177062,0.0635654250762991,0.0793933461011005,0.0952219717777939
0.82,0.000261734094349019,0.0161156464718649,0.0319696551980753,0.047824080397037,0.0636783310918757,0.079532712400967,0.0953880946445335
0.84,0.000268117835540622,0.0161474390425122,0.032026780145683,0.0479066967124178,0.063786051666107,0.0796659517219051,0.0955467479488845
0.86,0.000274501576732225,0.0161780849622152,0.0320816756128176,0.0479857809512171,0.0638893109418562,0.0797937285715497,0.0956978558273661
0.88,0.000280885317923828,0.0162075654346588,0.0321342639795955,0.0480616162627005,0.0639885275927139,0.0799161571686111,0.0958422250611454
0.9,0.00028726905911543,0.0162360170216756,0.0321848217770129,0.0481341239136989,0.0640831947240175,0.0800329188447762,0.0959805763829338
0.92,0.000293652800307033,0.0162635304480987,0.0322335506769429,0.0482037647077089,0.0641740950668971,0.0801449464952117,0.0961135199990702
0.94,0.000300036541498636,0.0162901311174177,0.0322804327049074,0.0482707922458501,0.0642615624589966,0.0802526577860463,0.09624100417443
0.96,0.000306420282690239,0.0163158877800832,0.0323255910490418,0.0483354538546585,0.0643456281545641,0.0803558554979798,0.0963633853572618
0.98,0.000312804023881841,0.0163408849982112,0.0323691929663329,0.0483974371214799,0.0644263363560175,0.0804547492543804,0.0964813799423041
1,0.000319187765073444,0.0163651190175295,0.0324112397370255,0.0484572007206402,0.0645040797181919,0.080549786878694,0.0965954595156819
1.02,0.000325571502035668,0.0163886056192651,0.032451797500812,0.0485149278308508,0.0645790878886969,0.0806412396015971,0.0967053774296609
1.04,0.000331955236015325,0.0164114510444607,0.0324910298295255,0.0485708016308375,0.0646511753523721,0.0807296962058596,0.0968107326688775
1.06,0.000338338969970534,0.0164337119027949,0.0325290399174342,0.0486247102099866,0.0647207502527071,0.0808153407620434,0.0969123339004696
1.08,0.000344722703950191,0.01645544480391,0.0325659309587584,0.0486768486827099,0.0647880099997686,0.080898491137599,0.0970104310449313
1.1,0.000351106437929848,0.0164765987717418,0.0326016608158832,0.0487274008453611,0.0648531458269744,0.0809790246788066,0.0971051917876778
1.12,0.000357490171909504,0.0164971466074614,0.0326363863626884,0.0487765029053462,0.0649163489676965,0.08105605092934,0.0971966116083402
1.14,0.000363873905864713,0.0165171972112063,0.0326701987054541,0.0488240728733218,0.0649773268660004,0.0811306437996578,0.0972850354526617
1.16,0.00037025763984437,0.0165367858848272,0.0327031853276444,0.0488701338231506,0.0650364653384241,0.0812029992981971,0.0973706690826296
1.18,0.000376641373824027,0.0165559479301138,0.0327353219117846,0.048914868728774,0.0650939244425977,0.0812733134334723,0.0974536948248755
1.2,0.000383025107803683,0.0165746791061358,0.0327664361269859,0.0489583648672405,0.0651498495168301,0.0813417822139391,0.0975340484528674
1.22,0.000389408841758893,0.0165929822930628,0.0327967341708396,0.049000645929698,0.0652043858993954,0.0814083112866968,0.0976120340685971
1.24,0.000395792575738549,0.0166109127593599,0.0328262611467897,0.0490416972134035,0.0652570642204806,0.0814723956991907,0.0976878205466565
1.26,0.000402176304975434,0.0166284978318231,0.0328550621583663,0.0490816452721878,0.0653082593208786,0.081534676123074,0.0977615767615911
1.28,0.00040856003088749,0.0166457648373094,0.0328831365945445,0.049120554896977,0.0653580853626531,0.0815952734761602,0.0978328600846368
1.3,0.000414943756823993,0.0166626938672905,0.0329105211599815,0.0491584636388146,0.0654066278708968,0.0816543086762527,0.097902117518689
1.32,0.000421327482736049,0.016679271524317,0.0329372681286176,0.0491953303285276,0.0654539723706176,0.0817119026411562,0.0979695197871476
1.34,0.000427711208648105,0.0166955499074858,0.0329634151901402,0.0492312890980147,0.0654998652973401,0.0817679719448146,0.0980351957799424
1.36,0.000434094934584608,0.0167115466402499,0.0329889972724894,0.0492663966036924,0.0655445085884823,0.0818222011509665,0.0980992743870652
1.38,0.000440478660496664,0.0167272793460744,0.033013995333634,0.0493007095020506,0.0655879754101259,0.0818749934418608,0.0981618844984494
1.4,0.00044686238640872,0.016742740051847,0.0330384709531616,0.0493342844495066,0.0656303174301438,0.0819264206440355,0.0982227372887901
1.42,0.000453246112332999,0.0167579231960202,0.0330624555703014,0.0493671781025265,0.0656715863163972,0.0819765545840783,0.0982817679233094
1.44,0.000459629838257279,0.0167728603414427,0.0330859806242707,0.0493992617219888,0.0657120199673974,0.0820254670885409,0.0983393250960479
1.46,0.000466013564169335,0.0167875637543019,0.0331090200105013,0.0494305347108756,0.0657516119470989,0.0820732286552307,0.0983954882554294
1.48,0.000472397290081391,0.0168020457007608,0.0331315457699773,0.0494611399679316,0.0657904179454056,0.0821199085976082,0.0984503368498784
1.5,0.000478781013866533,0.0168163022879574,0.0331536459547492,0.0494911151162975,0.0658285087196631,0.0821655804029787,0.0985039503278695
1.52,0.000485164736135945,0.0168303351100372,0.0331753451564506,0.0495204977791262,0.0658659550271689,0.0822103156000442,0.0985563652726706
1.54,0.000491548458429804,0.0168441686918698,0.0331966679667644,0.0495493255795467,0.0659022010167185,0.0822541857175068,0.0986074422359102
1.56,0.000497932180699216,0.0168578136679338,0.0332176389773249,0.0495776361407002,0.0659376121685812,0.0822972622840818,0.0986573956026738
1.58,0.000504315900866162,0.0168712806727444,0.0332382827797904,0.0496052765210798,0.0659722963921718,0.082339427785433,0.0987062880256751
1.6,0.000510699619566272,0.0168845803407804,0.0332586172101091,0.049632382611499,0.0660062934411603,0.0823804369908614,0.0987541821576284
1.62,0.000517083338290829,0.0168977233065203,0.0332784710523111,0.0496589886926804,0.0660396430692781,0.0824205757205549,0.098801140651249
1.64,0.000523467056990939,0.0169107175922637,0.0332979925666799,0.049685121247009,0.0660723850301836,0.0824598758101993,0.0988472261592891
1.66,0.000529850774370896,0.0169235062981896,0.0333171969803461,0.0497108067568575,0.0661045590775597,0.082498369095529,0.0988922018790536
1.68,0.000536234490846303,0.0169361430084816,0.0333360995204402,0.0497360717046111,0.0661361363580738,0.0825360874122667,0.0989362106556136
1.7,0.000542618207297264,0.0169486351532285,0.0333547154140563,0.0497608987950944,0.0661669651975454,0.0825730581089238,0.098979348091938
1.72,0.000549001923748224,0.0169609901625072,0.0333730598883371,0.0497852234739363,0.0661972309003196,0.0826093067527346,0.0990216540666313
1.74,0.000555385638561217,0.0169732154664185,0.033391148170389,0.0498091376736887,0.0662269603333483,0.0826448700980676,0.0990631684583105
1.76,0.000561769352249635,0.0169853184950269,0.0334089474206044,0.0498326591536321,0.0662561803635467,0.082679779251433,0.0991039311455561
1.78,0.000568153065938053,0.0169973066784215,0.0334264715057454,0.0498558056729982,0.0662849178578301,0.0827140653194026,0.0991439020143763
1.8,0.000574536779602024,0.0170091576505606,0.0334437529295379,0.049878594991019,0.0663131996831021,0.0827477594084995,0.0991830382211301
1.82,0.000580920491823606,0.0170208731461127,0.0334608033623643,0.0499010448669752,0.0663410527062904,0.0827808926252838,0.0992214475828663
1.84,0.000587304202969508,0.0170324744626876,0.0334776344746316,0.0499231162569569,0.0663683778640122,0.0828133920630255,0.099259157844093
1.86,0.000593687914139857,0.0170439666393208,0.0334942579367347,0.0499448272686431,0.0663951948142937,0.0828453097702456,0.099296196749331
1.88,0.000600071625310206,0.0170553547150599,0.0335106854190807,0.04996621163817,0.0664215800734792,0.0828766941180702,0.0993325920430889
1.9,0.000606455334964824,0.0170666437289283,0.033526912451314,0.0499872822590167,0.066447551493565,0.0829075683667079,0.099368366224335
1.92,0.000612839043568209,0.0170778387195836,0.033542895805789,0.0500080520246379,0.0664731269265478,0.0829379557763306,0.0994034554823144
1.94,0.000619222752171594,0.0170887763604862,0.0335586688747068,0.0500285338284707,0.0664983242244359,0.0829678796071353,0.0994379256229065
1.96,0.000625606460774979,0.01709818806966,0.0335742345049156,0.0500487336047931,0.0665231612392386,0.0829973488818137,0.0994717940020458
1.98,0.000631990166823895,0.01710643266881,0.033589595536651,0.050068433215641,0.066547652562324,0.083026207956708,0.0995050779726002
2,0.000637966046112428,0.0171132893108365,0.0336008575464046,0.0500876065453377,0.0665682059997833,0.0830541782537434,0.0995339053535632
1.98,0.000631990068032007,0.0171112283566693,0.0335895717396536,0.050068431668382,0.0665472582364431,0.083026115760988,0.0995052837906443
1.96,0.000625606359196645,0.0170998956569707,0.0335741958663896,0.0500484962875155,0.0665228459574976,0.0829972063722654,0.0994715817458393
1.94,0.000619222651387796,0.0170889062231738,0.0335586110114498,0.0500283264069918,0.0664978652484967,0.0829678151883242,0.0994375913787671
1.92,0.000612838943041107,0.0170778206608542,0.033542830991219,0.0500078552735827,0.0664725883809955,0.082937954126259,0.0994030317527016
1.9,0.000606455230795078,0.0170666465192638,0.0335268566275839,0.0499870850058151,0.0664473115135246,0.0829075971813242,0.0993678229901877
1.88,0.000600071517693394,0.0170553667858621,0.0335106784270572,0.049965958486413,0.0664210458988218,0.082876732020154,0.099331942292448
1.86,0.000593687804579487,0.0170439792630839,0.0334942891244594,0.0499444436671652,0.0663947306118519,0.0828453006191297,0.0992954447000974
1.84,0.00058730409146558,0.0170324832347339,0.0334776376159429,0.0499226044201313,0.0663679590544614,0.0828132290813862,0.0992583302131386
1.82,0.000580920378363896,0.0170208698019923,0.0334607469377709,0.0499004407452875,0.0663405148778463,0.0827806053894432,0.0992205988315868
1.8,0.000574536665249989,0.0170091071798695,0.0334436306704899,0.0498779526426592,0.0663130707012531,0.0827474295433155,0.0991822505554323
1.78,0.000568152952148305,0.0169972256765931,0.0334262888140758,0.0498551401122225,0.0662848376240643,0.0827137015429929,0.0991432853846783
1.76,0.000561769239034398,0.0169852252921266,0.0334087213685413,0.0498320031540028,0.0662560199665509,0.0826794213884775,0.0991034560650273
1.74,0.000555385525932714,0.0169731060264944,0.0333909283338744,0.0498085417679762,0.0662267152143663,0.082644589079784,0.0990626157504756
1.72,0.000549001812818807,0.016960867879709,0.0333729097101002,0.0497847559541683,0.0661969233675119,0.0826092046169026,0.0990210155603811
1.7,0.000542618099704899,0.0169485108517336,0.0333546654971944,0.0497606457125676,0.0661666444259773,0.0825729385996156,0.0989786554947597
1.68,0.000536234386590992,0.0169360349426174,0.033336014856754,0.0497360237182667,0.0661358783897764,0.0825357268558427,0.0989355355536035
1.66,0.000529850673489308,0.0169234401523116,0.0333169893518238,0.0497106919598324,0.0661045773464742,0.0824978162533817,0.0988916557369289
1.64,0.000523466952613391,0.0169106671328818,0.0332976749090343,0.0496849205146538,0.0660723542687224,0.0824592067922239,0.0988470160447278
1.62,0.000517083231285199,0.0168976364976474,0.0332780715284107,0.0496587093827323,0.0660395229525215,0.0824198984723969,0.098801288028711
1.6,0.000510699509944784,0.0168844492947236,0.0332581792099535,0.0496320585640692,0.0660060833979229,0.082379891293892,0.0987541766732007
1.58,0.000504315788628816,0.0168711055241226,0.0332379979536633,0.0496049680586535,0.0659720356048925,0.0823391852567003,0.098706090823964
1.56,0.000497932067300624,0.0168576051858447,0.0332175277595161,0.0495774378664988,0.0659373795734326,0.0822977803608503,0.0986570304809582
1.54,0.000491548345960209,0.0168439482798778,0.033196768627525,0.0495494679876188,0.0659021153035703,0.0822549205535671,0.0986069956442139
1.52,0.000485164624644241,0.0168301348062343,0.0331754867538052,0.0495209171670285,0.0658660057273096,0.0822109236435828,0.0985559863137374
1.5,0.000478780903303825,0.0168161647649022,0.0331536311705591,0.0494912707740485,0.0658287697753183,0.0821659960579809,0.0985040024895231
1.48,0.000472397181975633,0.0168020381559061,0.0331313847836597,0.0494610183199977,0.0657907476786632,0.0821201377967667,0.09845064052044
1.46,0.000466013460635218,0.01678762631186,0.0331087475931201,0.049430159804854,0.0657519394373724,0.0820733488599091,0.0983953808262931
1.44,0.00045962973931925,0.0167728863504361,0.0330857195989412,0.0493986952286441,0.0657123450514132,0.0820256292474378,0.0983388440532815
1.42,0.000453246017991058,0.0167579212915807,0.033062300801124,0.0493666245913699,0.0656719645208137,0.0819769789593588,0.0982810302013781
1.4,0.000446862296100579,0.0167427311352942,0.0330384911996574,0.0493339478930096,0.0656307978455781,0.0819273979956907,0.0982219392706417
1.38,0.000440478566558103,0.0167273158815768,0.0330142907945423,0.0493006651335899,0.0655882071794535,0.0818754476963757,0.0981615712610455
1.36,0.000434094837015627,0.0167116755304411,0.0329894499749734,0.0492667566770396,0.0655442387575187,0.0818221519233789,0.0980999261726121
1.34,0.000427711107473151,0.0166958100818754,0.0329637303585953,0.0492313668675689,0.0654992112296679,0.0817675262541204,0.0980366078766587
1.32,0.000421327377918451,0.0166794882615481,0.0329374365675323,0.0491951330106107,0.0654531245958704,0.0817115706885846,0.0979707986092322
1.3,0.000414943648388198,0.0166628116805337,0.0329105686017861,0.0491580551061689,0.0654059788561569,0.0816542852268183,0.0979031581035575
1.28,0.000408559918833498,0.016645832481544,0.0328831264613708,0.0491201331542721,0.0653577740105461,0.0815956698688071,0.0978336239512225
1.26,0.000402176189291022,0.0166285506645672,0.0328551101462637,0.0490813671548994,0.0653085100590202,0.08153488086057,0.0977621337438157
1.24,0.000395792459736322,0.0166109662296038,0.0328264299840636,0.0490417571080552,0.0652573022830959,0.0814720612209198,0.0976886250729031
1.22,0.00038940873020607,0.0165930791766543,0.0327966943102987,0.0490007472876716,0.0652045476011095,0.0814075551981031,0.0976130355300759
1.2,0.00038302500065137,0.0165748653561519,0.0327662341259085,0.0489582269995494,0.0651502810839173,0.0813413627921342,0.0975353027069025
1.18,0.000376641271108894,0.0165559669358506,0.0327350494308955,0.048914577807581,0.0650944514692075,0.0812734840030279,0.0974553641949902
1.16,0.000370257541566418,0.0165366625882983,0.0327031402252623,0.0488697997117849,0.0650370074946447,0.0812039188307997,0.0973724113942903
1.14,0.000363873808833572,0.0165169523135328,0.032670506509024,0.0488238927121554,0.0649778978978821,0.0811320026118634,0.097286285032598
1.12,0.000357490062410252,0.0164968361115058,0.0326371482821591,0.0487768568086989,0.0649170714165859,0.0810568118656108,0.0971973042513547
1.1,0.000351106315986933,0.0164763139822548,0.0326022429813389,0.0487285769645873,0.0648543006133066,0.0809792865633385,0.0971053618784598
1.08,0.000344722569563613,0.0164553859257564,0.0325663041129365,0.0486776456947006,0.0647888462439294,0.0808994267050466,0.0970103507418395
1.06,0.000338338823152517,0.0164338764413258,0.0325293589237725,0.0486250512541913,0.064721157320848,0.080817232290797,0.0969121636694362
1.04,0.000331955076741421,0.01641149693327,0.0324914074139002,0.0485707936430464,0.0646511416635692,0.080732372372383,0.0968106934891704
1.02,0.000325571330318101,0.0163885188806603,0.0324524495832757,0.0485148728612775,0.0645787070915763,0.0806428399730814,0.0967058330289789
1,0.000319187583894782,0.0163649422835229,0.0324115807418635,0.048457163769057,0.064503761424355,0.0805501540770649,0.0965974751167779
0.98,0.000312803837471462,0.016340767141847,0.0323692221721946,0.0483967033068496,0.0644262124813932,0.0804543146843855,0.0964833566741603
0.96,0.000306420091048143,0.0163158152939492,0.0323255021030961,0.0483341889886027,0.0643459680821931,0.0803553217950839,0.0963644821767433
0.94,0.000300036344624823,0.0162898686953772,0.0322804205345875,0.0482696208143455,0.0642621494569594,0.0802531754092037,0.096240904554995
0.92,0.000293652598213727,0.0162631529885193,0.0322339774666768,0.0482029987840831,0.0641743077099345,0.0801448943965097,0.0961124331949393
0.9,0.000287268851790407,0.0162356681734268,0.0321851953087204,0.048133987148747,0.0640828622572444,0.0800320745236321,0.0959788774826316
0.88,0.000280885105367088,0.0162074142500531,0.0321342609626871,0.0480607831997986,0.0639876523300401,0.0799148866777005,0.0958400468040995
0.86,0.000274501358943768,0.0161780899518701,0.0320814387910932,0.0479847390031753,0.0638885171594651,0.079793330858773,0.0956957505454153
0.84,0.000268117612520448,0.016147384865415,0.0320267287939637,0.0479058545589058,0.0637852959766798,0.0796655702448088,0.0955457980926369
0.82,0.000261733866097129,0.0161155978974618,0.0319694737594019,0.0478241298670319,0.0636778280128743,0.0795312902210529,0.0953893572885989
0.8,0.000255350119673809,0.0160827290480025,0.0319093253755581,0.0477389925052029,0.063565952499184,0.0793914234719989,0.0952226245165697
0.78,0.000248966373262713,0.0160483820553853,0.031846758710984,0.0476479608598263,0.0634472775382849,0.0792459699977907,0.0950475986185898
0.76,0.000242582626839394,0.0160122395207095,0.0317817737656746,0.0475526580411265,0.0633223343611832,0.0790936883337547,0.0948638124768179
0.74,0.000236198880416074,0.0159746397230726,0.0317138256428184,0.0474530840491457,0.0631911119928109,0.0789312670078143,0.0946707989734867
0.72,0.000229815133992754,0.0159355826624567,0.0316415202026941,0.0473479887100078,0.0630532748551444,0.0787609556095455,0.0944680909908442
0.7,0.000223431387581658,0.0158945048061204,0.031565796485359,0.0472367766029041,0.062908487370186,0.07858275413912,0.0942552214111451
0.68,0.000217047641158339,0.0158510650633891,0.0314866544908718,0.0471202184182929,0.0627564139599416,0.0783918387054651,0.0940271461868182
0.66,0.000210663894735019,0.0158056778049883,0.0314017666770576,0.0469983141562574,0.0625937175005725,0.0781895873870925,0.0937850756017724
0.64,0.000204280148323923,0.0157583430309413,0.0313121368852103,0.0468674350229565,0.0624203629133628,0.0779767437426086,0.0935287669903428
0.62,0.000197896401900603,0.0157081078041634,0.0312179147032181,0.0467288332959232,0.0622365654781064,0.0777507747787898,0.0932574257500873
0.6,0.000191512655477284,0.015654366772079,0.0311174602389056,0.0465828134517235,0.0620417155174734,0.0775076199733657,0.0929702572786435
0.58,0.000185128909053964,0.0155976682730208,0.0310098836739134,0.0464247787710069,0.0618352033541818,0.0772503693198691,0.0926664669737464
0.56,0.000178745162630644,0.0155371524528758,0.0308961905377622,0.0462563206407575,0.0616164193110021,0.076979022818797,0.092339730480241
0.54,0.000172361416207325,0.0154726804192183,0.0307756848392827,0.0460778220133229,0.0613801986524434,0.0766825778810367,0.0919855628398127
0.52,0.000165977669784005,0.0154045406143938,0.0306440127811035,0.0458833928032328,0.0611239879561155,0.0763645131410918,0.0916049129880461
0.5,0.000159593923360686,0.0153308332998437,0.0305032352376782,0.0456745906424395,0.060848058067584,0.0760223908413082,0.091195734424142
0.48,0.00015321017694959,0.0152516912564699,0.0303506199165994,0.0454494952125123,0.060550848146217,0.0756499318721287,0.0907544318522015
0.46,0.00014682643052627,0.015166309046611,0.0301854750284579,0.0452043863881731,0.0602281382014722,0.0752506928766495,0.09026877600483
0.44,0.00014044268410295,0.0150729979964268,0.0300076844635057,0.0449414365589034,0.0598730248230221,0.0748113779111294,0.0897407920772934
0.42,0.000134058937679631,0.0149725853689984,0.0298107929356252,0.0446505899415818,0.0594860591843179,0.0743317088859508,0.0891670579988657
0.4,0.000127675191256311,0.0148611709982902,0.0295963820104929,0.0443340943151936,0.0590646358438521,0.0738029467898981,0.0885441516993486
0.38,0.000121291444832991,0.0147403888308428,0.0293586545300224,0.0439803006991844,0.0586052878661313,0.0732233337135788,0.0878533556325064
0.36,0.000114907698421895,0.0146063715282536,0.0290983225078787,0.0435922567529071,0.0580876959551036,0.0725776900393597,0.0870751170714687
0.34,0.000108523947182463,0.0144568861000252,0.0288049560567893,0.0431543150657103,0.0575063149192226,0.0718602973639233,0.0862110623021545
0.32,0.000102140175223964,0.0142887676156999,0.0284805174024858,0.0426709572032842,0.0568581944318575,0.0710530659093618,0.0852424503955314
0.3,9.57564032654657e-05,0.0141011746278473,0.0281084366424587,0.0421160837644068,0.0561244879930768,0.0701361269863117,0.0841472857254968
0.28,8.93726313191908e-05,0.0138866022783648,0.0276846048843837,0.0414847637557661,0.0552877490730496,0.06908669231921,0.0828940245126182
0.26,8.29888593484688e-05,0.0136416286066434,0.0272011624930011,0.0407629470116806,0.0543238614522499,0.0678852305927106,0.0814501772759792
0.24,7.66050874021939e-05,0.0133557767835924,0.0266387687612767,0.039917044811487,0.0532019533160688,0.0664865005926258,0.07977314291996
0.22,7.02213154559191e-05,0.0130224947751566,0.0259740599502523,0.0389244573666952,0.0518827472147039,0.0648404106553661,0.0777929126059102
0.2,6.3837543485197e-05,0.0126254429546564,0.0251858881124732,0.0377478238267031,0.0503140578109626,0.0628799748863027,0.0754471197407381
0.18,5.74537715389222e-05,0.0121508580623846,0.0242427034305323,0.0363376016779141,0.0484303297142746,0.060523198545798,0.0726160504572051
0.16,5.10699995926474e-05,0.0115732502717812,0.0230924856579898,0.0346169659916805,0.0461338776027595,0.0576566543743953,0.0691735757153701
0.14,4.46862276219253e-05,0.0108663771952633,0.0216849123237396,0.0325047652698973,0.04332569822269,0.0541415905780441,0.0649602181966405
0.12,3.83024556756505e-05,0.00999527573509272,0.0199480670466791,0.0298974618495276,0.0398566074965283,0.0498016682988836,0.0597496319786163
0.1,3.19186837293756e-05,0.00892486105856324,0.0178116347713097,0.0266952994340375,0.0355797774289465,0.044455789898237,0.0533330906624444
0.0800000000000001,2.55349117586535e-05,0.00761488662829348,0.0151970710226798,0.0227766576649886,0.0303557372474767,0.0379232284066861,0.0454900021562698
0.0600000000000001,1.91511398123787e-05,0.00604255224424527,0.012060316882183,0.0180815151991172,0.0240813164959934,0.0300908294192665,0.0360790214970152
0.04,1.27673678538802e-05,0.00421380457569114,0.0084084866311266,0.0126020111363048,0.016779486455163,0.0209626512263107,0.0251428333811617
0.02,6.38359589538179e-06,0.0021702771571112,0.00433510100482406,0.00648984197987093,0.00862424204605722,0.0108112266213933,0.0129473054604376
0,-1.76050893032888e-10,4.0859500584188e-06,1.4334638106932e-05,1.10424647561714e-05,1.08145999544911e-05,3.4057966746287e-05,1.02567426281909e-05
-0.02,-6.38394800939149e-06,-0.00216416911320115,-0.00431655646560759,-0.00646581255039111,-0.00861833247090679,-0.0107636363958081,-0.0129046932409359
-0.04,-1.276771996789e-05,-0.00421114157778403,-0.00840438479456586,-0.0125910156457937,-0.0167689419905197,-0.0209399639287603,-0.0251424191587366
-0.0600000000000001,-1.91514919141648e-05,-0.00604003583609503,-0.0120610290881705,-0.018080093802942,-0.0240738023866608,-0.0300801382087741,-0.0360467138667829
-0.0800000000000001,-2.55352638726632e-05,-0.00761071808536664,-0.0151952570562657,-0.0227790674042466,-0.0303427999827346,-0.0379137261804117,-0.0454802829269254
-0.1,-3.19190358311617e-05,-0.00892356460530505,-0.0178141153630545,-0.0266933118532014,-0.0355747696889523,-0.044459934079186,-0.0533016838029328
-0.12,-3.83028077774365e-05,-0.00999389554959338,-0.0199504819421622,-0.0299025978350833,-0.0398408282989713,-0.0498028960481453,-0.059733009246182
-0.14,-4.4686579735935e-05,-0.0108631188174628,-0.0216819693933408,-0.0324979125515424,-0.0433131152498024,-0.0541302344373065,-0.0649470241024584
-0.16,-5.10703516944334e-05,-0.0115702651633258,-0.023088483490317,-0.0346068094725344,-0.0461240521342207,-0.0576407970698262,-0.0691593992390804
-0.18,-5.74541236529319e-05,-0.0121475874016498,-0.0242368410617954,-0.036324008469579,-0.0484131741377871,-0.0605071988996335,-0.0726089923121245
-0.2,-6.38378955992067e-05,-0.0126221863549142,-0.0251808826398791,-0.0377361917864068,-0.0503036657584908,-0.0628650311120971,-0.0754230043884104
-0.22,-7.02216675577052e-05,-0.0130178896236183,-0.0259672112431778,-0.0389164064216678,-0.0518676195232269,-0.0648182855340047,-0.0777796692132106
-0.24,-7.66054395162036e-05,-0.0133534020295741,-0.0266288145508876,-0.039906960766113,-0.053187216435688,-0.0664670350157514,-0.079756465639534
-0.26,-8.29892114624785e-05,-0.013638012945681,-0.0271930683937043,-0.0407498318531378,-0.0543078508884269,-0.067867567586464,-0.0814292601975414
-0.28,-8.93729834209769e-05,-0.013883802777723,-0.0276790186755125,-0.0414775227521572,-0.0552723465530294,-0.0690706565418427,-0.08287383870804
-0.3,-9.57567553794754e-05,-0.0140983411269157,-0.0281013538095606,-0.0421059618116728,-0.0561108503007812,-0.0701146438785484,-0.0841255821400587
-0.32,-0.00010214052732575,-0.0142873148822567,-0.0284725505251774,-0.0426577004837923,-0.0568459021705358,-0.0710350227086365,-0.0852240133982653
-0.34,-0.000108524299284249,-0.014453848401085,-0.0287999262684328,-0.0431435599107089,-0.0574942684268633,-0.071845296904311,-0.0861949347024955
-0.36,-0.000114908071242747,-0.0146026712517816,-0.0290919098739207,-0.0435792047520332,-0.0580718893274816,-0.0725649395595875,-0.0870591618140596
-0.38,-0.000121291843189022,-0.0147368139131758,-0.0293541880014124,-0.0439695966327312,-0.0585895878818486,-0.0732092621548525,-0.0878308072714291
-0.4,-0.000127675615159744,-0.0148586729332959,-0.0295898314518032,-0.0443221922478074,-0.059057788246088,-0.073788781960217,-0.088525778895037
-0.42,-0.000134059387106019,-0.0149689752101267,-0.0298049267238303,-0.0446418264859823,-0.0594806520009939,-0.0743149451351495,-0.0891550112915611
-0.44,-0.000140443159052294,-0.0150701160815359,-0.0300002298430078,-0.0449321503649481,-0.0598641672468028,-0.0747961202372525,-0.0897273630624553
-0.46,-0.000146826935839129,-0.0151628331825768,-0.0301803354486554,-0.0451974152871241,-0.0602145566738383,-0.0752333820643037,-0.0902525621359158
-0.48,-0.000153210733308359,-0.0152484115831729,-0.0303446044006749,-0.0454402714761887,-0.060537745940244,-0.0756353422801682,-0.090733487828103
-0.5,-0.000159594530802036,-0.0153276114549588,-0.0304960268347464,-0.045664354108489,-0.0608346285969153,-0.076005131327303,-0.0911775765873058
-0.52,-0.000165978328295714,-0.0154013675947208,-0.0306363983919583,-0.0458723252646886,-0.061110524777892,-0.0763485985565232,-0.0915871097466904
-0.54,-0.000172362125777167,-0.0154701993861283,-0.030767701292009,-0.0460658081861915,-0.0613662262840379,-0.0766660790552588,-0.0919669842167994
-0.56,-0.000178745923258621,-0.0155343700526323,-0.0308897861867188,-0.0462454969448746,-0.061604067865821,-0.0769620251158247,-0.0923197202354296
-0.58,-0.000185129720740075,-0.0155945177607805,-0.0310036582729507,-0.0464143669710709,-0.0618259822944005,-0.0772371912445754,-0.0926483617508613
-0.6,-0.000191513518233752,-0.0156513558100252,-0.0311104241090427,-0.0465717601166473,-0.0620332938772489,-0.0774945202778986,-0.0929544442433433
-0.62,-0.000197897315727429,-0.0157048739777263,-0.031211039437989,-0.0467192497562211,-0.0622275837702364,-0.0777349790809406,-0.0932411996884195
-0.64,-0.000204281113196659,-0.0157551792505796,-0.0313061498293924,-0.0468581374280288,-0.0624093207786107,-0.0779605280849165,-0.093511340533302
-0.66,-0.000210664910690336,-0.0158029264691419,-0.0313953986394696,-0.0469885479210323,-0.0625802564686314,-0.0781728935850699,-0.0937673888697605
-0.68,-0.000217048708184014,-0.0158483342581613,-0.0314796948315758,-0.0471117628448539,-0.0627424185360567,-0.0783738506500718,-0.0940079884207465
-0.7,-0.000223432505665467,-0.0158914283033593,-0.0315594758630847,-0.0472282459997805,-0.0628969162794279,-0.0785651685388244,-0.0942348240149261
-0.72,-0.000229816303146921,-0.0159324265713601,-0.0316352239795126,-0.0473382960622785,-0.0630416005600989,-0.0787452088470955,-0.0944498349353478
-0.74,-0.000236200100640598,-0.0159715595011804,-0.0317073274578937,-0.0474427827544125,-0.063178944695029,-0.0789155563449653,-0.0946528981629196
-0.76,-0.000242583898122052,-0.0160090351698265,-0.031775913080002,-0.0475422200016924,-0.0633098403384086,-0.0790773557186875,-0.0948455201445035
-0.78,-0.000248967695615729,-0.0160449804402885,-0.0318414470870966,-0.0476372334074677,-0.0634343364955124,-0.0792309558916977,-0.0950287319771432
-0.8,-0.000255351493097183,-0.0160794031228843,-0.0319039326210126,-0.0477281220543894,-0.0635526081508109,-0.0793772608634709,-0.0952028640528575
-0.82,-0.000261735290578636,-0.0161124683068116,-0.0319636213657144,-0.0478140272138718,-0.0636656701611938,-0.0795170631418394,-0.0953690416642131
-0.84,-0.000268119088072314,-0.0161442389117252,-0.0320207352306872,-0.0478962424179687,-0.0637740726180716,-0.0796502556824076,-0.0955278750868787
-0.86,-0.000274502885565991,-0.0161748298094165,-0.0320754184079586,-0.0479751942266739,-0.0638772183974979,-0.0797776631816036,-0.0956789602032486
-0.88,-0.000280886683035221,-0.0162042664676163,-0.0321279291949639,-0.048051309199913,-0.0639760197386301,-0.0798998731513436,-0.0958232820810651
-0.9,-0.000287270480528898,-0.0162326752790416,-0.0321784788659324,-0.0481244469561999,-0.0640708756126686,-0.0800166454539114,-0.0959614238434451
-0.92,-0.000293654278022576,-0.0162601494533003,-0.0322271287217832,-0.048193921114955,-0.0641618550540009,-0.0801286422222707,-0.0960940235866702
-0.94,-0.000300038075504029,-0.0162867805028818,-0.032273854192688,-0.0482607149860664,-0.0642490454119579,-0.0802362440147417,-0.0962215696002941
-0.96,-0.000306421872985483,-0.0163125650129194,-0.0323189439396559,-0.0483250742964483,-0.0643329023057813,-0.0803392181203642,-0.0963446123534628
-0.98,-0.00031280567047916,-0.0163375030883675,-0.0323625518894751,-0.0483872447730361,-0.0644136947982556,-0.0804381892382888,-0.0964630926454691
-1,-0.000319189467960614,-0.0163617287931524,-0.0324046862156035,-0.0484471512759749,-0.0644912727408942,-0.0805334713569935,-0.0965765331199168
-1.02,-0.000325573265454291,-0.0163853095551493,-0.0324453237483789,-0.0485047589086249,-0.0645660286915579,-0.0806253784649727,-0.0966858269904117
-1.04,-0.000331957062935745,-0.0164083059978593,-0.0324846761527822,-0.0485604732502218,-0.0646381717551243,-0.0807139639427517,-0.0967912842720795
-1.06,-0.000338340860417198,-0.0164305576524441,-0.0325228485359762,-0.0486144705739653,-0.0647077952117252,-0.0807994600913779,-0.0968930004801886
-1.08,-0.000344724657910876,-0.0164522227745575,-0.0325598409769791,-0.0486669271529792,-0.0647750238492909,-0.0808822238986164,-0.0969909745320454
-1.1,-0.000351108455392329,-0.0164733426537188,-0.0325956612502008,-0.0487176028863338,-0.0648401168975456,-0.0809625196622034,-0.0970856199832896
-1.12,-0.000357492252873783,-0.0164939585794347,-0.0326304458529717,-0.048766559346601,-0.0649032599800983,-0.0810403427840778,-0.097177168911574
-1.14,-0.00036387605036746,-0.0165140617196146,-0.0326642687081409,-0.0488140684422071,-0.0649646387205676,-0.0811152419259643,-0.0972657226155048
-1.16,-0.000370259847848914,-0.0165336614813514,-0.0326971335951749,-0.0488602395234875,-0.0650239927360221,-0.0811877717435307,-0.0973513503586758
-1.18,-0.000376643645342591,-0.0165528149806212,-0.0327290660941552,-0.048905181940703,-0.0650814241626972,-0.0812580740613969,-0.0974343382525653
-1.2,-0.000383027442824045,-0.0165715525480111,-0.0327601554340522,-0.0489486957476173,-0.0651372033370705,-0.081326290704193,-0.0975148743871447
-1.22,-0.000389411240305499,-0.0165898996164754,-0.0327904568954054,-0.0489909226685299,-0.065191447834575,-0.0813923537341059,-0.097592989101365
-1.24,-0.000395795037799176,-0.0166078328510652,-0.0328199324857817,-0.0490319898857156,-0.0652442752306791,-0.081456472017465,-0.0976687025991042
-1.26,-0.000402178762403302,-0.0166254042504284,-0.0328486199304366,-0.0490719678144663,-0.0652954795491998,-0.0815187685581807,-0.0977422584622304
-1.28,-0.000408562173850059,-0.016642637524817,-0.0328766051064946,-0.0491109268701093,-0.0653452312532457,-0.0815793595911991,-0.0978137954551138
-1.3,-0.000414945585296815,-0.0166595563844711,-0.0329039327426342,-0.0491487930810433,-0.0653936579199087,-0.0816382650262249,-0.097883217037959
-1.32,-0.000421328996743572,-0.0166761259755578,-0.0329306475675583,-0.0491857014705277,-0.0654408381251821,-0.0816955490743911,-0.0979505327124221
-1.34,-0.000427712408178105,-0.016692363057712,-0.0329567943099325,-0.049221717255493,-0.0654868504450578,-0.0817513525033992,-0.098016007852451
-1.36,-0.000434095819637085,-0.0167083121136449,-0.0329823346969356,-0.0492568997387673,-0.0655315924142635,-0.0818057707650935,-0.0980797499707804
-1.38,-0.000440479231071617,-0.0167239914500639,-0.033007306566255,-0.0492913082230805,-0.0655752168034445,-0.0818588158849173,-0.0981418665802046
-1.4,-0.00044686264250615,-0.016739419373725,-0.033031777138503,-0.0493249395275518,-0.0656177873330683,-0.0819103208082454,-0.0982024651934795
-1.42,-0.000453246105059935,-0.0167546141913478,-0.0330557823191759,-0.0493576483083794,-0.0656593647635495,-0.0819605650511651,-0.098261539373558
-1.44,-0.000459629834333491,-0.0167695939398149,-0.0330793580137698,-0.0493896125775232,-0.0656999913313309,-0.0820096244310523,-0.0983190899009153
-1.46,-0.000466013563607048,-0.0167842763664382,-0.0331025401278177,-0.0494208702826852,-0.0657395646145715,-0.0820575747653062,-0.098375309764175
-1.48,-0.00047239729286838,-0.0167987381560515,-0.0331251922212541,-0.0494514593715431,-0.0657782194760002,-0.0821044918712642,-0.0984302885399744
-1.5,-0.000478781022129713,-0.0168129920602565,-0.0331473522222086,-0.0494814177917985,-0.0658159986781152,-0.082150451566336,-0.098484115804987
-1.52,-0.000485164751403269,-0.0168270508305689,-0.0331690938711731,-0.0495107575799107,-0.065852944983439,-0.082195408712112,-0.0985368811358362
-1.54,-0.000491548480664601,-0.0168409272186026,-0.0331904358103461,-0.0495395033208577,-0.0658891158560473,-0.0822390657473892,-0.0985884459189797
-1.56,-0.000497932209938157,-0.0168546339759101,-0.0332113966819867,-0.049567705120021,-0.0659245752215284,-0.0822817610216628,-0.0986385629849
-1.58,-0.000504315940152934,-0.0168681521932083,-0.0332319951282811,-0.0495953971866483,-0.06595931664381,-0.08232354224522,-0.0986875603047756
-1.6,-0.00051069967665066,-0.0168814443352137,-0.0332522162642119,-0.0496226137299504,-0.0659933701413163,-0.082364457128396,-0.0987354836957003
-1.62,-0.000517083413148386,-0.0168945614853281,-0.0332720820025953,-0.0496493889591745,-0.0660267636584007,-0.0824045533815137,-0.0987823789747664
-1.64,-0.000523467149633888,-0.0169075109453907,-0.0332916167817361,-0.0496755686605096,-0.0660595230653708,-0.0824438787148708,-0.0988282919590782
-1.66,-0.00052985088611939,-0.0169203000172162,-0.0333108360713213,-0.049701244201914,-0.066091672158439,-0.0824824291289451,-0.0988732412167883
-1.68,-0.000536234622604892,-0.0169329360026804,-0.0333297553410014,-0.0497264573628318,-0.0661232326597594,-0.0825200957226537,-0.0989172104885383
-1.7,-0.000542618359102618,-0.0169454262035857,-0.0333483900604388,-0.0497512259832737,-0.0661541857029179,-0.0825570366328782,-0.0989602859893287
-1.72,-0.000549002095575897,-0.0169577750282649,-0.0333667261344469,-0.0497755679031888,-0.0661845666060674,-0.0825932877040624,-0.0990025069120145
-1.74,-0.000555385826793012,-0.0169699900908345,-0.033384784225424,-0.0497994973295386,-0.0662143880289271,-0.0826288847806984,-0.0990439124494752
-1.76,-0.000561769512807115,-0.0169820793359136,-0.033402583657439,-0.0498230100023969,-0.0662436590257435,-0.0826638637072657,-0.0990845417946144
-1.78,-0.000568153198821217,-0.0169940498336176,-0.0334201372511942,-0.0498461359345997,-0.0662723862512756,-0.0826982603282074,-0.0991244146588361
-1.8,-0.00057453688483532,-0.0170059086540134,-0.0334374578273915,-0.0498688909893134,-0.0663005739605858,-0.0827320563767274,-0.099163500094393
-1.82,-0.000580920572976336,-0.0170176628672286,-0.0334545582067333,-0.0498912910297413,-0.0663282240092122,-0.0827651268906528,-0.0992018802138927
-1.84,-0.000587304279477255,-0.0170293151365864,-0.0334713830793232,-0.0499133519190987,-0.0663554449021554,-0.0827976214208919,-0.0992395878215039
-1.86,-0.000593687985978175,-0.017040818464815,-0.0334879692122393,-0.0499350722745631,-0.0663822532904938,-0.0828295635485209,-0.0992766557213695
-1.88,-0.000600071692479094,-0.0170522125635191,-0.033504338260977,-0.0499564511890317,-0.0664086157072143,-0.0828609768545916,-0.09931311671767
-1.9,-0.000606455396327484,-0.0170635011593927,-0.0335204992608222,-0.0499775165520436,-0.0664345436454965,-0.082891884920217,-0.0993489813745661
-1.92,-0.000612839077219883,-0.017074687979105,-0.0335364612471094,-0.049998281133268,-0.0664600476653553,-0.0829223113260458,-0.0993841320839687
-1.94,-0.000619222758124506,-0.0170857767493257,-0.0335522332551366,-0.0500187577023493,-0.0664851373936287,-0.0829518039553846,-0.0994186676036431
-1.96,-0.000625606439029128,-0.017096771194688,-0.0335678243187695,-0.0500389590289442,-0.0665098215239896,-0.0829784993550483,-0.0994526025011505
-1.98,-0.000631990123469178,-0.0171067874921489,-0.0335823811468491,-0.0500588745029212,-0.0665341936364989,-0.0830028953396514,-0.0994859513401848
-2,-0.000637831747695947,-0.0171133328779646,-0.0335912248700494,-0.0500759381185462,-0.0665535252710855,-0.0830246228990506,-0.0995138700649622
-1.98,-0.000631990087697316,-0.0171078633088244,-0.0335842613895776,-0.0500587654733619,-0.0665347041025448,-0.0830103363996091,-0.0994861636473158
-1.96,-0.000625606384401785,-0.0170967077691022,-0.0335677963604269,-0.0500389223930375,-0.0665102122547801,-0.0829812931142428,-0.0994524789853347
-1.94,-0.000619222670847827,-0.0170857293742168,-0.0335522430464811,-0.0500187581568834,-0.0664852927549119,-0.0829518999639861,-0.0994184915767789
-1.92,-0.000612838953590107,-0.0170746417381908,-0.0335364658959204,-0.0499983057576994,-0.0664601700061244,-0.0829220376998282,-0.0993839328158692
-1.9,-0.000606455220466105,-0.0170634616674786,-0.0335204895826001,-0.0499775338977013,-0.0664346154862704,-0.0828916826115244,-0.0993487465877099
-1.88,-0.000600071492402688,-0.0170521821663704,-0.0335042853352053,-0.0499564607513238,-0.0664086305420346,-0.0828608118287666,-0.0993128522382819
-1.86,-0.000593687776636252,-0.0170407958851471,-0.0334878444540012,-0.0499350696604365,-0.0663822276075699,-0.0828292931638255,-0.0992763353370906
-1.84,-0.000587304060869815,-0.0170292821965785,-0.0334711913158188,-0.0499133009380388,-0.066355403684172,-0.0827972333215374,-0.0992391958841213
-1.82,-0.000580920345103379,-0.0170176571698468,-0.0334543259206702,-0.0498911771481722,-0.0663281276150313,-0.0827646323018879,-0.0992014338794074
-1.8,-0.000574536629349166,-0.0170059208049762,-0.0334372482685305,-0.0498687156028568,-0.0663003965828422,-0.0827314901048747,-0.0991630493229096
-1.78,-0.000568152913582729,-0.01699407310193,-0.0334199583594239,-0.049845916302092,-0.0662721840799336,-0.0826978067305083,-0.099124042214637
-1.76,-0.000561769197816292,-0.0169821140607448,-0.0334024561933378,-0.0498227792458648,-0.0662434707351492,-0.0826635821787739,-0.099084412554599
-1.74,-0.000555385482049855,-0.0169700436814204,-0.0333847417702718,-0.0497993044341742,-0.0662141920828867,-0.0826288164496817,-0.0990436058501639
-1.72,-0.000549001766283419,-0.0169578204788858,-0.033366615264594,-0.0497754918670317,-0.0661842997405273,-0.0825933646875321,-0.0990019551093838
-1.7,-0.000542618050516982,-0.0169454258208572,-0.0333481862015809,-0.0497511803103787,-0.0661538755555985,-0.0825568604872,-0.098959529147188
-1.68,-0.000536234334762769,-0.0169328959413632,-0.0333294888492846,-0.0497263075041136,-0.0661229195280983,-0.0825196740076588,-0.0989163279635482
-1.66,-0.000529850618996332,-0.0169202308403915,-0.033310523207717,-0.0497010137506809,-0.0660914316580127,-0.0824818052489053,-0.0988723515584842
-1.64,-0.000523466903229896,-0.0169074305179663,-0.0332912892768654,-0.0496752990501039,-0.0660594119453763,-0.0824432542109486,-0.0988275999319553
-1.62,-0.000517083187463459,-0.016894494974063,-0.0332717870567292,-0.0496491634023569,-0.0660268603901504,-0.0824040208937486,-0.0987820730840059
-1.6,-0.000510699471697022,-0.016881424208706,-0.0332520165473201,-0.0496226068074753,-0.0659936929145509,-0.0823641052973511,-0.0987353438434496
-1.58,-0.000504315755930586,-0.016868086061548,-0.0332319254090478,-0.0495956292654213,-0.065959453378211,-0.0823235074217036,-0.0986871737545627
-1.56,-0.000497932040176373,-0.0168545740407784,-0.0332112339606807,-0.0495681101903658,-0.0659245369566671,-0.0822817967059791,-0.0986379944367272
-1.54,-0.00049154832442216,-0.0168408907365246,-0.0331901887485761,-0.0495397312109418,-0.0658889436499162,-0.0822387457460978,-0.0985878058899238
-1.52,-0.000485164602409444,-0.0168270361487622,-0.0331687897727452,-0.0495108034134558,-0.065852673457931,-0.0821947885535743,-0.0985366081141466
-1.5,-0.000478780877389714,-0.0168130102774908,-0.0331470370331873,-0.0494813267979307,-0.0658157263807206,-0.0821499251284157,-0.0984844011094006
-1.48,-0.000472397152369983,-0.0167988131227348,-0.0331249305299014,-0.0494513013643521,-0.0657781024182822,-0.0821041554706168,-0.098431184875655
-1.46,-0.000466013427362477,-0.0167843651150651,-0.0331024702628748,-0.0494207271127183,-0.0657398015706122,-0.0820574795801478,-0.0983768955968485
-1.44,-0.000459629702330523,-0.0167696163945803,-0.0330796562321064,-0.0493896040430271,-0.065699961430969,-0.082009897457028,-0.0983202260595828
-1.42,-0.000453245977323016,-0.0167546468547452,-0.0330562278856235,-0.0493579302072197,-0.0656590729823914,-0.0819614091012515,-0.0982622102483397
-1.4,-0.000446862252303286,-0.016739456495584,-0.0330320588781999,-0.0493248918101319,-0.0656172612220957,-0.0819111058437993,-0.0982028481631205
-1.38,-0.000440478527295779,-0.0167240453170597,-0.0330074016626315,-0.0492911064671286,-0.0655745261501014,-0.08185914218128,-0.0981421398039271
-1.36,-0.000434094802276049,-0.0167084133191842,-0.0329822562389166,-0.049256574178219,-0.0655308677663914,-0.0818058913242174,-0.0980800851707366
-1.34,-0.000427711077244095,-0.0166925605019572,-0.0329566226070539,-0.0492212949433878,-0.0654862860709729,-0.0817513532726026,-0.0980166842635379
-1.32,-0.000421327352236588,-0.0166762698506508,-0.0329305007670666,-0.0491852687626438,-0.0654407810638282,-0.0816955280264263,-0.0979519370823194
-1.3,-0.000414943627216858,-0.0166596584678991,-0.0329038907189165,-0.0491484956359719,-0.0653936513816293,-0.0816384155856792,-0.0978847704343985
-1.28,-0.000408559902209351,-0.0166427261578426,-0.0328767924626144,-0.0491109755633805,-0.0653448009318457,-0.0815796640735483,-0.0978151389042864
-1.26,-0.000402176177189621,-0.0166254619255137,-0.0328487524968721,-0.0490721208804131,-0.0652947089198726,-0.0815185727058034,-0.0977434755109249
-1.24,-0.000395792452169891,-0.0166078547759086,-0.0328199179891957,-0.0490320626164164,-0.0652433753457142,-0.0814558419352628,-0.0976697081213717
-1.22,-0.000389408727150161,-0.0165898937140844,-0.0327903622008226,-0.0489909218568805,-0.0651908002093256,-0.0813914717619495,-0.0975937646026346
-1.2,-0.00038302500213043,-0.0165715677450614,-0.0327600608473903,-0.0489486620692426,-0.0651369835107352,-0.0813254621858373,-0.0975155728217318
-1.18,-0.000376641276389505,-0.0165528658738356,-0.0327289896445235,-0.0489052467209396,-0.065081925249922,-0.0812578132069119,-0.0974350606457043
-1.16,-0.00037025753885277,-0.0165337219728715,-0.032697124307896,-0.0488606392794567,-0.0650252046015794,-0.0811885248251582,-0.0973521559415425
-1.14,-0.000363873801328259,-0.0165140339151275,-0.0326644405531445,-0.0488148032121932,-0.0649656801132426,-0.0811157946346762,-0.0972667865763076
-1.12,-0.000357490063803747,-0.0164938749452283,-0.0326309140959176,-0.0487677019866213,-0.0649042474072699,-0.0810406661564821,-0.0971777130145261
-1.1,-0.000351106326267012,-0.0164732278300802,-0.0325961755885853,-0.0487187220575775,-0.0648408335362903,-0.0809632668117544,-0.0970856440052391
-1.08,-0.0003447225887425,-0.0164520753365894,-0.0325602256260914,-0.0486680047390446,-0.0647753655529074,-0.0808835966004817,-0.0969904699454059
-1.06,-0.000338338851205765,-0.0164304002316623,-0.0325231580427885,-0.0486156175699415,-0.0647077705097478,-0.080801655522627,-0.0968920788455984
-1.04,-0.00033195511366903,-0.0164081852822049,-0.0324849279231074,-0.048561493763875,-0.0646379754594489,-0.0807159113173487,-0.0967903587164094
-1.02,-0.000325571376144519,-0.0163854132551476,-0.0324454903515272,-0.0485055665344628,-0.0645659074546097,-0.0806264332866654,-0.096685197568379
-1,-0.000319187638620007,-0.0163620669173475,-0.0324048004125022,-0.0484477690952972,-0.0644914935478398,-0.0805338937522771,-0.0965764834120804
-0.98,-0.000312803901083272,-0.0163378025748767,-0.0323628131904861,-0.0483880346599938,-0.0644137914629016,-0.0804382927141455,-0.0964641042580826
-0.96,-0.000306420163558761,-0.0163126801980017,-0.0323194837699321,-0.0483262964421669,-0.0643323977568725,-0.0803396301722186,-0.0963471089942686
-0.94,-0.000300036426034249,-0.0162867669110195,-0.0322743219220138,-0.0482615225961725,-0.0642478323633516,-0.0802368259257371,-0.0962240384623909
-0.92,-0.000293652688497514,-0.0162600295298064,-0.0322271446101394,-0.048193994546867,-0.0641599631992135,-0.0801284327983461,-0.096095867858743
-0.9,-0.000287268950973002,-0.016232434870275,-0.0321781707517324,-0.0481237865690672,-0.0640686581812558,-0.0800158035909285,-0.0959623551287413
-0.88,-0.000280885213448491,-0.0162039497482889,-0.0321273223963689,-0.0480507832350818,-0.0639737852263459,-0.0798989383034438,-0.0958232582177924
-0.86,-0.000274501475911756,-0.0161745409797602,-0.0320745215936482,-0.0479748691172046,-0.0638752122513107,-0.0797777910489743,-0.0956783350712809
-0.84,-0.000268117738387244,-0.0161441753805764,-0.032019690393193,-0.0478959287877143,-0.0637728071729603,-0.0796492074851811,-0.0955273436346043
-0.82,-0.000261733992403976,-0.01611274218367,-0.0319627508445757,-0.0478138468188872,-0.0636664379081246,-0.0795151864978084,-0.0953692681439917
-0.8,-0.000255350235798366,-0.016079589598919,-0.0319036249974039,-0.0477285077830081,-0.0635536031999781,-0.0793757280867814,-0.0952016893021385
-0.78,-0.00024896647920498,-0.0160450529935655,-0.0318416255666281,-0.0476380052593998,-0.0634347152959546,-0.0792308322519592,-0.0950259340334034
-0.76,-0.00024258272259937,-0.0160090553541359,-0.0317759989896071,-0.0475427488318462,-0.0633099401671984,-0.079077500061388,-0.094841594920819
-0.74,-0.000236198966005984,-0.0159715196671928,-0.0317071774983743,-0.0474427555461161,-0.063178956857672,-0.0789152598949358,-0.0946482645473206
-0.72,-0.000229815209400374,-0.0159323689192612,-0.0316349794295556,-0.0473377665684478,-0.0630414444113134,-0.0787453467449362,-0.094445535495868
-0.7,-0.000223431452806988,-0.0158915260968776,-0.0315592231197369,-0.0472275230649864,-0.0628970818720462,-0.0785670104058752,-0.0942330003494182
-0.68,-0.000217047696201379,-0.0158482069738316,-0.0314797269055488,-0.0471117662019659,-0.0627438199268116,-0.0783754379615496,-0.0940093240202179
-0.66,-0.000210663939607992,-0.0158024800339242,-0.0313955875555713,-0.0469880187823659,-0.0625801647803258,-0.0781735644979893,-0.0937686266146115
-0.64,-0.000204280183002383,-0.0157543699408138,-0.0313056423552912,-0.0468563752150079,-0.0624068972991747,-0.0779613900149011,-0.0935132416006443
-0.62,-0.000197896426408997,-0.0157037430812086,-0.0312104121858423,-0.0467169047172266,-0.062223465675505,-0.077734196359995,-0.0932421867371478
-0.6,-0.000191512669815611,-0.0156504658418028,-0.0311095808871462,-0.0465691523177875,-0.0620293181014824,-0.0774914814538318,-0.0929544797828275
-0.58,-0.000185128913210001,-0.015594404609325,-0.0310028322991516,-0.04641266304546,-0.0618239027692144,-0.0772350510955041,-0.0926491384963388
-0.56,-0.000178745156616615,-0.0155349233980588,-0.0308898502617482,-0.0462469819289787,-0.0616057811236336,-0.076963308893582,-0.0923173143355078
-0.54,-0.000172361400011005,-0.0154706297773446,-0.0307690939815149,-0.0460678856684543,-0.0613684457298749,-0.0766663116254318,-0.0919614873207584
-0.52,-0.000165977643417619,-0.0154013402859303,-0.0306377320125233,-0.0458740620233908,-0.0611106604398327,-0.0763489096647032,-0.0915801343507677
-0.5,-0.000159593886812009,-0.0153274400143948,-0.0304964227014038,-0.0456654970031468,-0.0608342681282286,-0.0760057778432563,-0.0911715836022245
-0.48,-0.000153210130218623,-0.015248366548482,-0.0303443557708168,-0.0454410352392432,-0.0605370252387042,-0.0756340663705749,-0.0907341632516596
-0.46,-0.000146826373613014,-0.0151627569546032,-0.0301802540792595,-0.0451971606471076,-0.0602142721992009,-0.0752361503992033,-0.090254190491085
-0.44,-0.000140442617019628,-0.0150702123442076,-0.0299993691524383,-0.0449291982650779,-0.0598633194073392,-0.074794946070501,-0.089728329269679
-0.42,-0.000134058860414018,-0.0149692683489063,-0.0298023583432069,-0.0446374097483437,-0.0594793116245491,-0.0743164678727456,-0.0891546358149745
-0.4,-0.000127675103820632,-0.0148588496487001,-0.0295878640100573,-0.0443198569325651,-0.0590570189302273,-0.0737866322237145,-0.0885272559386175
-0.38,-0.000121291347215022,-0.0147374299198469,-0.0293545285113925,-0.0439735645336551,-0.0585910510812573,-0.0732089044785257,-0.0878248059401903
-0.36,-0.000114907590621636,-0.0146032319034415,-0.0290934449916238,-0.0435833740621858,-0.0580735874726185,-0.072561351751617,-0.0870478328046046
-0.34,-0.000108523834016026,-0.0144540988136319,-0.0287992478035891,-0.0431457863551434,-0.0574970146102926,-0.0718463367920709,-0.0861891765242521
-0.32,-0.00010214007742264,-0.0142861735539271,-0.028471666933155,-0.0426580411980501,-0.0568448726635902,-0.0710365181315781,-0.0852272832342759
-0.3,-9.57563208170305e-05,-0.0140972797149213,-0.0281013725157365,-0.0421061825987906,-0.0561085109090864,-0.0701189106883398,-0.0841259068213548
-0.28,-8.93725642114208e-05,-0.0138842452999769,-0.0276799499012852,-0.0414768917928724,-0.0552750221500265,-0.0690719762971818,-0.0828760408599302
-0.26,-8.2988807605811e-05,-0.0136394187562621,-0.0271949068657568,-0.0407523401234075,-0.0543155764550545,-0.0678693980910063,-0.0814218503185793
-0.24,-7.6605051012425e-05,-0.0133520929201841,-0.0266305390020838,-0.039909501580536,-0.0531854062340453,-0.0664693950027536,-0.0797380809166045
-0.22,-7.02212944068153e-05,-0.0130183855084321,-0.0259684081776099,-0.0389185315205496,-0.0518688120700796,-0.0648226966109905,-0.0777766078437487
-0.2,-6.38375378134292e-05,-0.0126229657585064,-0.0251809177568956,-0.037740925240262,-0.0503046770414068,-0.0628672634683538,-0.0754227498216647
-0.18,-5.74537812078195e-05,-0.0121474688372422,-0.0242371848435635,-0.0363270101575549,-0.0484194300003196,-0.0605084040604962,-0.0725951648301127
-0.16,-5.10700246144334e-05,-0.0115691940674981,-0.0230866977165734,-0.034603981245265,-0.0461223216847078,-0.057643582147297,-0.0691515808830288
-0.14,-4.46862680088237e-05,-0.0108637083544374,-0.0216810870792808,-0.0324974733032182,-0.0433148136052141,-0.0541288296757434,-0.06493320512097
-0.12,-3.83025114154376e-05,-0.00999487190586209,-0.0199456147576701,-0.029895512828512,-0.0398513364460137,-0.0497891606632652,-0.0597205962983732
-0.1,-3.19187548098279e-05,-0.00892316541107199,-0.0178062695381989,-0.0266881841672694,-0.0355754329677513,-0.044439519420198,-0.0533109624644725
-0.0800000000000001,-2.55349982164419e-05,-0.00761072604542305,-0.0151927129016945,-0.0227702312068228,-0.0303413594782852,-0.0379074038389134,-0.0454661121003661
-0.0600000000000001,-1.91512416108322e-05,-0.00604088651900578,-0.0120538358864963,-0.018063496888576,-0.0240777108288618,-0.0300766682778675,-0.0360717573839823
-0.04,-1.27674850174461e-05,-0.00421532297574181,-0.00839738605035387,-0.0125846501925263,-0.0167937432806638,-0.0209485860128535,-0.0251320682434095
-0.02,-6.38372841183639e-06,-0.00216409444342286,-0.00431458895078108,-0.00646417803188187,-0.00862271470581448,-0.0107941442168826,-0.0129444451972316
0,2.81815496843423e-11,1.68093633482715e-06,3.20136838249489e-06,4.77830884860716e-06,6.6646924013517e-06,-5.22811435582345e-06,2.21123975436896e-06
