Voltage	Current, 0 suns
0	-1.0727e-09
0.012	3.2451e-09
0.024	1.0056e-08
0.036	2.0798e-08
0.048	3.7787e-08
0.06	6.4654e-08
0.072	1.0717e-07
0.084	1.7439e-07
0.096	2.8074e-07
0.108	4.4888e-07
0.12	7.1481e-07
0.132	1.1346e-06
0.144	1.7974e-06
0.156	2.8438e-06
0.168	4.4956e-06
0.18	7.0976e-06
0.192	1.1204e-05
0.204	1.7664e-05
0.216	2.7834e-05
0.228	4.3835e-05
0.24	6.8982e-05
0.252	0.0001085
0.264	0.00017052
0.276	0.00026785
0.288	0.0004204
0.3	0.00065937
0.312	0.0010333
0.324	0.0016179
0.336	0.0025311
0.348	0.003956
0.36	0.0061772
0.372	0.009634
0.384	0.015007
0.396	0.023345
0.408	0.036262
0.42	0.056225
0.432	0.087
0.444	0.13429
0.456	0.20665
0.468	0.31683
0.48	0.48345
0.492	0.73321
0.504	1.1033
0.516	1.6435
0.528	2.4168
0.54	3.4976
0.552	4.9659
0.564	6.8991
0.576	9.3576
0.588	12.3799
0.6	15.9789
0.612	20.1382
0.624	24.8307
0.636	30.0085
0.648	35.6246
0.66	41.6433
0.672	48.0104
0.684	54.6868
0.696	61.6425
0.708	68.8405
0.72	76.2515
0.732	83.8592
0.744	91.6365
0.756	99.5628
0.768	107.6306
0.78	115.8252
0.792	124.1338
0.804	132.544
0.816	141.0452
0.828	149.6337
0.84	158.3001
0.852	167.0392
0.864	175.8441
0.876	184.7109
0.888	193.634
0.9	202.6104
0.912	211.6358
0.924	220.7074
0.936	229.8213
0.948	238.9758
0.96	248.1672
0.972	257.3939
0.984	266.6539
0.996	275.9449
1.008	285.2654
1.02	294.6133
1.032	303.9879
1.044	313.3872
1.056	322.8102
1.068	332.2555
1.08	341.7216
1.092	351.2082
1.104	360.7139
1.116	370.2377
1.128	379.7791
1.14	389.337
1.152	398.9107
1.164	408.4996
1.176	418.1029
1.188	427.72
1.2	437.2902
1.188	427.7202
1.176	418.103
1.164	408.4997
1.152	398.9108
1.14	389.3371
1.128	379.7792
1.116	370.2378
1.104	360.7139
1.092	351.2083
1.08	341.7217
1.068	332.2553
1.056	322.8102
1.044	313.3873
1.032	303.9878
1.02	294.6135
1.008	285.2652
0.996	275.9444
0.984	266.6536
0.972	257.3937
0.96	248.1664
0.948	238.975
0.936	229.8211
0.924	220.707
0.912	211.6357
0.9	202.6105
0.888	193.6342
0.876	184.7103
0.864	175.8433
0.852	167.0382
0.84	158.2992
0.828	149.6312
0.816	141.0432
0.804	132.5415
0.792	124.133
0.78	115.8262
0.768	107.6348
0.756	99.5674
0.744	91.6355
0.732	83.8539
0.72	76.2511
0.708	68.8385
0.696	61.641
0.684	54.6881
0.672	48.01
0.66	41.6426
0.648	35.6267
0.636	30.0055
0.624	24.8268
0.612	20.1369
0.6	15.9772
0.588	12.3798
0.576	9.3576
0.564	6.8988
0.552	4.9656
0.54	3.4969
0.528	2.4164
0.516	1.6433
0.504	1.1033
0.492	0.73324
0.48	0.48335
0.468	0.31676
0.456	0.20665
0.444	0.13428
0.432	0.086988
0.42	0.056226
0.408	0.03626
0.396	0.023344
0.384	0.015007
0.372	0.0096332
0.36	0.006177
0.348	0.0039563
0.336	0.002531
0.324	0.0016179
0.312	0.0010332
0.3	0.00065924
0.288	0.00042037
0.276	0.00026783
0.264	0.00017051
0.252	0.00010849
0.24	6.8988e-05
0.228	4.3828e-05
0.216	2.7833e-05
0.204	1.7664e-05
0.192	1.1202e-05
0.18	7.0985e-06
0.168	4.4954e-06
0.156	2.8445e-06
0.144	1.7974e-06
0.132	1.1346e-06
0.12	7.1449e-07
0.108	4.4853e-07
0.096	2.8033e-07
0.084	1.74e-07
0.072	1.067e-07
0.06	6.4185e-08
0.048	3.7324e-08
0.036	2.0339e-08
0.024	9.5974e-09
0.012	2.7954e-09
0	-1.5256e-09
-0.012	-4.2704e-09
-0.024	-6.027e-09
-0.036	-7.1604e-09
-0.048	-7.9017e-09
-0.06	-8.3946e-09
-0.072	-8.7305e-09
-0.084	-8.9689e-09
-0.096	-9.1449e-09
-0.108	-9.282e-09
-0.12	-9.394e-09
-0.132	-9.4902e-09
-0.144	-9.5764e-09
-0.156	-9.6561e-09
-0.168	-9.7315e-09
-0.18	-9.804e-09
-0.192	-9.8746e-09
-0.204	-9.9437e-09
-0.216	-1.0012e-08
-0.228	-1.0079e-08
-0.24	-1.0146e-08
-0.252	-1.0212e-08
-0.264	-1.0277e-08
-0.276	-1.0343e-08
-0.288	-1.0407e-08
-0.3	-1.0471e-08
-0.312	-1.0535e-08
-0.324	-1.0599e-08
-0.336	-1.0662e-08
-0.348	-1.0724e-08
-0.36	-1.0787e-08
-0.372	-1.0849e-08
-0.384	-1.091e-08
-0.396	-1.0972e-08
-0.408	-1.1032e-08
-0.42	-1.1093e-08
-0.432	-1.1153e-08
-0.444	-1.1213e-08
-0.456	-1.1273e-08
-0.468	-1.1332e-08
-0.48	-1.1391e-08
-0.492	-1.145e-08
-0.504	-1.1508e-08
-0.516	-1.1566e-08
-0.528	-1.1624e-08
-0.54	-1.1681e-08
-0.552	-1.1739e-08
-0.564	-1.1795e-08
-0.576	-1.1852e-08
-0.588	-1.1909e-08
-0.6	-1.1965e-08
-0.612	-1.2021e-08
-0.624	-1.2076e-08
-0.636	-1.2131e-08
-0.648	-1.2187e-08
-0.66	-1.2241e-08
-0.672	-1.2296e-08
-0.684	-1.235e-08
-0.696	-1.2404e-08
-0.708	-1.2458e-08
-0.72	-1.2512e-08
-0.732	-1.2565e-08
-0.744	-1.2619e-08
-0.756	-1.2672e-08
-0.768	-1.2724e-08
-0.78	-1.2777e-08
-0.792	-1.2829e-08
-0.804	-1.2881e-08
-0.816	-1.2933e-08
-0.828	-1.2985e-08
-0.84	-1.3036e-08
-0.852	-1.3088e-08
-0.864	-1.3139e-08
-0.876	-1.319e-08
-0.888	-1.324e-08
-0.9	-1.3291e-08
-0.912	-1.3341e-08
-0.924	-1.3391e-08
-0.936	-1.3441e-08
-0.948	-1.3491e-08
-0.96	-1.354e-08
-0.972	-1.359e-08
-0.984	-1.3639e-08
-0.996	-1.3688e-08
-1.008	-1.3737e-08
-1.02	-1.3785e-08
-1.032	-1.3834e-08
-1.044	-1.3882e-08
-1.056	-1.393e-08
-1.068	-1.3978e-08
-1.08	-1.4026e-08
-1.092	-1.4074e-08
-1.104	-1.4121e-08
-1.116	-1.4169e-08
-1.128	-1.4216e-08
-1.14	-1.4263e-08
-1.152	-1.431e-08
-1.164	-1.4357e-08
-1.176	-1.4403e-08
-1.188	-1.4449e-08
-1.2	-1.4361e-08
-1.188	-1.418e-08
-1.176	-1.4132e-08
-1.164	-1.4084e-08
-1.152	-1.4037e-08
-1.14	-1.3989e-08
-1.128	-1.3941e-08
-1.116	-1.3893e-08
-1.104	-1.3845e-08
-1.092	-1.3796e-08
-1.08	-1.3748e-08
-1.068	-1.3699e-08
-1.056	-1.365e-08
-1.044	-1.3601e-08
-1.032	-1.3551e-08
-1.02	-1.3502e-08
-1.008	-1.3452e-08
-0.996	-1.3402e-08
-0.984	-1.3352e-08
-0.972	-1.3302e-08
-0.96	-1.3252e-08
-0.948	-1.3201e-08
-0.936	-1.315e-08
-0.924	-1.3099e-08
-0.912	-1.3048e-08
-0.9	-1.2996e-08
-0.888	-1.2945e-08
-0.876	-1.2893e-08
-0.864	-1.2841e-08
-0.852	-1.2789e-08
-0.84	-1.2736e-08
-0.828	-1.2684e-08
-0.816	-1.2631e-08
-0.804	-1.2578e-08
-0.792	-1.2524e-08
-0.78	-1.2471e-08
-0.768	-1.2417e-08
-0.756	-1.2363e-08
-0.744	-1.2309e-08
-0.732	-1.2254e-08
-0.72	-1.2199e-08
-0.708	-1.2144e-08
-0.696	-1.2089e-08
-0.684	-1.2034e-08
-0.672	-1.1978e-08
-0.66	-1.1922e-08
-0.648	-1.1865e-08
-0.636	-1.1809e-08
-0.624	-1.1752e-08
-0.612	-1.1695e-08
-0.6	-1.1638e-08
-0.588	-1.158e-08
-0.576	-1.1522e-08
-0.564	-1.1464e-08
-0.552	-1.1405e-08
-0.54	-1.1346e-08
-0.528	-1.1287e-08
-0.516	-1.1228e-08
-0.504	-1.1168e-08
-0.492	-1.1108e-08
-0.48	-1.1047e-08
-0.468	-1.0987e-08
-0.456	-1.0925e-08
-0.444	-1.0864e-08
-0.432	-1.0802e-08
-0.42	-1.074e-08
-0.408	-1.0677e-08
-0.396	-1.0615e-08
-0.384	-1.0551e-08
-0.372	-1.0488e-08
-0.36	-1.0424e-08
-0.348	-1.0359e-08
-0.336	-1.0294e-08
-0.324	-1.0229e-08
-0.312	-1.0163e-08
-0.3	-1.0097e-08
-0.288	-1.0031e-08
-0.276	-9.9638e-09
-0.264	-9.8963e-09
-0.252	-9.8283e-09
-0.24	-9.7597e-09
-0.228	-9.6905e-09
-0.216	-9.6205e-09
-0.204	-9.5497e-09
-0.192	-9.4778e-09
-0.18	-9.4045e-09
-0.168	-9.3291e-09
-0.156	-9.2509e-09
-0.144	-9.1683e-09
-0.132	-9.0791e-09
-0.12	-8.9797e-09
-0.108	-8.8644e-09
-0.096	-8.7243e-09
-0.084	-8.5449e-09
-0.072	-8.3033e-09
-0.06	-7.9633e-09
-0.048	-7.4672e-09
-0.036	-6.7228e-09
-0.024	-5.5861e-09
-0.012	-3.8255e-09
0	-1.0789e-09
