Voltage	Current, 0 suns	Current, 1 suns	Current, 2 suns	Current, 3 suns
0	-1.0727e-09	-0.010277	-0.020554	-0.030832
0.012	3.2451e-09	-0.010259	-0.020519	-0.030779
0.024	1.0056e-08	-0.010241	-0.020483	-0.030725
0.036	2.0798e-08	-0.010223	-0.020446	-0.03067
0.048	3.7787e-08	-0.010204	-0.020409	-0.030615
0.06	6.4654e-08	-0.010186	-0.020372	-0.03056
0.072	1.0717e-07	-0.010167	-0.020335	-0.030503
0.084	1.7439e-07	-0.010148	-0.020297	-0.030446
0.096	2.8074e-07	-0.010129	-0.020258	-0.030389
0.108	4.4888e-07	-0.010109	-0.020219	-0.03033
0.12	7.1481e-07	-0.010089	-0.02018	-0.030271
0.132	1.1346e-06	-0.010069	-0.020139	-0.030211
0.144	1.7974e-06	-0.010048	-0.020099	-0.03015
0.156	2.8438e-06	-0.010027	-0.020057	-0.030088
0.168	4.4956e-06	-0.010004	-0.020014	-0.030024
0.18	7.0976e-06	-0.0099806	-0.019969	-0.029958
0.192	1.1204e-05	-0.0099553	-0.019923	-0.029891
0.204	1.7664e-05	-0.0099272	-0.019873	-0.029819
0.216	2.7834e-05	-0.0098952	-0.019819	-0.029744
0.228	4.3835e-05	-0.009857	-0.019759	-0.029661
0.24	6.8982e-05	-0.0098093	-0.019688	-0.029568
0.252	0.0001085	-0.0097468	-0.019603	-0.02946
0.264	0.00017052	-0.0096614	-0.019494	-0.029328
0.276	0.00026785	-0.0095403	-0.019349	-0.029159
0.288	0.0004204	-0.0093636	-0.019148	-0.028934
0.3	0.00065937	-0.0090998	-0.01886	-0.028621
0.312	0.0010333	-0.0087008	-0.018435	-0.028171
0.324	0.0016179	-0.0080904	-0.017798	-0.027509
0.336	0.0025311	-0.0071505	-0.016832	-0.026516
0.348	0.003956	-0.0056992	-0.015352	-0.025009
0.36	0.0061772	-0.0034502	-0.013075	-0.022702
0.372	0.009634	3.6614e-05	-0.0095571	-0.019157
0.384	0.015007	0.0054424	-0.0041232	-0.01369
0.396	0.023345	0.013819	0.0042786	-0.0052516
0.408	0.036262	0.026768	0.017265	0.0077727
0.42	0.056225	0.046769	0.037312	0.02785
0.432	0.087	0.077584	0.068181	0.058754
0.444	0.13429	0.12491	0.11559	0.10619
0.456	0.20665	0.19735	0.18813	0.17874
0.468	0.31683	0.30762	0.29845	0.28916
0.48	0.48345	0.47436	0.46526	0.45616
0.492	0.73321	0.72433	0.71544	0.70642
0.504	1.1033	1.0947	1.0859	1.0772
0.516	1.6435	1.6346	1.6272	1.6185
0.528	2.4168	2.4083	2.4008	2.3914
0.54	3.4976	3.4896	3.4806	3.474
0.552	4.9659	4.9581	4.9514	4.9439
0.564	6.8991	6.8914	6.8847	6.8783
0.576	9.3576	9.3526	9.3448	9.3402
0.588	12.3799	12.3767	12.3707	12.3626
0.6	15.9789	15.9813	15.9685	15.9649
0.612	20.1382	20.1331	20.132	20.1255
0.624	24.8308	24.8209	24.8214	24.8199
0.636	30.0086	30.007	30.001	30.0026
0.648	35.6246	35.6191	35.6319	35.6246
0.66	41.6433	41.6544	41.65	41.6469
0.672	48.0103	48.0127	48.0057	48.0079
0.684	54.6868	54.681	54.6894	54.7018
0.696	61.6424	61.6394	61.6495	61.6609
0.708	68.8406	68.8499	68.8444	68.8467
0.72	76.2515	76.2532	76.2578	76.262
0.732	83.8592	83.8609	83.8648	83.8724
0.744	91.6366	91.6385	91.6437	91.6504
0.756	99.5628	99.5699	99.5756	99.583
0.768	107.6306	107.6399	107.646	107.6529
0.78	115.8251	115.8353	115.8405	115.8485
0.792	124.1338	124.1416	124.1486	124.1578
0.804	132.5441	132.5504	132.5588	132.5674
0.816	141.0452	141.0539	141.0626	141.072
0.828	149.6337	149.6426	149.6517	149.6611
0.84	158.3	158.3097	158.3193	158.3293
0.852	167.0392	167.0488	167.0589	167.0687
0.864	175.8441	175.8543	175.8647	175.8751
0.876	184.7109	184.7213	184.7319	184.7424
0.888	193.634	193.6451	193.6559	193.6668
0.9	202.6104	202.6219	202.6327	202.6439
0.912	211.6357	211.6476	211.6586	211.6705
0.924	220.7074	220.7187	220.7304	220.7421
0.936	229.8212	229.8331	229.8448	229.8571
0.948	238.9756	238.9874	238.9993	239.0115
0.96	248.167	248.1793	248.1912	248.2036
0.972	257.3937	257.406	257.4183	257.4309
0.984	266.6537	266.6662	266.6786	266.6912
0.996	275.9446	275.9573	275.97	275.9829
1.008	285.2652	285.278	285.2908	285.3036
1.02	294.6133	294.6263	294.6393	294.6524
1.032	303.9879	304.0012	304.0142	304.0272
1.044	313.3872	313.4007	313.4137	313.4271
1.056	322.8099	322.8233	322.8369	322.8505
1.068	332.2551	332.2688	332.2824	332.2958
1.08	341.7216	341.7354	341.7491	341.7627
1.092	351.2082	351.222	351.2357	351.2496
1.104	360.7139	360.728	360.7416	360.7554
1.116	370.2379	370.252	370.2658	370.2797
1.128	379.7792	379.7932	379.8071	379.8214
1.14	389.3371	389.3513	389.3653	389.3794
1.152	398.9108	398.9251	398.9392	398.9535
1.164	408.4996	408.514	408.5282	408.5426
1.176	418.1029	418.1175	418.1317	418.146
1.188	427.7201	427.7347	427.749	427.7636
1.2	437.2604	437.2997	437.3762	437.3668
1.188	427.7202	427.7347	427.7491	427.7636
1.176	418.103	418.1175	418.1318	418.1462
1.164	408.4998	408.5141	408.5283	408.5426
1.152	398.9108	398.925	398.9392	398.9534
1.14	389.3369	389.3512	389.3653	389.3795
1.128	379.7791	379.7931	379.8073	379.8213
1.116	370.2377	370.2515	370.2659	370.2796
1.104	360.7139	360.7277	360.7417	360.7555
1.092	351.2083	351.222	351.2357	351.2496
1.08	341.7216	341.7353	341.7492	341.7626
1.068	332.2555	332.2689	332.2827	332.2959
1.056	322.8104	322.8238	322.8371	322.8505
1.044	313.3874	313.4008	313.4138	313.4271
1.032	303.9878	304.0009	304.0145	304.0274
1.02	294.6136	294.6265	294.6398	294.6526
1.008	285.2653	285.2783	285.2907	285.3038
0.996	275.9442	275.9573	275.97	275.9828
0.984	266.6535	266.6658	266.6789	266.6914
0.972	257.3938	257.4061	257.4186	257.4309
0.96	248.1667	248.1792	248.1905	248.2032
0.948	238.9747	238.9865	238.9991	239.0112
0.936	229.8211	229.8327	229.845	229.8567
0.924	220.7071	220.7188	220.73	220.7419
0.912	211.6347	211.6467	211.657	211.67
0.9	202.6091	202.62	202.6313	202.644
0.888	193.633	193.6437	193.6547	193.6669
0.876	184.7097	184.7201	184.7308	184.7418
0.864	175.8429	175.8532	175.8638	175.8742
0.852	167.0383	167.0481	167.0587	167.0681
0.84	158.2999	158.3099	158.3199	158.3279
0.828	149.6326	149.6432	149.6522	149.6588
0.816	141.0435	141.0539	141.0634	141.07
0.804	132.5416	132.5517	132.5607	132.5669
0.792	124.1333	124.1426	124.1505	124.1568
0.78	115.8264	115.8346	115.8406	115.8489
0.768	107.6337	107.6387	107.6456	107.6557
0.756	99.5667	99.5695	99.5759	99.5862
0.744	91.6363	91.6386	91.644	91.6517
0.732	83.8552	83.8615	83.8672	83.8699
0.72	76.2493	76.2572	76.2619	76.2629
0.708	68.8385	68.8434	68.846	68.8482
0.696	61.6413	61.6448	61.6481	61.6504
0.684	54.6882	54.6927	54.695	54.6968
0.672	48.0101	48.0135	48.0139	48.0148
0.66	41.6428	41.6435	41.6446	41.6439
0.648	35.6267	35.6263	35.6281	35.6263
0.636	30.0056	30.0043	30.0053	30.0031
0.624	24.8268	24.8222	24.8229	24.8202
0.612	20.1364	20.1311	20.132	20.1275
0.6	15.9771	15.972	15.9774	15.9689
0.588	12.38	12.3714	12.3723	12.3641
0.576	9.3571	9.3501	9.3384	9.3338
0.564	6.8979	6.8884	6.881	6.8727
0.552	4.9647	4.9546	4.9509	4.9438
0.54	3.4972	3.4901	3.4816	3.474
0.528	2.4164	2.4087	2.3999	2.3921
0.516	1.6434	1.6349	1.6264	1.6174
0.504	1.1033	1.0948	1.086	1.077
0.492	0.73313	0.72443	0.71547	0.70652
0.48	0.48343	0.47444	0.46541	0.45636
0.468	0.31681	0.3078	0.29853	0.28933
0.456	0.20664	0.19729	0.1881	0.1786
0.444	0.13428	0.12495	0.11563	0.10618
0.432	0.086995	0.077588	0.068184	0.058759
0.42	0.056221	0.046796	0.037308	0.027853
0.408	0.036263	0.026774	0.017276	0.0077764
0.396	0.023345	0.013817	0.0042808	-0.0052509
0.384	0.015007	0.0054442	-0.0041202	-0.01369
0.372	0.009634	3.7557e-05	-0.0095573	-0.019158
0.36	0.0061769	-0.0034483	-0.013074	-0.022702
0.348	0.0039563	-0.0056976	-0.015353	-0.025008
0.336	0.002531	-0.0071497	-0.016832	-0.026516
0.324	0.0016178	-0.0080907	-0.017799	-0.027508
0.312	0.0010333	-0.0087006	-0.018436	-0.028171
0.3	0.00065932	-0.0090998	-0.01886	-0.028621
0.288	0.00042037	-0.0093634	-0.019148	-0.028934
0.276	0.00026784	-0.0095404	-0.019349	-0.029159
0.264	0.00017053	-0.0096615	-0.019494	-0.029328
0.252	0.00010849	-0.0097468	-0.019603	-0.02946
0.24	6.898e-05	-0.0098093	-0.019688	-0.029568
0.228	4.3833e-05	-0.009857	-0.019759	-0.029661
0.216	2.7835e-05	-0.0098952	-0.019819	-0.029744
0.204	1.7663e-05	-0.0099273	-0.019873	-0.029819
0.192	1.1202e-05	-0.0099553	-0.019923	-0.029891
0.18	7.0989e-06	-0.0099806	-0.019969	-0.029958
0.168	4.495e-06	-0.010004	-0.020014	-0.030024
0.156	2.8438e-06	-0.010027	-0.020057	-0.030088
0.144	1.7974e-06	-0.010048	-0.020099	-0.03015
0.132	1.1342e-06	-0.010069	-0.020139	-0.030211
0.12	7.1439e-07	-0.010089	-0.02018	-0.030271
0.108	4.4842e-07	-0.010109	-0.020219	-0.03033
0.096	2.8033e-07	-0.010129	-0.020258	-0.030389
0.084	1.7392e-07	-0.010148	-0.020297	-0.030446
0.072	1.0667e-07	-0.010167	-0.020335	-0.030503
0.06	6.4207e-08	-0.010186	-0.020372	-0.03056
0.048	3.7322e-08	-0.010204	-0.020409	-0.030615
0.036	2.0343e-08	-0.010223	-0.020446	-0.03067
0.024	9.5991e-09	-0.010241	-0.020483	-0.030725
0.012	2.7872e-09	-0.010259	-0.020519	-0.030779
0	-1.5229e-09	-0.010277	-0.020554	-0.030832
-0.012	-4.2699e-09	-0.010294	-0.020589	-0.030885
-0.024	-6.0264e-09	-0.010312	-0.020624	-0.030938
-0.036	-7.1616e-09	-0.010329	-0.020659	-0.03099
-0.048	-7.9015e-09	-0.010346	-0.020693	-0.031041
-0.06	-8.394e-09	-0.010363	-0.020727	-0.031092
-0.072	-8.7306e-09	-0.01038	-0.020761	-0.031143
-0.084	-8.9688e-09	-0.010397	-0.020794	-0.031193
-0.096	-9.145e-09	-0.010413	-0.020828	-0.031242
-0.108	-9.282e-09	-0.01043	-0.02086	-0.031292
-0.12	-9.3939e-09	-0.010446	-0.020893	-0.031341
-0.132	-9.4903e-09	-0.010462	-0.020925	-0.031389
-0.144	-9.5764e-09	-0.010478	-0.020957	-0.031437
-0.156	-9.6561e-09	-0.010494	-0.020989	-0.031485
-0.168	-9.7315e-09	-0.01051	-0.021021	-0.031532
-0.18	-9.804e-09	-0.010526	-0.021052	-0.031579
-0.192	-9.8746e-09	-0.010541	-0.021083	-0.031626
-0.204	-9.9437e-09	-0.010557	-0.021114	-0.031672
-0.216	-1.0012e-08	-0.010572	-0.021144	-0.031718
-0.228	-1.0079e-08	-0.010587	-0.021175	-0.031763
-0.24	-1.0146e-08	-0.010602	-0.021205	-0.031809
-0.252	-1.0212e-08	-0.010617	-0.021235	-0.031854
-0.264	-1.0277e-08	-0.010632	-0.021265	-0.031898
-0.276	-1.0343e-08	-0.010647	-0.021294	-0.031943
-0.288	-1.0407e-08	-0.010661	-0.021324	-0.031987
-0.3	-1.0471e-08	-0.010676	-0.021353	-0.03203
-0.312	-1.0535e-08	-0.010691	-0.021382	-0.032074
-0.324	-1.0599e-08	-0.010705	-0.021411	-0.032117
-0.336	-1.0662e-08	-0.010719	-0.021439	-0.03216
-0.348	-1.0724e-08	-0.010733	-0.021468	-0.032202
-0.36	-1.0787e-08	-0.010748	-0.021496	-0.032245
-0.372	-1.0849e-08	-0.010762	-0.021524	-0.032287
-0.384	-1.091e-08	-0.010776	-0.021552	-0.032329
-0.396	-1.0972e-08	-0.010789	-0.02158	-0.03237
-0.408	-1.1032e-08	-0.010803	-0.021607	-0.032412
-0.42	-1.1093e-08	-0.010817	-0.021635	-0.032453
-0.432	-1.1153e-08	-0.010831	-0.021662	-0.032494
-0.444	-1.1213e-08	-0.010844	-0.021689	-0.032534
-0.456	-1.1273e-08	-0.010858	-0.021716	-0.032575
-0.468	-1.1332e-08	-0.010871	-0.021743	-0.032615
-0.48	-1.1391e-08	-0.010884	-0.021769	-0.032655
-0.492	-1.145e-08	-0.010898	-0.021796	-0.032695
-0.504	-1.1508e-08	-0.010911	-0.021822	-0.032734
-0.516	-1.1566e-08	-0.010924	-0.021848	-0.032773
-0.528	-1.1624e-08	-0.010937	-0.021874	-0.032813
-0.54	-1.1681e-08	-0.01095	-0.0219	-0.032851
-0.552	-1.1739e-08	-0.010963	-0.021926	-0.03289
-0.564	-1.1795e-08	-0.010976	-0.021952	-0.032929
-0.576	-1.1852e-08	-0.010988	-0.021977	-0.032967
-0.588	-1.1909e-08	-0.011001	-0.022003	-0.033005
-0.6	-1.1965e-08	-0.011014	-0.022028	-0.033043
-0.612	-1.2021e-08	-0.011026	-0.022053	-0.033081
-0.624	-1.2076e-08	-0.011039	-0.022078	-0.033118
-0.636	-1.2131e-08	-0.011051	-0.022103	-0.033156
-0.648	-1.2187e-08	-0.011064	-0.022128	-0.033193
-0.66	-1.2241e-08	-0.011076	-0.022153	-0.03323
-0.672	-1.2296e-08	-0.011088	-0.022177	-0.033267
-0.684	-1.235e-08	-0.011101	-0.022202	-0.033303
-0.696	-1.2404e-08	-0.011113	-0.022226	-0.03334
-0.708	-1.2458e-08	-0.011125	-0.02225	-0.033376
-0.72	-1.2512e-08	-0.011137	-0.022274	-0.033412
-0.732	-1.2565e-08	-0.011149	-0.022298	-0.033448
-0.744	-1.2619e-08	-0.011161	-0.022322	-0.033484
-0.756	-1.2672e-08	-0.011173	-0.022346	-0.03352
-0.768	-1.2724e-08	-0.011185	-0.02237	-0.033556
-0.78	-1.2777e-08	-0.011196	-0.022393	-0.033591
-0.792	-1.2829e-08	-0.011208	-0.022417	-0.033626
-0.804	-1.2881e-08	-0.01122	-0.02244	-0.033661
-0.816	-1.2933e-08	-0.011231	-0.022463	-0.033696
-0.828	-1.2985e-08	-0.011243	-0.022487	-0.033731
-0.84	-1.3036e-08	-0.011255	-0.02251	-0.033766
-0.852	-1.3088e-08	-0.011266	-0.022533	-0.0338
-0.864	-1.3139e-08	-0.011278	-0.022556	-0.033834
-0.876	-1.319e-08	-0.011289	-0.022578	-0.033869
-0.888	-1.324e-08	-0.0113	-0.022601	-0.033903
-0.9	-1.3291e-08	-0.011312	-0.022624	-0.033937
-0.912	-1.3341e-08	-0.011323	-0.022646	-0.033971
-0.924	-1.3391e-08	-0.011334	-0.022669	-0.034004
-0.936	-1.3441e-08	-0.011345	-0.022691	-0.034038
-0.948	-1.3491e-08	-0.011356	-0.022713	-0.034071
-0.96	-1.354e-08	-0.011368	-0.022736	-0.034104
-0.972	-1.359e-08	-0.011379	-0.022758	-0.034138
-0.984	-1.3639e-08	-0.01139	-0.02278	-0.034171
-0.996	-1.3688e-08	-0.011401	-0.022802	-0.034204
-1.008	-1.3737e-08	-0.011412	-0.022824	-0.034236
-1.02	-1.3785e-08	-0.011422	-0.022845	-0.034269
-1.032	-1.3834e-08	-0.011433	-0.022867	-0.034302
-1.044	-1.3882e-08	-0.011444	-0.022889	-0.034334
-1.056	-1.393e-08	-0.011455	-0.02291	-0.034366
-1.068	-1.3978e-08	-0.011466	-0.022932	-0.034398
-1.08	-1.4026e-08	-0.011476	-0.022953	-0.034431
-1.092	-1.4074e-08	-0.011487	-0.022974	-0.034463
-1.104	-1.4121e-08	-0.011498	-0.022996	-0.034494
-1.116	-1.4169e-08	-0.011508	-0.023017	-0.034526
-1.128	-1.4216e-08	-0.011519	-0.023038	-0.034558
-1.14	-1.4263e-08	-0.011529	-0.023059	-0.034589
-1.152	-1.431e-08	-0.01154	-0.02308	-0.034621
-1.164	-1.4357e-08	-0.01155	-0.023101	-0.034652
-1.176	-1.4403e-08	-0.011561	-0.023122	-0.034683
-1.188	-1.4449e-08	-0.011571	-0.023142	-0.034714
-1.2	-1.4361e-08	-0.011581	-0.023163	-0.034745
-1.188	-1.418e-08	-0.011571	-0.023142	-0.034714
-1.176	-1.4132e-08	-0.011561	-0.023122	-0.034683
-1.164	-1.4084e-08	-0.01155	-0.023101	-0.034652
-1.152	-1.4037e-08	-0.01154	-0.02308	-0.034621
-1.14	-1.3989e-08	-0.011529	-0.023059	-0.034589
-1.128	-1.3941e-08	-0.011519	-0.023038	-0.034558
-1.116	-1.3893e-08	-0.011508	-0.023017	-0.034526
-1.104	-1.3845e-08	-0.011498	-0.022996	-0.034494
-1.092	-1.3796e-08	-0.011487	-0.022974	-0.034463
-1.08	-1.3748e-08	-0.011476	-0.022953	-0.034431
-1.068	-1.3699e-08	-0.011466	-0.022932	-0.034398
-1.056	-1.365e-08	-0.011455	-0.02291	-0.034366
-1.044	-1.3601e-08	-0.011444	-0.022889	-0.034334
-1.032	-1.3551e-08	-0.011433	-0.022867	-0.034302
-1.02	-1.3502e-08	-0.011422	-0.022845	-0.034269
-1.008	-1.3452e-08	-0.011412	-0.022824	-0.034236
-0.996	-1.3402e-08	-0.011401	-0.022802	-0.034204
-0.984	-1.3352e-08	-0.01139	-0.02278	-0.034171
-0.972	-1.3302e-08	-0.011379	-0.022758	-0.034138
-0.96	-1.3252e-08	-0.011368	-0.022736	-0.034104
-0.948	-1.3201e-08	-0.011356	-0.022713	-0.034071
-0.936	-1.315e-08	-0.011345	-0.022691	-0.034038
-0.924	-1.3099e-08	-0.011334	-0.022669	-0.034004
-0.912	-1.3048e-08	-0.011323	-0.022646	-0.03397
-0.9	-1.2996e-08	-0.011312	-0.022624	-0.033937
-0.888	-1.2945e-08	-0.0113	-0.022601	-0.033903
-0.876	-1.2893e-08	-0.011289	-0.022578	-0.033869
-0.864	-1.2841e-08	-0.011278	-0.022556	-0.033834
-0.852	-1.2789e-08	-0.011266	-0.022533	-0.0338
-0.84	-1.2736e-08	-0.011255	-0.02251	-0.033766
-0.828	-1.2684e-08	-0.011243	-0.022487	-0.033731
-0.816	-1.2631e-08	-0.011231	-0.022463	-0.033696
-0.804	-1.2578e-08	-0.01122	-0.02244	-0.033661
-0.792	-1.2524e-08	-0.011208	-0.022417	-0.033626
-0.78	-1.2471e-08	-0.011196	-0.022393	-0.033591
-0.768	-1.2417e-08	-0.011185	-0.02237	-0.033556
-0.756	-1.2363e-08	-0.011173	-0.022346	-0.03352
-0.744	-1.2309e-08	-0.011161	-0.022322	-0.033484
-0.732	-1.2254e-08	-0.011149	-0.022298	-0.033448
-0.72	-1.2199e-08	-0.011137	-0.022274	-0.033412
-0.708	-1.2144e-08	-0.011125	-0.02225	-0.033376
-0.696	-1.2089e-08	-0.011113	-0.022226	-0.03334
-0.684	-1.2034e-08	-0.011101	-0.022202	-0.033303
-0.672	-1.1978e-08	-0.011088	-0.022177	-0.033267
-0.66	-1.1922e-08	-0.011076	-0.022153	-0.03323
-0.648	-1.1865e-08	-0.011064	-0.022128	-0.033193
-0.636	-1.1809e-08	-0.011051	-0.022103	-0.033156
-0.624	-1.1752e-08	-0.011039	-0.022078	-0.033118
-0.612	-1.1695e-08	-0.011026	-0.022053	-0.033081
-0.6	-1.1638e-08	-0.011014	-0.022028	-0.033043
-0.588	-1.158e-08	-0.011001	-0.022003	-0.033005
-0.576	-1.1522e-08	-0.010988	-0.021977	-0.032967
-0.564	-1.1464e-08	-0.010976	-0.021952	-0.032929
-0.552	-1.1405e-08	-0.010963	-0.021926	-0.03289
-0.54	-1.1346e-08	-0.01095	-0.0219	-0.032851
-0.528	-1.1287e-08	-0.010937	-0.021874	-0.032813
-0.516	-1.1228e-08	-0.010924	-0.021848	-0.032773
-0.504	-1.1168e-08	-0.010911	-0.021822	-0.032734
-0.492	-1.1108e-08	-0.010898	-0.021796	-0.032695
-0.48	-1.1047e-08	-0.010884	-0.021769	-0.032655
-0.468	-1.0987e-08	-0.010871	-0.021743	-0.032615
-0.456	-1.0925e-08	-0.010858	-0.021716	-0.032575
-0.444	-1.0864e-08	-0.010844	-0.021689	-0.032534
-0.432	-1.0802e-08	-0.010831	-0.021662	-0.032494
-0.42	-1.074e-08	-0.010817	-0.021635	-0.032453
-0.408	-1.0677e-08	-0.010803	-0.021607	-0.032412
-0.396	-1.0615e-08	-0.010789	-0.02158	-0.03237
-0.384	-1.0551e-08	-0.010776	-0.021552	-0.032329
-0.372	-1.0488e-08	-0.010762	-0.021524	-0.032287
-0.36	-1.0424e-08	-0.010748	-0.021496	-0.032245
-0.348	-1.0359e-08	-0.010733	-0.021468	-0.032202
-0.336	-1.0294e-08	-0.010719	-0.021439	-0.03216
-0.324	-1.0229e-08	-0.010705	-0.021411	-0.032117
-0.312	-1.0163e-08	-0.010691	-0.021382	-0.032074
-0.3	-1.0097e-08	-0.010676	-0.021353	-0.03203
-0.288	-1.0031e-08	-0.010661	-0.021324	-0.031987
-0.276	-9.9638e-09	-0.010647	-0.021294	-0.031943
-0.264	-9.8963e-09	-0.010632	-0.021265	-0.031898
-0.252	-9.8283e-09	-0.010617	-0.021235	-0.031854
-0.24	-9.7597e-09	-0.010602	-0.021205	-0.031809
-0.228	-9.6905e-09	-0.010587	-0.021175	-0.031763
-0.216	-9.6205e-09	-0.010572	-0.021144	-0.031718
-0.204	-9.5497e-09	-0.010557	-0.021114	-0.031672
-0.192	-9.4778e-09	-0.010541	-0.021083	-0.031626
-0.18	-9.4045e-09	-0.010526	-0.021052	-0.031579
-0.168	-9.3291e-09	-0.01051	-0.021021	-0.031532
-0.156	-9.2509e-09	-0.010494	-0.020989	-0.031485
-0.144	-9.1683e-09	-0.010478	-0.020957	-0.031437
-0.132	-9.0791e-09	-0.010462	-0.020925	-0.031389
-0.12	-8.9797e-09	-0.010446	-0.020893	-0.031341
-0.108	-8.8645e-09	-0.01043	-0.02086	-0.031292
-0.096	-8.7243e-09	-0.010413	-0.020828	-0.031242
-0.084	-8.5449e-09	-0.010397	-0.020794	-0.031193
-0.072	-8.3032e-09	-0.01038	-0.020761	-0.031143
-0.06	-7.963e-09	-0.010363	-0.020727	-0.031092
-0.048	-7.4668e-09	-0.010346	-0.020693	-0.031041
-0.036	-6.7229e-09	-0.010329	-0.020659	-0.03099
-0.024	-5.5859e-09	-0.010312	-0.020624	-0.030938
-0.012	-3.8245e-09	-0.010294	-0.020589	-0.030885
0	-1.0762e-09	-0.010277	-0.020554	-0.030832
