Position  (cm)	Ecb (eV)	Evb (eV)	Efn (eV)	Efp (eV)
0	-3.8	-5.4	-4.6000000573009	-4.6
2.02184590894066e-09	-3.80030017860009	-5.40030017860009	-4.60004464792388	-4.59999999662729
4.14335823799513e-09	-3.80061508255693	-5.40061508255693	-4.60009096437062	-4.59999999273348
6.36891181508354e-09	-3.80094535063373	-5.40094535063373	-4.60013903702292	-4.59999998824147
8.70304447246179e-09	-3.80129164462065	-5.40129164462065	-4.60018889350283	-4.59999998306328
1.11504616483094e-08	-3.80165464990858	-5.40165464990858	-4.6002405583198	-4.59999997709867
1.37160410468289e-08	-3.80203507606267	-5.40203507606267	-4.60029405250134	-4.59999997023343
1.64048373538914e-08	-3.80243365739437	-5.40243365739437	-4.60034939320833	-4.59999996233761
1.92220870050832e-08	-3.80285115353096	-5.40285115353096	-4.60040659333642	-4.59999995326348
2.21732130027976e-08	-3.80328834998126	-5.40328834998126	-4.60046566110533	-4.5999999428432
2.52638297787426e-08	-3.80374605869625	-5.40374605869625	-4.60052659963821	-4.59999993088629
2.84997480980044e-08	-3.80422511862316	-5.40422511862316	-4.60058940653367	-4.59999991717676
3.18869800006108e-08	-3.80472639625162	-5.40472639625162	-4.60065407343373	-4.59999990146987
3.54317437761696e-08	-3.80525078615026	-5.40525078615026	-4.60072058559092	-4.59999988348859
3.91404689670858e-08	-3.80579921149215	-5.40579921149215	-4.60078892143886	-4.59999986291962
4.30198013953979e-08	-3.80637262456726	-5.40637262456726	-4.60085905217079	-4.59999983940892
4.70766082081932e-08	-3.80697200728028	-5.40697200728028	-4.60093094133107	-4.59999981255681
5.13179829361677e-08	-3.80759837163165	-5.40759837163165	-4.60100454442544	-4.59999978191248
5.57512505597142e-08	-3.80825276017997	-5.40825276017997	-4.60107980855595	-4.59999974696792
6.03839725765966e-08	-3.80893624648359	-5.40893624648359	-4.60115667208742	-4.59999970715118
6.52239520650348e-08	-3.80964993551911	-5.40964993551911	-4.60123506435238	-4.5999996618189
7.02792387357311e-08	-3.81039496407457	-5.41039496407458	-4.60131490540198	-4.59999961024813
7.55581339660905e-08	-3.81117250111481	-5.41117250111481	-4.60139610581073	-4.59999955162717
8.10691958096376e-08	-3.81198374811649	-5.41198374811649	-4.60147856654312	-4.59999948504557
8.68212439733243e-08	-3.81282993937019	-5.41282993937019	-4.60156217889023	-4.5999994094831
9.28233647551831e-08	-3.81371234224673	-5.41371234224674	-4.60164682448451	-4.59999932379758
9.90849159344704e-08	-3.81463225742493	-5.41463225742493	-4.60173237540072	-4.59999922671158
1.05615531606198e-07	-3.81559101907775	-5.41559101907775	-4.60181869435048	-4.59999911679775
1.12425126951681e-07	-3.81658999501393	-5.41658999501393	-4.60190563497765	-4.59999899246283
1.19523902936438e-07	-3.81763058677163	-5.41763058677163	-4.60199304226054	-4.5999988519301
1.26922350926539e-07	-3.81871422966106	-5.41871422966106	-4.60208075302619	-4.59999869322028
1.34631257214247e-07	-3.8198423927525	-5.4198423927525	-4.60216859658051	-4.59999851413062
1.426617074435e-07	-3.8210165788063	-5.4210165788063	-4.60225639545662	-4.59999831221221
1.51025090925564e-07	-3.82223832414114	-5.42223832414114	-4.60234396628165	-4.59999808474523
1.5973310483497e-07	-3.82350919843694	-5.42350919843694	-4.60243112076049	-4.59999782871219
1.68797758275519e-07	-3.82483080446842	-5.42483080446842	-4.60251766677241	-4.59999754076881
1.78231376206037e-07	-3.82620477776556	-5.42620477776556	-4.60260340957403	-4.59999721721263
1.88046603215225e-07	-3.82763278619679	-5.42763278619679	-4.60268815309957	-4.59999685394901
1.98256407134813e-07	-3.8291165294708	-5.4291165294708	-4.60277170134628	-4.59999644645455
2.08874082479995e-07	-3.83065773855287	-5.43065773855287	-4.60285385983048	-4.59999598973767
2.19913253705957e-07	-3.83225817499122	-5.43225817499122	-4.60293443709656	-4.59999547829634
2.31387878269063e-07	-3.83391963014924	-5.43391963014924	-4.60301324625908	-4.59999490607267
2.43312249481223e-07	-3.83564392433891	-5.43564392433891	-4.6030901065553	-4.59999426640442
2.55700999145667e-07	-3.83743290585105	-5.43743290585105	-4.60316484488383	-4.59999355197319
2.68569099962338e-07	-3.8392884498778	-5.4392884498778	-4.60323729730346	-4.59999275474924
2.81931867690899e-07	-3.84121245732263	-5.44121245732263	-4.6033073104648	-4.59999186593288
2.95804963059328e-07	-3.84320685349327	-5.44320685349327	-4.6033747429476	-4.59999087589227
3.10204393405883e-07	-3.84527358667285	-5.44527358667285	-4.6034394664763	-4.59998977409773
3.25146514042238e-07	-3.84741462656452	-5.44741462656452	-4.60350136698767	-4.59998854905234
3.40648029325503e-07	-3.84963196260476	-5.44963196260476	-4.60356034552627	-4.59998718821909
3.56725993426758e-07	-3.85192760214076	-5.45192760214076	-4.60361631894571	-4.59998567794438
3.73397810783814e-07	-3.85430356846701	-5.45430356846701	-4.6036692203974	-4.59998400337808
3.90681236225808e-07	-3.85676189871651	-5.45676189871651	-4.60371899959215	-4.59998214839028
4.08594374757362e-07	-3.85930464160189	-5.45930464160189	-4.60376562282474	-4.59998009548478
4.2715568099001e-07	-3.86193385500186	-5.46193385500186	-4.60380907275666	-4.59997782570979
4.46383958208709e-07	-3.8646516033884	-5.4646516033884	-4.60384934795733	-4.59997531856578
4.66298357061353e-07	-3.86745995509043	-5.46745995509043	-4.60388646221007	-4.59997255191115
4.8691837385927e-07	-3.87036097938938	-5.47036097938938	-4.6039204435941	-4.59996950186603
5.08263848476895e-07	-3.87335674344266	-5.47335674344266	-4.60395133335954	-4.59996614271459
5.30354961838956e-07	-3.87644930903087	-5.47644930903087	-4.60397918461698	-4.59996244680672
5.5321223298367e-07	-3.87964072912488	-5.47964072912488	-4.60400406086763	-4.59995838445949
5.76856515690716e-07	-3.88293304426908	-5.48293304426908	-4.60402603440371	-4.5999539238594
6.01308994663012e-07	-3.88632827877731	-5.48632827877731	-4.6040451846114	-4.59994903096614
6.26591181251512e-07	-3.88982843673814	-5.48982843673814	-4.60406159621053	-4.59994366941901
6.52724908712662e-07	-3.89343549782663	-5.49343549782663	-4.60407535746613	-4.59993780044702
6.79732326988386e-07	-3.89715141291962	-5.49715141291962	-4.60408655840668	-4.59993138278392
7.07635896998916e-07	-3.90097809951237	-5.50097809951237	-4.60409528908299	-4.59992437258965
7.36458384439106e-07	-3.90491743693425	-5.50491743693425	-4.60410163789943	-4.59991672337954
7.66222853069321e-07	-3.90897126136183	-5.50897126136183	-4.60410569004649	-4.5999083859631
7.96952657492446e-07	-3.91314136062796	-5.51314136062796	-4.60410752606025	-4.59989930839393
8.28671435409041e-07	-3.91742946882598	-5.51742946882598	-4.60410722053025	-4.5998894359329
8.61403099343132e-07	-3.92183726070834	-5.52183726070834	-4.60410484097275	-4.59987871102652
8.95171827831744e-07	-3.92636634587986	-5.52636634587986	-4.60410044688205	-4.59986707330261
9.30002056071754e-07	-3.93101826278572	-5.53101826278572	-4.60409408896772	-4.59985445958576
9.65918466018347e-07	-3.93579447249542	-5.53579447249542	-4.60408580858134	-4.59984080393469
1.00294597592988e-06	-3.94069635228403	-5.54069635228403	-4.60407563733201	-4.59982603770436
1.04110972935466e-06	-3.9457251890129	-5.5457251890129	-4.60406359688617	-4.59981008963502
1.08043508355587e-06	-3.95088217231234	-5.55088217231234	-4.60404969894433	-4.59979288597128
1.12094759737148e-06	-3.95616838756976	-5.55616838756976	-4.60403394538406	-4.59977435061348
1.16267301850678e-06	-3.96158480872707	-5.56158480872707	-4.60401632855733	-4.59975440530435
1.20563727025797e-06	-3.96713229089199	-5.56713229089199	-4.60399683172808	-4.59973296985362
1.24986643766601e-06	-3.97281156276866	-5.57281156276866	-4.60397542963587	-4.59970996240303
1.29538675310057e-06	-3.97862321891347	-5.57862321891347	-4.60395208917065	-4.5996852997346
1.34222458127518e-06	-3.98456771182306	-5.58456771182306	-4.60392677014433	-4.59965889762429
1.39040640369498e-06	-3.99064534386199	-5.59064534386199	-4.60389942614547	-4.59963067124347
1.43995880253999e-06	-3.99685625903846	-5.59685625903846	-4.60387000546427	-4.5996005356102
1.490908443987e-06	-4.0032004346372	-5.6032004346372	-4.60383845207657	-4.59956840609184
1.54328206097489e-06	-4.00967767271972	-5.60967767271972	-4.60380470667678	-4.59953419896055
1.59710643541841e-06	-4.0162875915026	-5.6162875915026	-4.60376870775113	-4.59949783200246
1.65240837987695e-06	-4.02302961662557	-5.62302961662557	-4.60373039268404	-4.59945922518089
1.70921471868553e-06	-4.02990297232208	-5.62990297232209	-4.60368969889162	-4.5994183013535
1.76755226855625e-06	-4.03690667250574	-5.63690667250574	-4.60364656497732	-4.59937498704257
1.82744781865966e-06	-4.04403951178693	-5.64403951178693	-4.60360093190572	-4.59932921325662
1.88892811019611e-06	-4.05130005643508	-5.65130005643508	-4.60355274419067	-4.59928091636121
1.95201981546869e-06	-4.05868663530242	-5.65868663530242	-4.60350195109464	-4.59923003899549
2.01674951646997e-06	-4.06619733072656	-5.66619733072656	-4.60344850783575	-4.5991765310301
2.08314368299602e-06	-4.07382996942964	-5.67382996942964	-4.60339237679879	-4.5991203505613
2.15122865030218e-06	-4.08158211343298	-5.68158211343298	-4.60333352874587	-4.59906146493458
2.22103059631603e-06	-4.08945105100684	-5.68945105100685	-4.60327194402149	-4.59899985179022
2.2925755184243e-06	-4.09743378767593	-5.69743378767593	-4.60320761374587	-4.59893550012182
2.36588920985104e-06	-4.10552703730204	-5.70552703730204	-4.60314054098889	-4.59886841133745
2.44099723564608e-06	-4.11372721326604	-5.71372721326604	-4.60307074191594	-4.59879860031204
2.51792490830311e-06	-4.12203041977241	-5.72203041977241	-4.60299824689541	-4.598726096418
2.59669726302834e-06	-4.13043244329999	-5.73043244329999	-4.60292310155579	-4.59865094451985
2.67733903268147e-06	-4.13892874422391	-5.73892874422391	-4.60284536777947	-4.59857320591748
2.75987462241158e-06	-4.14751444863387	-5.74751444863387	-4.60276512461813	-4.59849295922122
2.84432808401184e-06	-4.15618434037537	-5.75618434037537	-4.60268246911394	-4.59841030114094
2.93072309001773e-06	-4.16493285334077	-5.76493285334077	-4.60259751700897	-4.59832534717037
3.01908290757432e-06	-4.1737540640384	-5.7737540640384	-4.60251040332464	-4.59823823214695
3.10943037209947e-06	-4.18264168446866	-5.78264168446866	-4.60242128279171	-4.59814911066687
3.20178786077025e-06	-4.19158905533762	-5.79158905533762	-4.60233033011119	-4.59805815733474
3.29617726586114e-06	-4.2005891396398	-5.8005891396398	-4.6022377400259	-4.59796556682694
3.39261996796315e-06	-4.20963451664426	-5.80963451664426	-4.60214372718251	-4.59787155374807
3.49113680911412e-06	-4.21871737632072	-5.81871737632072	-4.60204852576446	-4.59777635226065
3.59174806587093e-06	-4.22782951424664	-5.82782951424664	-4.60195238887665	-4.59768021546876
3.69447342235534e-06	-4.23696232704158	-5.83696232704158	-4.6018555876644	-4.5975834145382
3.79933194330587e-06	-4.24610680838384	-5.84610680838384	-4.60175841015039	-4.59748623753743
3.90634204716864e-06	-4.25525354567554	-5.85525354567554	-4.60166115977577	-4.59738898798589
4.01552147926091e-06	-4.26439271743972	-5.86439271743972	-4.60156415363406	-4.59729198309952
4.12688728504169e-06	-4.27351409155666	-5.87351409155666	-4.60146772038939	-4.59719555172651
4.24045578352403e-06	-4.28260702448058	-5.88260702448058	-4.60137219787427	-4.59710003197068
4.35624254086452e-06	-4.29166046162543	-5.89166046162543	-4.60127793036581	-4.59700576850455
4.4742623441656e-06	-4.30066293917364	-5.90066293917364	-4.60118526554362	-4.59691310957934
4.59452917552698e-06	-4.30960258765129	-5.90960258765129	-4.60109455113728	-4.59682240374574
4.71705618638251e-06	-4.31846713773234	-5.91846713773234	-4.60100613127662	-4.59673399630548
4.84185567215947e-06	-4.32724392889243	-5.92724392889243	-4.60092034256349	-4.59664822552228
4.96893904729713e-06	-4.33591992173537	-5.93591992173537	-4.60083750989054	-4.59656541862891
5.0983168206619e-06	-4.34448171507053	-5.94448171507053	-4.60075794204046	-4.59648588767807
5.22999857139624e-06	-4.35291556912921	-5.95291556912921	-4.60068192710836	-4.59640992529587
5.36399292523878e-06	-4.36120743667221	-5.96120743667221	-4.60060972780287	-4.59633780041128
5.50030753135293e-06	-4.36934300414538	-5.96934300414538	-4.60054157669673	-4.59626975405017
5.6389490397012e-06	-4.37730774546121	-5.97730774546121	-4.60047767151846	-4.59620599530157
5.77992307900238e-06	-4.38508699137588	-5.98508699137588	-4.60041817060211	-4.59614669758338
5.92323423530842e-06	-4.39266601772529	-5.99266601772529	-4.60036318864313	-4.59609199535644
6.06888603123773e-06	-4.40003015588581	-6.00003015588581	-4.60031279294379	-4.59604198145527
6.21688090590101e-06	-4.40716492861919	-6.00716492861919	-4.60026700036839	-4.59599670521935
6.36722019555563e-06	-4.41405621381571	-6.01405621381571	-4.60022577526117	-4.59595617161429
6.5199041150238e-06	-4.42069043743998	-6.02069043743998	-4.60018902860043	-4.59592034152188
6.6749317399095e-06	-4.4270547951209	-6.0270547951209	-4.6001566186605	-4.59588913334546
6.83230098964826e-06	-4.43313749929314	-6.03313749929314	-4.6001283534174	-4.59586242601628
6.99200861142341e-06	-4.43892804568955	-6.03892804568955	-4.60010399485487	-4.5958400633954
7.15405016498153e-06	-4.44441748954138	-6.04441748954138	-4.6000832652017	-4.59582185994858
7.31842000837912e-06	-4.44959871846012	-6.04959871846012	-4.60006585496321	-4.59580760743862
7.48511128469147e-06	-4.45446670616943	-6.05446670616943	-4.60005143241771	-4.59579708225021
7.65411590971394e-06	-4.45901872959845	-6.05901872959846	-4.60003965406093	-4.59579005286186
7.82542456068475e-06	-4.46325453185275	-6.06325453185275	-4.60003017533272	-4.59578628693152
7.99902666605726e-06	-4.4671764155706	-6.0671764155706	-4.60002266088664	-4.59578555748676
8.17491039634862e-06	-4.47078925517687	-6.07078925517687	-4.60001679368522	-4.59578764780838
8.3530626560906e-06	-4.47410042223227	-6.07410042223227	-4.6000122823277	-4.59579235476112
8.53346907690674e-06	-4.47711962477717	-6.07711962477717	-4.60000886622248	-4.5957994905212
8.71611401173927e-06	-4.47985866840345	-6.07985866840345	-4.60000631846649	-4.59580888284408
8.90098053024712e-06	-4.48233115282285	-6.08233115282285	-4.60000444654242	-4.59582037417531
9.08805041539565e-06	-4.48455212215	-6.08455212215	-4.60000309114889	-4.59583381998944
9.27730416125661e-06	-4.48653768948897	-6.08653768948897	-4.6000021236103	-4.59584908676739
9.46872097203571e-06	-4.4883046565792	-6.0883046565792	-4.60000144236237	-4.59586604996711
9.6622787623435e-06	-4.48987014744582	-6.08987014744583	-4.60000096898571	-4.59588459225206
9.85795415872344e-06	-4.49125127169946	-6.09125127169946	-4.60000064418307	-4.5959046021336
1.00557225024497e-05	-4.49246482895934	-6.09246482895935	-4.60000042399249	-4.59592597307699
1.02555578536051e-05	-4.49352706145192	-6.09352706145192	-4.60000027642077	-4.59594860303613
1.04574329964484e-05	-4.49445345768304	-6.09445345768304	-4.60000017858673	-4.59597239433378
1.06613194460779e-05	-4.49525860655966	-6.09525860655966	-4.60000011439036	-4.59599725378262
1.08671874563963e-05	-4.4959560986377	-6.0959560986377	-4.6000000726739	-4.59602309293341
1.10750060293806e-05	-4.49655846934283	-6.09655846934283	-4.60000004581352	-4.59604982835309
1.12847429256596e-05	-4.49707717798216	-6.09707717798217	-4.60000002866829	-4.59607738187813
1.14963646763958e-05	-4.49752261600574	-6.09752261600574	-4.60000001781388	-4.5961056807836
1.17098365964736e-05	-4.4979041381254	-6.0979041381254	-4.60000001099533	-4.59613465784916
1.19251227989853e-05	-4.49823011039527	-6.09823011039527	-4.60000000674348	-4.59616425132141
1.21421862110126e-05	-4.4985079700614	-6.0985079700614	-4.60000000411061	-4.59619440477594
1.23609885906936e-05	-4.49874429278486	-6.09874429278486	-4.60000000249104	-4.59622506689728
1.25814905455648e-05	-4.49894486365017	-6.09894486365017	-4.60000000150107	-4.5962561911842
1.28036515521685e-05	-4.49911474913194	-6.09911474913194	-4.60000000089957	-4.59628773562561
1.30274299769096e-05	-4.49925836787579	-6.09925836787579	-4.6000000005362	-4.59631966233718
1.3252783098147e-05	-4.49937955873738	-6.09937955873738	-4.60000000031788	-4.59635193718523
1.3479667129502e-05	-4.49948164501295	-6.09948164501295	-4.60000000018741	-4.59638452941522
1.37080372443639e-05	-4.49956749419056	-6.09956749419056	-4.60000000010982	-4.59641741129339
1.39378476015714e-05	-4.49963957286161	-6.09963957286161	-4.6000000000639	-4.59645055776064
1.41690513722462e-05	-4.49969999666917	-6.09969999666917	-4.60000000003686	-4.59648394611286
1.44016007677545e-05	-4.49975057534431	-6.09975057534431	-4.600000000021	-4.5965175557008
1.46354470687687e-05	-4.49979285300544	-6.09979285300544	-4.60000000001174	-4.59655136766754
1.48705406554005e-05	-4.49982814397945	-6.09982814397945	-4.60000000000636	-4.59658536470439
1.51068310383762e-05	-4.49985756445472	-6.09985756445472	-4.60000000000325	-4.59661953083434
1.53442668912202e-05	-4.49988206030412	-6.09988206030413	-4.60000000000146	-4.59665385121757
1.55827960834148e-05	-4.49990243142559	-6.09990243142559	-4.60000000000043	-4.59668831199751
1.58223657144995e-05	-4.49991935294451	-6.09991935294451	-4.59999999999985	-4.59672290014724
1.60629221490743e-05	-4.49993339360998	-6.09993339360998	-4.59999999999952	-4.59675760333753
1.63044110526672e-05	-4.49994503169849	-6.09994503169849	-4.59999999999933	-4.59679240983874
1.65467774284272e-05	-4.49995466871668	-6.09995466871668	-4.59999999999923	-4.59682730842214
1.67899656546015e-05	-4.49996264117092	-6.09996264117092	-4.59999999999918	-4.59686228828626
1.70339195227535e-05	-4.49996923064681	-6.09996923064681	-4.59999999999915	-4.59689733898952
1.72785822766799e-05	-4.49997467241781	-6.09997467241781	-4.59999999999914	-4.59693245038026
1.75238966519796e-05	-4.49997916277836	-6.09997916277836	-4.59999999999914	-4.59696761257658
1.77698049162305e-05	-4.49998286527536	-6.09998286527536	-4.59999999999915	-4.59700281589999
1.80162489097262e-05	-4.49998591599109	-6.09998591599109	-4.59999999999915	-4.59703805085687
1.82631700867253e-05	-4.49998842801211	-6.09998842801211	-4.59999999999916	-4.59707330811998
1.85105095571636e-05	-4.49999049520161	-6.09999049520161	-4.59999999999917	-4.59710857849442
1.87582081287812e-05	-4.49999219537731	-6.09999219537732	-4.59999999999918	-4.59714385289742
1.90062063496129e-05	-4.4999935929836	-6.0999935929836	-4.59999999999919	-4.59717912235849
1.92544445507917e-05	-4.49999474133405	-6.09999474133405	-4.59999999999919	-4.59721437801155
1.9502862889614e-05	-4.49999568449032	-6.09999568449032	-4.59999999999921	-4.59724961106861
1.97514013928147e-05	-4.49999645883361	-6.09999645883361	-4.59999999999921	-4.59728481283302
2e-05	-4.49999709437693	-6.09999709437693	-4.59999999999922	-4.59731997468226
2.02485986071853e-05	-4.49999761585922	-6.09999761585922	-4.59999999999923	-4.59735508807563
2.0497137110386e-05	-4.49999804365627	-6.09999804365627	-4.59999999999924	-4.59739014455197
2.07455554492083e-05	-4.49999839453807	-6.09999839453807	-4.59999999999925	-4.59742513572523
2.09937936503871e-05	-4.49999868229757	-6.09999868229758	-4.59999999999926	-4.5974600532936
2.12417918712188e-05	-4.49999891827215	-6.09999891827216	-4.59999999999927	-4.59749488902867
2.14894904428364e-05	-4.49999911177543	-6.09999911177543	-4.59999999999928	-4.59752963479113
2.17368299132747e-05	-4.49999927045453	-6.09999927045453	-4.59999999999929	-4.5975642825256
2.19837510902738e-05	-4.49999940058534	-6.09999940058534	-4.5999999999993	-4.59759882427774
2.22301950837695e-05	-4.49999950731623	-6.09999950731623	-4.59999999999931	-4.59763325216805
2.24761033480204e-05	-4.49999959486904	-6.09999959486905	-4.59999999999932	-4.59766755842476
2.27214177233201e-05	-4.49999966670477	-6.09999966670477	-4.59999999999933	-4.59770173537844
2.29660804772465e-05	-4.49999972565986	-6.09999972565986	-4.59999999999934	-4.59773577545601
2.32100343453986e-05	-4.49999977405845	-6.09999977405845	-4.59999999999935	-4.59776967120053
2.34532225715728e-05	-4.49999981380454	-6.09999981380454	-4.59999999999936	-4.59780341526858
2.36955889473328e-05	-4.49999984645778	-6.09999984645778	-4.59999999999937	-4.59783700041111
2.39370778509257e-05	-4.49999987329562	-6.09999987329562	-4.59999999999938	-4.59787041953523
2.41776342855005e-05	-4.49999989536435	-6.09999989536435	-4.59999999999939	-4.59790366564436
2.44172039165852e-05	-4.49999991352098	-6.09999991352098	-4.59999999999939	-4.59793673187905
2.46557331087798e-05	-4.49999992846747	-6.09999992846747	-4.5999999999994	-4.59796961151034
2.48931689616238e-05	-4.4999999407789	-6.0999999407789	-4.59999999999941	-4.59800229794583
2.51294593445995e-05	-4.49999995092644	-6.09999995092644	-4.59999999999942	-4.59803478471661
2.53645529312313e-05	-4.49999995929623	-6.09999995929623	-4.59999999999943	-4.59806706551325
2.55983992322455e-05	-4.49999996620478	-6.09999996620478	-4.59999999999944	-4.59809913416867
2.58309486277538e-05	-4.49999997191162	-6.09999997191162	-4.59999999999945	-4.5981309846501
2.60621523984286e-05	-4.49999997662962	-6.09999997662962	-4.59999999999946	-4.59816261107912
2.62919627556361e-05	-4.49999998053344	-6.09999998053344	-4.59999999999947	-4.5981940077352
2.6520332870498e-05	-4.49999998376647	-6.09999998376647	-4.59999999999948	-4.59822516906099
2.6747216901853e-05	-4.49999998644644	-6.09999998644644	-4.59999999999949	-4.59825608962761
2.69725700230904e-05	-4.49999998867011	-6.09999998867011	-4.5999999999995	-4.59828676419573
2.71963484478315e-05	-4.49999999051701	-6.09999999051701	-4.5999999999995	-4.5983171876634
2.74185094544352e-05	-4.49999999205257	-6.09999999205257	-4.59999999999951	-4.59834735511797
2.76390114093064e-05	-4.49999999333063	-6.09999999333063	-4.59999999999952	-4.59837726179048
2.78578137889874e-05	-4.49999999439554	-6.09999999439554	-4.59999999999953	-4.59840690308491
2.80748772010148e-05	-4.49999999528386	-6.09999999528386	-4.59999999999954	-4.59843627457031
2.82901634035264e-05	-4.49999999602573	-6.09999999602573	-4.59999999999955	-4.59846537199702
2.85036353236042e-05	-4.49999999664603	-6.09999999664603	-4.59999999999955	-4.59849419127003
2.87152570743404e-05	-4.49999999716533	-6.09999999716533	-4.59999999999956	-4.59852272848061
2.89249939706194e-05	-4.4999999976006	-6.0999999976006	-4.59999999999957	-4.5985509798674
2.91328125436037e-05	-4.49999999796592	-6.09999999796592	-4.59999999999958	-4.59857894187622
2.93386805539221e-05	-4.49999999827292	-6.09999999827292	-4.59999999999959	-4.59860661109281
2.95425670035516e-05	-4.49999999853125	-6.09999999853125	-4.59999999999959	-4.59863398429011
2.97444421463949e-05	-4.49999999874893	-6.09999999874893	-4.5999999999996	-4.59866105842011
2.99442774975503e-05	-4.49999999893261	-6.09999999893261	-4.59999999999961	-4.59868783059852
3.01420458412766e-05	-4.49999999908781	-6.09999999908781	-4.59999999999962	-4.59871429811462
3.03377212376565e-05	-4.49999999921914	-6.09999999921914	-4.59999999999962	-4.59874045843397
3.05312790279643e-05	-4.49999999933042	-6.09999999933042	-4.59999999999963	-4.59876630920038
3.07226958387434e-05	-4.49999999942486	-6.09999999942486	-4.59999999999964	-4.59879184819843
3.09119495846044e-05	-4.49999999950512	-6.09999999950512	-4.59999999999965	-4.59881707341578
3.10990194697529e-05	-4.49999999957343	-6.09999999957343	-4.59999999999965	-4.59884198300809
3.12838859882607e-05	-4.49999999963166	-6.09999999963166	-4.59999999999966	-4.59886657527768
3.14665309230933e-05	-4.49999999968138	-6.09999999968138	-4.59999999999967	-4.59889084871142
3.16469373439094e-05	-4.49999999972389	-6.09999999972389	-4.59999999999968	-4.59891480195556
3.18250896036514e-05	-4.49999999976029	-6.09999999976029	-4.59999999999968	-4.5989384338214
3.20009733339427e-05	-4.49999999979152	-6.09999999979152	-4.59999999999969	-4.59896174328754
3.21745754393153e-05	-4.49999999981834	-6.09999999981834	-4.5999999999997	-4.59898472949615
3.23458840902861e-05	-4.49999999984142	-6.09999999984142	-4.5999999999997	-4.59900739172451
3.25148887153085e-05	-4.49999999986131	-6.09999999986131	-4.59999999999971	-4.59902972944556
3.26815799916209e-05	-4.49999999987848	-6.09999999987848	-4.59999999999972	-4.59905174225316
3.28459498350185e-05	-4.49999999989332	-6.09999999989332	-4.59999999999972	-4.59907342991417
3.30079913885766e-05	-4.49999999990618	-6.09999999990618	-4.59999999999973	-4.59909479234994
3.31676990103517e-05	-4.49999999991733	-6.09999999991733	-4.59999999999973	-4.59911582961209
3.33250682600905e-05	-4.49999999992702	-6.09999999992702	-4.59999999999974	-4.59913654191648
3.34800958849762e-05	-4.49999999993545	-6.09999999993545	-4.59999999999975	-4.59915692961172
3.36327798044444e-05	-4.4999999999428	-6.0999999999428	-4.59999999999975	-4.59917699318649
3.3783119094099e-05	-4.49999999994921	-6.09999999994921	-4.59999999999976	-4.599196733285
3.39311139687623e-05	-4.49999999995482	-6.09999999995482	-4.59999999999976	-4.5992161506685
3.40767657646916e-05	-4.49999999995974	-6.09999999995974	-4.59999999999977	-4.59923524624947
3.42200769209976e-05	-4.49999999996405	-6.09999999996405	-4.59999999999977	-4.59925402104331
3.43610509602988e-05	-4.49999999996784	-6.09999999996784	-4.59999999999978	-4.59927247622083
3.44996924686471e-05	-4.49999999997117	-6.09999999997117	-4.59999999999979	-4.5992906130629
3.46360070747612e-05	-4.49999999997411	-6.09999999997412	-4.59999999999979	-4.59930843297079
3.47700014286038e-05	-4.49999999997671	-6.09999999997671	-4.5999999999998	-4.59932593747754
3.49016831793381e-05	-4.49999999997901	-6.09999999997901	-4.5999999999998	-4.59934312821923
3.50310609527029e-05	-4.49999999998105	-6.09999999998105	-4.59999999999981	-4.59936000694418
3.51581443278405e-05	-4.49999999998285	-6.09999999998285	-4.59999999999981	-4.59937657551717
3.52829438136175e-05	-4.49999999998446	-6.09999999998446	-4.59999999999982	-4.59939283589989
3.5405470824473e-05	-4.49999999998589	-6.09999999998589	-4.59999999999982	-4.59940879015649
3.55257376558344e-05	-4.49999999998716	-6.09999999998716	-4.59999999999983	-4.59942444046292
3.56437574591355e-05	-4.4999999999883	-6.0999999999883	-4.59999999999983	-4.59943978907406
3.5759544216476e-05	-4.49999999998932	-6.09999999998932	-4.59999999999984	-4.59945483834654
3.58731127149583e-05	-4.49999999999023	-6.09999999999023	-4.59999999999984	-4.59946959072403
3.59844785207391e-05	-4.49999999999105	-6.09999999999105	-4.59999999999984	-4.59948404873636
3.60936579528314e-05	-4.49999999999179	-6.09999999999179	-4.59999999999985	-4.5994982149901
3.62006680566941e-05	-4.49999999999245	-6.09999999999245	-4.59999999999985	-4.59951209218128
3.63055265776447e-05	-4.49999999999305	-6.09999999999305	-4.59999999999986	-4.5995256830783
3.64082519341291e-05	-4.49999999999359	-6.09999999999359	-4.59999999999986	-4.59953899050761
3.65088631908859e-05	-4.49999999999408	-6.09999999999408	-4.59999999999986	-4.5995520173831
3.66073800320368e-05	-4.49999999999452	-6.09999999999452	-4.59999999999987	-4.59956476667385
3.67038227341389e-05	-4.49999999999492	-6.09999999999492	-4.59999999999987	-4.5995772414154
3.67982121392297e-05	-4.49999999999529	-6.09999999999529	-4.59999999999988	-4.59958944469845
3.68905696279005e-05	-4.49999999999562	-6.09999999999562	-4.59999999999988	-4.59960137966732
3.69809170924257e-05	-4.49999999999592	-6.09999999999592	-4.59999999999988	-4.59961304952661
3.70692769099823e-05	-4.4999999999962	-6.0999999999962	-4.59999999999989	-4.59962445751947
3.71556719159882e-05	-4.49999999999645	-6.09999999999645	-4.59999999999989	-4.59963560694284
3.72401253775884e-05	-4.49999999999668	-6.09999999999668	-4.59999999999989	-4.59964650113085
3.73226609673185e-05	-4.49999999999689	-6.09999999999689	-4.5999999999999	-4.59965714345825
3.74033027369717e-05	-4.49999999999709	-6.09999999999709	-4.5999999999999	-4.59966753733614
3.74820750916969e-05	-4.49999999999727	-6.09999999999727	-4.5999999999999	-4.59967768620794
3.75590027643539e-05	-4.49999999999743	-6.09999999999743	-4.59999999999991	-4.59968759354905
3.7634110790149e-05	-4.49999999999759	-6.09999999999759	-4.59999999999991	-4.59969726285657
3.77074244815757e-05	-4.49999999999773	-6.09999999999773	-4.59999999999991	-4.59970669766193
3.7778969403684e-05	-4.49999999999786	-6.09999999999786	-4.59999999999991	-4.59971590150223
3.78487713496978e-05	-4.49999999999798	-6.09999999999798	-4.59999999999992	-4.59972487794511
3.7916856317004e-05	-4.49999999999809	-6.09999999999809	-4.59999999999992	-4.59973363056996
3.798325048353e-05	-4.49999999999819	-6.09999999999819	-4.59999999999992	-4.59974216296808
3.80479801845313e-05	-4.49999999999829	-6.09999999999829	-4.59999999999992	-4.59975047873715
3.81110718898039e-05	-4.49999999999838	-6.09999999999838	-4.59999999999993	-4.59975858148913
3.81725521813403e-05	-4.49999999999846	-6.09999999999846	-4.59999999999993	-4.59976647483663
3.82324477314437e-05	-4.49999999999854	-6.09999999999854	-4.59999999999993	-4.59977416239317
3.82907852813145e-05	-4.49999999999861	-6.09999999999861	-4.59999999999993	-4.59978164777304
3.8347591620123e-05	-4.49999999999868	-6.09999999999868	-4.59999999999994	-4.59978893458867
3.84028935645816e-05	-4.49999999999875	-6.09999999999875	-4.59999999999994	-4.59979602644807
3.84567179390251e-05	-4.49999999999881	-6.09999999999881	-4.59999999999994	-4.59980292695028
3.8509091556013e-05	-4.49999999999886	-6.09999999999887	-4.59999999999994	-4.59980963968327
3.856004119746e-05	-4.49999999999892	-6.09999999999892	-4.59999999999994	-4.59981616822588
3.8609593596305e-05	-4.49999999999897	-6.09999999999897	-4.59999999999995	-4.59982251614343
3.86577754187248e-05	-4.49999999999902	-6.09999999999902	-4.59999999999995	-4.59982868698195
3.87046132468994e-05	-4.49999999999906	-6.09999999999906	-4.59999999999995	-4.599834684272
3.8750133562334e-05	-4.4999999999991	-6.09999999999911	-4.59999999999995	-4.59984051152469
3.8794362729742e-05	-4.49999999999915	-6.09999999999915	-4.59999999999995	-4.5998461722282
3.88373269814932e-05	-4.49999999999918	-6.09999999999918	-4.59999999999995	-4.59985166985098
3.88790524026285e-05	-4.49999999999922	-6.09999999999922	-4.59999999999996	-4.59985700783187
3.89195649164441e-05	-4.49999999999925	-6.09999999999926	-4.59999999999996	-4.59986218958505
3.89588902706453e-05	-4.49999999999929	-6.09999999999929	-4.59999999999996	-4.59986721849972
3.89970540240701e-05	-4.49999999999932	-6.09999999999932	-4.59999999999996	-4.59987209792846
3.90340815339817e-05	-4.49999999999935	-6.09999999999935	-4.59999999999996	-4.59987683120147
3.90699979439283e-05	-4.49999999999938	-6.09999999999938	-4.59999999999996	-4.59988142160995
3.91048281721683e-05	-4.4999999999994	-6.0999999999994	-4.59999999999997	-4.59988587241437
3.91385969006569e-05	-4.49999999999943	-6.09999999999943	-4.59999999999997	-4.59989018683935
3.9171328564591e-05	-4.49999999999945	-6.09999999999945	-4.59999999999997	-4.59989436807721
3.92030473425076e-05	-4.49999999999948	-6.09999999999948	-4.59999999999997	-4.59989841927761
3.92337771469307e-05	-4.4999999999995	-6.0999999999995	-4.59999999999997	-4.59990234355794
3.92635416155609e-05	-4.49999999999952	-6.09999999999952	-4.59999999999997	-4.59990614399138
3.92923641030011e-05	-4.49999999999954	-6.09999999999954	-4.59999999999997	-4.59990982361654
3.93202676730116e-05	-4.49999999999956	-6.09999999999956	-4.59999999999997	-4.59991338542655
3.93472750912873e-05	-4.49999999999958	-6.09999999999958	-4.59999999999997	-4.59991683237711
3.93734088187485e-05	-4.4999999999996	-6.0999999999996	-4.59999999999998	-4.59992016737999
3.9398691005337e-05	-4.49999999999962	-6.09999999999962	-4.59999999999998	-4.59992339330439
3.94231434843093e-05	-4.49999999999963	-6.09999999999963	-4.59999999999998	-4.59992651297713
3.94467877670163e-05	-4.49999999999965	-6.09999999999965	-4.59999999999998	-4.59992952918042
3.9469645038161e-05	-4.49999999999966	-6.09999999999966	-4.59999999999998	-4.59993244465233
3.94917361515231e-05	-4.49999999999968	-6.09999999999968	-4.59999999999998	-4.599935262087
3.95130816261407e-05	-4.49999999999969	-6.09999999999969	-4.59999999999998	-4.5999379841322
3.95337016429387e-05	-4.49999999999971	-6.09999999999971	-4.59999999999998	-4.59994061339179
3.95536160417913e-05	-4.49999999999972	-6.09999999999972	-4.59999999999998	-4.59994315242402
3.957284431901e-05	-4.49999999999973	-6.09999999999973	-4.59999999999998	-4.59994560374013
3.95914056252426e-05	-4.49999999999974	-6.09999999999974	-4.59999999999998	-4.59994796980611
3.96093187637742e-05	-4.49999999999975	-6.09999999999976	-4.59999999999998	-4.59995025304247
3.96266021892162e-05	-4.49999999999977	-6.09999999999977	-4.59999999999999	-4.59995245582305
3.96432740065732e-05	-4.49999999999978	-6.09999999999978	-4.59999999999999	-4.59995458047607
3.96593519706745e-05	-4.49999999999979	-6.09999999999979	-4.59999999999999	-4.59995662928216
3.96748534859578e-05	-4.4999999999998	-6.0999999999998	-4.59999999999999	-4.59995860447786
3.96897956065941e-05	-4.49999999999981	-6.09999999999981	-4.59999999999999	-4.59996050825235
3.97041950369407e-05	-4.49999999999982	-6.09999999999982	-4.59999999999999	-4.59996234274989
3.97180681323091e-05	-4.49999999999982	-6.09999999999982	-4.59999999999999	-4.59996411006865
3.97314309000377e-05	-4.49999999999983	-6.09999999999983	-4.59999999999999	-4.59996581226138
3.97442990008543e-05	-4.49999999999984	-6.09999999999984	-4.59999999999999	-4.59996745133565
3.97566877505188e-05	-4.49999999999985	-6.09999999999985	-4.59999999999999	-4.59996902925411
3.97686121217309e-05	-4.49999999999986	-6.09999999999986	-4.59999999999999	-4.59997054793513
3.9780086746294e-05	-4.49999999999986	-6.09999999999986	-4.59999999999999	-4.59997200925184
3.979112591752e-05	-4.49999999999987	-6.09999999999987	-4.59999999999999	-4.59997341503473
3.98017435928652e-05	-4.49999999999988	-6.09999999999988	-4.59999999999999	-4.59997476707008
3.98119533967848e-05	-4.49999999999988	-6.09999999999988	-4.59999999999999	-4.59997606710083
3.9821768623794e-05	-4.49999999999989	-6.09999999999989	-4.59999999999999	-4.59997731682777
3.98312022417245e-05	-4.4999999999999	-6.0999999999999	-4.59999999999999	-4.5999785179092
3.9840266895165e-05	-4.4999999999999	-6.0999999999999	-4.59999999999999	-4.59997967196168
3.98489749090744e-05	-4.49999999999991	-6.09999999999991	-4.59999999999999	-4.59998078056053
3.98573382925565e-05	-4.49999999999991	-6.09999999999991	-4.59999999999999	-4.59998184524016
3.98653687427858e-05	-4.49999999999992	-6.09999999999992	-4.59999999999999	-4.59998286749537
3.98730776490735e-05	-4.49999999999992	-6.09999999999992	-4.59999999999999	-4.59998384878075
3.98804760970636e-05	-4.49999999999993	-6.09999999999993	-4.59999999999999	-4.599984790512
3.98875748730483e-05	-4.49999999999993	-6.09999999999993	-4.6	-4.59998569406648
3.98943844683938e-05	-4.49999999999993	-6.09999999999993	-4.6	-4.59998656078336
3.99009150840655e-05	-4.49999999999994	-6.09999999999994	-4.6	-4.59998739196464
3.99071766352448e-05	-4.49999999999994	-6.09999999999994	-4.6	-4.59998818887577
3.99131787560267e-05	-4.49999999999995	-6.09999999999995	-4.6	-4.599988952746
3.99189308041904e-05	-4.49999999999995	-6.09999999999995	-4.6	-4.59998968476902
3.99244418660339e-05	-4.49999999999995	-6.09999999999995	-4.6	-4.59999038610384
3.99297207612643e-05	-4.49999999999996	-6.09999999999996	-4.6	-4.59999105787551
3.9934776047935e-05	-4.49999999999996	-6.09999999999996	-4.6	-4.59999170117516
3.99396160274234e-05	-4.49999999999996	-6.09999999999996	-4.6	-4.59999231706135
3.99442487494403e-05	-4.49999999999997	-6.09999999999997	-4.6	-4.59999290656024
3.99486820170638e-05	-4.49999999999997	-6.09999999999997	-4.6	-4.59999347066667
3.99529233917918e-05	-4.49999999999997	-6.09999999999997	-4.6	-4.59999401034435
3.99569801986046e-05	-4.49999999999997	-6.09999999999997	-4.6	-4.59999452652677
3.99608595310329e-05	-4.49999999999998	-6.09999999999998	-4.6	-4.59999502011799
3.99645682562238e-05	-4.49999999999998	-6.09999999999998	-4.6	-4.59999549199293
3.99681130199994e-05	-4.49999999999998	-6.09999999999998	-4.6	-4.59999594299842
3.9971500251902e-05	-4.49999999999998	-6.09999999999998	-4.6	-4.59999637395353
3.99747361702213e-05	-4.49999999999998	-6.09999999999998	-4.6	-4.59999678565039
3.99778267869972e-05	-4.49999999999999	-6.09999999999999	-4.6	-4.5999971788548
3.99807779129949e-05	-4.49999999999999	-6.09999999999999	-4.6	-4.59999755430687
3.99835951626461e-05	-4.49999999999999	-6.09999999999999	-4.6	-4.59999791272166
3.99862839589532e-05	-4.49999999999999	-6.09999999999999	-4.6	-4.59999825478978
3.99888495383517e-05	-4.49999999999999	-6.09999999999999	-4.6	-4.59999858117803
3.99912969555275e-05	-4.49999999999999	-6.09999999999999	-4.6	-4.59999889253006
3.99936310881849e-05	-4.5	-6.1	-4.6	-4.59999918946693
3.9995856641762e-05	-4.5	-6.1	-4.6	-4.59999947258771
3.99979781540911e-05	-4.5	-6.1	-4.6	-4.59999974247013
4e-05	-4.5	-6.1	-4.6	-4.59999999967114
