Position  (cm)	Ecb (eV)	Evb (eV)	Efn (eV)	Efp (eV)
0	-3	-6	-4.50000181102276	-4.49999818897724
1.35886495081699e-09	-3	-6	-4.50000276300626	-4.49999723699374
2.80761188759511e-09	-3	-6	-4.50000377799721	-4.49999622200279
4.3515222362309e-09	-3	-6	-4.50000485970345	-4.49999514029655
5.99613985917168e-09	-3	-6	-4.50000601201777	-4.49999398798223
7.7472808530953e-09	-3	-6	-4.50000723902499	-4.49999276097501
9.61104350254161e-09	-3	-6	-4.50000854500908	-4.49999145499092
1.15938183775694e-08	-3	-6	-4.50000993446037	-4.49999006553963
1.37022985623326e-08	-3	-6	-4.50001141208298	-4.49998858791702
1.59434900003054e-08	-3	-6	-4.50001298280222	-4.49998701719778
1.83247219406346e-08	-3	-6	-4.50001465177218	-4.49998534822782
2.08536574688818e-08	-3	-6	-4.50001642438337	-4.49998357561663
2.35383041040966e-08	-3	-6	-4.50001830627043	-4.49998169372957
2.63870244429042e-08	-3	-6	-4.5000203033199	-4.4999796966801
2.94085468299207e-08	-3	-6	-4.50002242167806	-4.49997757832194
3.26119760325174e-08	-3	-6	-4.50002466775881	-4.49997533224119
3.60068038965432e-08	-3	-6	-4.50002704825151	-4.49997295174849
3.96029199583003e-08	-3	-6	-4.50002957012893	-4.49997042987107
4.34106219866622e-08	-3	-6	-4.50003224065514	-4.49996775934486
4.74406264278637e-08	-3	-6	-4.50003506739334	-4.49996493260666
5.17040787241154e-08	-3	-6	-4.50003805821375	-4.49996194178625
5.62125634758406e-08	-3	-6	-4.50004122130139	-4.49995877869861
6.09781144159812e-08	-3	-6	-4.50004456516374	-4.49995543483626
6.60132241634759e-08	-3	-6	-4.50004809863842	-4.49995190136158
7.133085372175e-08	-3	-6	-4.50005183090066	-4.49994816909934
7.69444416867226e-08	-3	-6	-4.50005577147072	-4.49994422852928
8.28679131276684e-08	-3	-6	-4.50005993022107	-4.49994006977893
8.91156881030186e-08	-3	-6	-4.5000643173835	-4.4999356826165
9.5702689772089e-08	-3	-6	-4.50006894355593	-4.49993105644407
1.02644352062618e-07	-3	-6	-4.50007381970912	-4.49992618029088
1.09956626852978e-07	-3	-6	-4.50007895719301	-4.49992104280699
1.17655990626992e-07	-3	-6	-4.50008436774294	-4.49991563225706
1.25759450558387e-07	-3	-6	-4.50009006348544	-4.49990993651456
1.34284549981169e-07	-3	-6	-4.50009605694384	-4.49990394305616
1.43249373201489e-07	-3	-6	-4.50010236104347	-4.49989763895653
1.52672549605984e-07	-3	-6	-4.50010898911649	-4.49989101088351
1.62573257021119e-07	-3	-6	-4.50011595490642	-4.49988404509358
1.72971224277633e-07	-3	-6	-4.50012327257216	-4.49987672742784
1.83886732934038e-07	-3	-6	-4.50013095669166	-4.49986904330834
1.95340618112904e-07	-3	-6	-4.50013902226506	-4.49986097773494
2.07354268403788e-07	-3	-6	-4.50014748471745	-4.49985251528255
2.19949624786734e-07	-3	-6	-4.50015635990097	-4.49984364009903
2.33149178530677e-07	-3	-6	-4.50016566409653	-4.49983433590347
2.46975968021493e-07	-3	-6	-4.50017541401491	-4.49982458598509
2.61453574475102e-07	-3	-6	-4.50018562679723	-4.49981437320277
2.76606116491835e-07	-3	-6	-4.5001963200149	-4.4998036799851
2.9245824340924e-07	-3	-6	-4.50020751166893	-4.49979248833107
3.09035127411672e-07	-3	-6	-4.5002192201885	-4.4997807798115
3.26362454356331e-07	-3	-6	-4.50023146442902	-4.49976853557098
3.44466413276954e-07	-3	-6	-4.50024426366933	-4.49975573633067
3.63373684528077e-07	-3	-6	-4.50025763760831	-4.49974236239169
3.83111426534661e-07	-3	-6	-4.50027160636068	-4.49972839363932
4.03707261114023e-07	-3	-6	-4.50028619045211	-4.49971380954789
4.25189257339262e-07	-3	-6	-4.50030141081354	-4.49969858918646
4.47585913915872e-07	-3	-6	-4.50031728877465	-4.49968271122535
4.7092614004595e-07	-3	-6	-4.50033384605667	-4.49966615394333
4.95239234757234e-07	-3	-6	-4.50035110476424	-4.49964889523576
5.20554864677329e-07	-3	-6	-4.50036908737649	-4.49963091262351
5.46903040236704e-07	-3	-6	-4.50038781673731	-4.49961218326269
5.74314090287521e-07	-3	-6	-4.50040731604475	-4.49959268395525
6.02818635128987e-07	-3	-6	-4.5004276088395	-4.4995723911605
6.32447557933704e-07	-3	-6	-4.50044871899262	-4.49955128100738
6.6323197457352e-07	-3	-6	-4.50047067069226	-4.49952932930774
6.95203201847492e-07	-3	-6	-4.50049348842964	-4.49950651157036
7.28392724118897e-07	-3	-6	-4.50051719698399	-4.49948280301601
7.62832158372661e-07	-3	-6	-4.50054182140675	-4.49945817859325
7.98553217709206e-07	-3	-6	-4.50056738700479	-4.49943261299521
8.35587673295352e-07	-3	-6	-4.50059391932277	-4.49940608067723
8.73967314797825e-07	-3	-6	-4.50062144412461	-4.49937855587539
9.1372390932983e-07	-3	-6	-4.50064998737408	-4.49935001262592
9.54889158946111e-07	-3	-6	-4.50067957521452	-4.49932042478548
9.97494656727125e-07	-3	-6	-4.50071023394772	-4.49928976605228
1.04157184149801e-06	-3	-6	-4.50074199001182	-4.49925800998818
1.08715195123332e-06	-3	-6	-4.50077486995854	-4.49922513004146
1.13426597520365e-06	-3	-6	-4.50080890042938	-4.49919109957062
1.18294460492552e-06	-3	-6	-4.50084410813117	-4.49915589186883
1.23321818398125e-06	-3	-6	-4.50088051981066	-4.49911948018934
1.28511665678053e-06	-3	-6	-4.50091816222837	-4.49908183777163
1.33866951634073e-06	-3	-6	-4.50095706213171	-4.49904293786829
1.39390575116806e-06	-3	-6	-4.50099724622722	-4.49900275377278
1.45085379132658e-06	-3	-6	-4.5010387411522	-4.4989612588478
1.50954145378716e-06	-3	-6	-4.50108157344548	-4.49891842655452
1.56999588715306e-06	-3	-6	-4.50112576951762	-4.49887423048238
1.63224351586357e-06	-3	-6	-4.50117135562032	-4.49882864437968
1.69630998398158e-06	-3	-6	-4.5012183578153	-4.4987816421847
1.76222009867518e-06	-3	-6	-4.50126680194238	-4.49873319805762
1.82999777350752e-06	-3	-6	-4.50131671358716	-4.49868328641284
1.89966597165294e-06	-3	-6	-4.50136811804798	-4.49863188195202
1.97124664916102e-06	-3	-6	-4.50142104030241	-4.49857895969759
2.0447606983935e-06	-3	-6	-4.50147550497319	-4.49852449502681
2.12022789176202e-06	-3	-6	-4.50153153629372	-4.49846846370628
2.19766682589737e-06	-3	-6	-4.5015891580731	-4.4984108419269
2.27709486638352e-06	-3	-6	-4.50164839366071	-4.49835160633929
2.35852809319125e-06	-3	-6	-4.50170926591047	-4.49829073408953
2.44198124694872e-06	-3	-6	-4.50177179714473	-4.49822820285527
2.52746767618673e-06	-3	-6	-4.50183600911783	-4.49816399088217
2.61499928569812e-06	-3	-6	-4.5019019229794	-4.4980980770206
2.70458648615088e-06	-3	-6	-4.50196955923746	-4.49803044076254
2.79623814509479e-06	-3	-6	-4.50203893772126	-4.49796106227874
2.88996153950119e-06	-3	-6	-4.50211007754403	-4.49788992245597
2.98576230997451e-06	-3	-6	-4.50218299706556	-4.49781700293444
3.08364441677348e-06	-3	-6	-4.50225771385474	-4.49774228614526
3.18361009777782e-06	-3	-6	-4.50233424465203	-4.49766575534797
3.28565982853445e-06	-3	-6	-4.50241260533203	-4.49758739466797
3.38979228451482e-06	-3	-6	-4.50249281086597	-4.49750718913403
3.4960043057117e-06	-3	-6	-4.50257487528444	-4.49742512471556
3.60429086370062e-06	-3	-6	-4.50265881164016	-4.49734118835984
3.71464503128714e-06	-3	-6	-4.502744631971	-4.497255368029
3.82705795485697e-06	-3	-6	-4.50283234726326	-4.49716765273674
3.94151882954094e-06	-3	-6	-4.50292196741519	-4.49707803258481
4.05801487730198e-06	-3	-6	-4.50301350120088	-4.49698649879912
4.1765313280453e-06	-3	-6	-4.50310695623456	-4.49689304376544
4.29705140384734e-06	-3	-6	-4.50320233893531	-4.49679766106469
4.41955630639218e-06	-3	-6	-4.50329965449234	-4.49670034550766
4.54402520769783e-06	-3	-6	-4.50339890683074	-4.49660109316926
4.67043524420705e-06	-3	-6	-4.50350009857795	-4.49649990142205
4.79876151431052e-06	-3	-6	-4.50360323103078	-4.49639676896922
4.92897707936172e-06	-3	-6	-4.50370830412328	-4.49629169587672
5.06105296823508e-06	-3	-6	-4.50381531639535	-4.49618468360465
5.19495818547057e-06	-3	-6	-4.50392426496219	-4.49607573503781
5.33065972303897e-06	-3	-6	-4.50403514548475	-4.49596485451525
5.46812257575335e-06	-3	-6	-4.50414795214106	-4.49585204785894
5.60730976034315e-06	-3	-6	-4.50426267759871	-4.49573732240129
5.74818233819792e-06	-3	-6	-4.50437931298842	-4.49562068701158
5.89069944177833e-06	-3	-6	-4.50449784787878	-4.49550215212122
6.03481830468259e-06	-3	-6	-4.5046182702523	-4.4953817297477
6.1804942953468e-06	-3	-6	-4.50474056648279	-4.49525943351721
6.32768095434795e-06	-3	-6	-4.50486472131415	-4.49513527868585
6.47633003526869e-06	-3	-6	-4.50499071784065	-4.49500928215935
6.62639154907349e-06	-3	-6	-4.50511853748878	-4.49488146251122
6.77781381193565e-06	-3	-6	-4.50524816000078	-4.49475183999922
6.93054349644592e-06	-3	-6	-4.50537956341988	-4.49462043658012
7.08452568612311e-06	-3	-6	-4.50551272407735	-4.49448727592265
7.23970393313863e-06	-3	-6	-4.50564761658143	-4.49435238341857
7.3960203191573e-06	-3	-6	-4.50578421380831	-4.49421578619169
7.55341551918811e-06	-3	-6	-4.50592248689509	-4.49407751310491
7.71182886833e-06	-3	-6	-4.50606240523496	-4.49393759476504
7.87119843128923e-06	-3	-6	-4.50620393647452	-4.49379606352548
8.03146107453717e-06	-3	-6	-4.50634704651356	-4.49365295348644
8.19255254096942e-06	-3	-6	-4.50649169950711	-4.49350830049289
8.35440752691988e-06	-3	-6	-4.50663785787004	-4.49336214212996
8.51695976137674e-06	-3	-6	-4.50678548228421	-4.49321451771579
8.68014208724046e-06	-3	-6	-4.5069345317083	-4.4930654682917
8.84388654445817e-06	-3	-6	-4.50708496339035	-4.49291503660965
9.00812445486312e-06	-3	-6	-4.50723673288308	-4.49276326711692
9.17278650854285e-06	-3	-6	-4.50738979406216	-4.49261020593784
9.33780285155508e-06	-3	-6	-4.50754409914736	-4.49245590085264
9.50310317480647e-06	-3	-6	-4.50769959872678	-4.49230040127322
9.66861680390575e-06	-3	-6	-4.50785624178413	-4.49214375821587
9.83427278979997e-06	-3	-6	-4.5080139757292	-4.4919860242708
1e-05	-3	-6	-4.50817274643146	-4.49182725356854
1.01657272102e-05	-3	-6	-4.50833249825699	-4.49166750174301
1.03313831960943e-05	-3	-6	-4.5084931741086	-4.4915068258914
1.04968968251935e-05	-3	-6	-4.50865471546941	-4.49134528453059
1.06621971484449e-05	-3	-6	-4.50881706244962	-4.49118293755038
1.08272134914572e-05	-3	-6	-4.50898015383678	-4.49101984616322
1.09918755451369e-05	-3	-6	-4.50914392714938	-4.49085607285062
1.11561134555418e-05	-3	-6	-4.50930831869381	-4.49069168130619
1.13198579127595e-05	-3	-6	-4.50947326362471	-4.49052673637529
1.14830402386233e-05	-3	-6	-4.50963869600866	-4.49036130399134
1.16455924730801e-05	-3	-6	-4.50980454889117	-4.49019545110883
1.18074474590306e-05	-3	-6	-4.50997075436692	-4.49002924563308
1.19685389254628e-05	-3	-6	-4.51013724365328	-4.48986275634672
1.21288015687108e-05	-3	-6	-4.51030394716689	-4.48969605283311
1.228817113167e-05	-3	-6	-4.51047079460329	-4.48952920539671
1.24465844808119e-05	-3	-6	-4.51063771501959	-4.48936228498041
1.26039796808427e-05	-3	-6	-4.51080463691986	-4.48919536308014
1.27602960668614e-05	-3	-6	-4.51097148834335	-4.48902851165665
1.29154743138769e-05	-3	-6	-4.51113819695517	-4.48886180304483
1.30694565035541e-05	-3	-6	-4.51130469013947	-4.48869530986053
1.32221861880644e-05	-3	-6	-4.51147089509482	-4.48852910490518
1.33736084509265e-05	-3	-6	-4.51163673893164	-4.48836326106836
1.35236699647313e-05	-3	-6	-4.51180214877148	-4.48819785122852
1.36723190456521e-05	-3	-6	-4.51196705184799	-4.48803294815201
1.38195057046532e-05	-3	-6	-4.51213137560918	-4.48786862439082
1.39651816953174e-05	-3	-6	-4.512295047821	-4.487704952179
1.41093005582217e-05	-3	-6	-4.51245799667167	-4.48754200332833
1.42518176618021e-05	-3	-6	-4.51262015087676	-4.48737984912324
1.43926902396568e-05	-3	-6	-4.51278143978459	-4.48721856021541
1.45318774242466e-05	-3	-6	-4.5129417934817	-4.4870582065183
1.4669340276961e-05	-3	-6	-4.51310114289807	-4.48689885710193
1.48050418145294e-05	-3	-6	-4.5132594199119	-4.4867405800881
1.49389470317649e-05	-3	-6	-4.51341655745342	-4.48658344254658
1.50710229206383e-05	-3	-6	-4.51357248960764	-4.48642751039236
1.52012384856895e-05	-3	-6	-4.51372715171556	-4.48627284828444
1.5329564755793e-05	-3	-6	-4.51388048047359	-4.48611951952641
1.54559747923022e-05	-3	-6	-4.51403241403088	-4.48596758596912
1.55804436936078e-05	-3	-6	-4.51418289208413	-4.48581710791587
1.57029485961527e-05	-3	-6	-4.51433185596969	-4.48566814403031
1.58234686719547e-05	-3	-6	-4.5144792487526	-4.4855207512474
1.5941985122698e-05	-3	-6	-4.51462501531215	-4.48537498468785
1.60584811704591e-05	-3	-6	-4.5147691024239	-4.4852308975761
1.6172942045143e-05	-3	-6	-4.51491145883758	-4.48508854116242
1.62853549687129e-05	-3	-6	-4.51505203535089	-4.48494796464911
1.63957091362994e-05	-3	-6	-4.5151907848787	-4.4848092151213
1.65039956942883e-05	-3	-6	-4.51532766251758	-4.48467233748242
1.66102077154852e-05	-3	-6	-4.51546262560531	-4.48453737439469
1.67143401714656e-05	-3	-6	-4.51559563377525	-4.48440436622475
1.68163899022222e-05	-3	-6	-4.51572664900531	-4.48427335099469
1.69163555832265e-05	-3	-6	-4.51585563566145	-4.48414436433855
1.70142376900255e-05	-3	-6	-4.51598256053547	-4.48401743946453
1.71100384604988e-05	-3	-6	-4.51610739287704	-4.48389260712296
1.72037618549052e-05	-3	-6	-4.51623010441982	-4.48376989558018
1.72954135138491e-05	-3	-6	-4.51635066940168	-4.48364933059832
1.73850007143019e-05	-3	-6	-4.51646906457889	-4.48353093542111
1.74725323238133e-05	-3	-6	-4.51658526923431	-4.48341473076569
1.75580187530513e-05	-3	-6	-4.51669926517962	-4.48330073482038
1.76414719068087e-05	-3	-6	-4.51681103675158	-4.48318896324842
1.77229051336165e-05	-3	-6	-4.51692057080231	-4.48307942919769
1.78023331741026e-05	-3	-6	-4.51702785668392	-4.48297214331608
1.7879772108238e-05	-3	-6	-4.51713288622725	-4.48286711377275
1.79552393016065e-05	-3	-6	-4.51723565371522	-4.48276434628478
1.8028753350839e-05	-3	-6	-4.51733615585064	-4.48266384414936
1.81003340283471e-05	-3	-6	-4.51743439171887	-4.48256560828113
1.81700022264925e-05	-3	-6	-4.51753036274541	-4.48246963725459
1.82377799013248e-05	-3	-6	-4.51762407264869	-4.48237592735131
1.83036900160184e-05	-3	-6	-4.51771552738827	-4.48228447261173
1.83677564841364e-05	-3	-6	-4.51780473510877	-4.48219526489123
1.84300041128469e-05	-3	-6	-4.51789170607967	-4.48210829392033
1.84904585462128e-05	-3	-6	-4.51797645263136	-4.48202354736864
1.85491462086734e-05	-3	-6	-4.51805898908771	-4.48194101091229
1.86060942488319e-05	-3	-6	-4.5181393316954	-4.4818606683046
1.86613304836593e-05	-3	-6	-4.51821749855044	-4.48178250144956
1.87148833432195e-05	-3	-6	-4.518293509522	-4.481706490478
1.87667818160187e-05	-3	-6	-4.51836738617404	-4.48163261382596
1.88170553950745e-05	-3	-6	-4.51843915168496	-4.48156084831504
1.88657340247963e-05	-3	-6	-4.51850883076559	-4.48149116923441
1.89128480487667e-05	-3	-6	-4.51857644957589	-4.48142355042411
1.8958428158502e-05	-3	-6	-4.51864203564053	-4.48135796435947
1.90025053432729e-05	-3	-6	-4.51870561776382	-4.48129438223618
1.90451108410539e-05	-3	-6	-4.51876722594417	-4.48123277405583
1.90862760906702e-05	-3	-6	-4.51882689128842	-4.48117310871158
1.91260326852022e-05	-3	-6	-4.51888464592626	-4.48111535407374
1.91644123267046e-05	-3	-6	-4.51894052292509	-4.48105947707491
1.92014467822908e-05	-3	-6	-4.51899455620546	-4.48100544379454
1.92371678416273e-05	-3	-6	-4.51904678045753	-4.48095321954247
1.92716072758811e-05	-3	-6	-4.51909723105849	-4.48090276894151
1.93047967981525e-05	-3	-6	-4.5191459439914	-4.4808540560086
1.93367680254265e-05	-3	-6	-4.51919295576563	-4.48080704423437
1.93675524420663e-05	-3	-6	-4.51923830333888	-4.48076169666112
1.9397181364871e-05	-3	-6	-4.51928202404123	-4.48071797595877
1.94256859097125e-05	-3	-6	-4.51932415550117	-4.48067584449883
1.94530969597633e-05	-3	-6	-4.51936473557385	-4.48063526442615
1.94794451353227e-05	-3	-6	-4.51940380227168	-4.48059619772832
1.95047607652428e-05	-3	-6	-4.51944139369731	-4.48055860630269
1.95290738599541e-05	-3	-6	-4.51947754797918	-4.48052245202082
1.95524140860841e-05	-3	-6	-4.51951230320973	-4.48048769679027
1.95748107426607e-05	-3	-6	-4.51954569738619	-4.48045430261381
1.9596292738886e-05	-3	-6	-4.51957776835418	-4.48042223164582
1.96168885734653e-05	-3	-6	-4.51960855375413	-4.48039144624587
1.96366263154719e-05	-3	-6	-4.5196380909704	-4.4803619090296
1.9655533586723e-05	-3	-6	-4.51966641708334	-4.48033358291666
1.96736375456437e-05	-3	-6	-4.5196935688241	-4.4803064311759
1.96909648725883e-05	-3	-6	-4.51971958253234	-4.48028041746766
1.97075417565908e-05	-3	-6	-4.51974449411666	-4.48025550588334
1.97233938835082e-05	-3	-6	-4.51976833901795	-4.48023166098205
1.97385464255249e-05	-3	-6	-4.51979115217536	-4.48020884782464
1.97530240319785e-05	-3	-6	-4.51981296799504	-4.48018703200496
1.97668508214693e-05	-3	-6	-4.51983382032157	-4.48016617967843
1.97800503752133e-05	-3	-6	-4.51985374241195	-4.48014625758805
1.97926457315962e-05	-3	-6	-4.51987276691213	-4.48012723308787
1.98046593818871e-05	-3	-6	-4.51989092583606	-4.48010907416394
1.9816113267066e-05	-3	-6	-4.51990825054706	-4.48009174945294
1.98270287757224e-05	-3	-6	-4.51992477174163	-4.48007522825837
1.98374267429789e-05	-3	-6	-4.51994051943539	-4.48005948056461
1.9847327450394e-05	-3	-6	-4.51995552295123	-4.48004447704877
1.98567506267985e-05	-3	-6	-4.51996981090954	-4.48003018909046
1.98657154500188e-05	-3	-6	-4.51998341122038	-4.48001658877962
1.98742405494416e-05	-3	-6	-4.51999635107763	-4.48000364892237
1.9882344009373e-05	-3	-6	-4.52000865695483	-4.47999134304517
1.9890043373147e-05	-3	-6	-4.52002035460283	-4.47997964539717
1.98973556479374e-05	-3	-6	-4.52003146904899	-4.47996853095101
1.99042973102279e-05	-3	-6	-4.52004202459796	-4.47995797540204
1.9910884311897e-05	-3	-6	-4.52005204483386	-4.47994795516614
1.99171320868723e-05	-3	-6	-4.52006155262385	-4.47993844737615
1.99230555583133e-05	-3	-6	-4.52007057012291	-4.47992942987709
1.99286691462783e-05	-3	-6	-4.52007911877985	-4.47992088122015
1.99339867758365e-05	-3	-6	-4.52008721934434	-4.47991278065566
1.9939021885584e-05	-3	-6	-4.52009489187501	-4.47990510812499
1.99437874365242e-05	-3	-6	-4.52010215574845	-4.47989784425155
1.99482959212759e-05	-3	-6	-4.52010902966904	-4.47989097033096
1.99525593735721e-05	-3	-6	-4.52011553167954	-4.47988446832046
1.99565893780133e-05	-3	-6	-4.52012167917242	-4.47987832082758
1.99603970800417e-05	-3	-6	-4.52012748890177	-4.47987251109823
1.99639931961035e-05	-3	-6	-4.5201329769958	-4.4798670230042
1.99673880239675e-05	-3	-6	-4.52013815896976	-4.47986184103024
1.99705914531701e-05	-3	-6	-4.52014304973939	-4.47985695026061
1.99736129755571e-05	-3	-6	-4.52014766363461	-4.47985233636539
1.99764616958959e-05	-3	-6	-4.52015201441366	-4.47984798558634
1.99791463425311e-05	-3	-6	-4.52015611527733	-4.47984388472267
1.99816752780594e-05	-3	-6	-4.52015997888357	-4.47984002111643
1.99840565099997e-05	-3	-6	-4.52016361736209	-4.47983638263791
1.99862977014377e-05	-3	-6	-4.52016704232917	-4.47983295767083
1.99884061816224e-05	-3	-6	-4.52017026490249	-4.47982973509751
1.99903889564975e-05	-3	-6	-4.52017329571601	-4.47982670428399
1.99922527191469e-05	-3	-6	-4.52017614493483	-4.47982385506517
1.99940038601408e-05	-3	-6	-4.52017882226995	-4.47982117773005
1.99956484777638e-05	-3	-6	-4.52018133699305	-4.47981866300695
1.99971923881124e-05	-3	-6	-4.52018369795107	-4.47981630204893
1.99986411350492e-05	-3	-6	-4.52018591358067	-4.47981408641933
2e-05	-3	-6	-4.52018799192256	-4.47981200807744
2.00025e-05	-3.01249999999999	-5.98750000000001	-4.51993862269633	-4.48006137730367
2.0005e-05	-3.025	-5.975	-4.51968805452648	-4.48031194547352
2.00075e-05	-3.0375	-5.9625	-4.51943675414929	-4.48056324585071
2.001e-05	-3.05000000000001	-5.94999999999999	-4.51918500663236	-4.48081499336764
2.00125e-05	-3.0625	-5.9375	-4.51893298606899	-4.48106701393101
2.0015e-05	-3.07499999999999	-5.92500000000001	-4.51868079877321	-4.48131920122679
2.00175e-05	-3.08750000000001	-5.91249999999999	-4.51842850966576	-4.48157149033424
2.002e-05	-3.1	-5.9	-4.51817615838966	-4.48182384161034
2.00225e-05	-3.11250000000001	-5.88749999999999	-4.51792376915208	-4.48207623084792
2.0025e-05	-3.125	-5.875	-4.51767135673449	-4.48232864326551
2.00275e-05	-3.1375	-5.8625	-4.51741893016278	-4.48258106983722
2.003e-05	-3.15000000000001	-5.84999999999999	-4.51716649494831	-4.48283350505169
2.00325e-05	-3.1625	-5.8375	-4.51691405445643	-4.48308594554357
2.0035e-05	-3.17499999999999	-5.82500000000001	-4.51666161074209	-4.48333838925791
2.00375e-05	-3.1875	-5.8125	-4.51640916506005	-4.48359083493995
2.004e-05	-3.2	-5.8	-4.5161567181765	-4.4838432818235
2.00425e-05	-3.21250000000001	-5.78749999999999	-4.51590427055929	-4.48409572944071
2.0045e-05	-3.225	-5.775	-4.5156518224941	-4.4843481775059
2.00475e-05	-3.2375	-5.7625	-4.51539937415536	-4.48460062584464
2.005e-05	-3.25000000000001	-5.74999999999999	-4.5151469256496	-4.4848530743504
2.00525e-05	-3.2625	-5.7375	-4.51489447704184	-4.48510552295816
2.0055e-05	-3.27500000000001	-5.72499999999999	-4.51464202837179	-4.48535797162821
2.00575e-05	-3.2875	-5.7125	-4.51438957966373	-4.48561042033627
2.006e-05	-3.3	-5.7	-4.51413713093244	-4.48586286906756
2.00625e-05	-3.31250000000001	-5.68749999999999	-4.51388468218698	-4.48611531781302
2.0065e-05	-3.325	-5.675	-4.51363223343285	-4.48636776656715
2.00675e-05	-3.33750000000001	-5.66249999999999	-4.51337978467344	-4.48662021532656
2.007e-05	-3.35	-5.65	-4.5131273359108	-4.4868726640892
2.00725e-05	-3.3625	-5.6375	-4.51287488714619	-4.48712511285381
2.0075e-05	-3.37500000000001	-5.62499999999999	-4.51262243838038	-4.48737756161962
2.00775e-05	-3.3875	-5.6125	-4.51236998961383	-4.48763001038617
2.008e-05	-3.40000000000001	-5.59999999999999	-4.51211754084683	-4.48788245915317
2.00825e-05	-3.41250000000001	-5.58749999999999	-4.51186509207956	-4.48813490792044
2.0085e-05	-3.425	-5.575	-4.51161264331212	-4.48838735668788
2.00875e-05	-3.43750000000001	-5.56249999999999	-4.51136019454458	-4.48863980545542
2.009e-05	-3.45	-5.55	-4.51110774577698	-4.48889225422302
2.00925e-05	-3.46250000000001	-5.53749999999999	-4.51085529700933	-4.48914470299067
2.0095e-05	-3.47500000000001	-5.52499999999999	-4.51060284824167	-4.48939715175833
2.00975e-05	-3.4875	-5.5125	-4.51035039947399	-4.48964960052601
2.01e-05	-3.50000000000001	-5.49999999999999	-4.51009795070631	-4.48990204929369
2.01025e-05	-3.51250000000001	-5.48749999999999	-4.50984550193861	-4.49015449806139
2.0105e-05	-3.525	-5.475	-4.50959305317092	-4.49040694682908
2.01075e-05	-3.53750000000001	-5.46249999999999	-4.50934060440322	-4.49065939559678
2.011e-05	-3.55	-5.45	-4.50908815563552	-4.49091184436448
2.01125e-05	-3.56250000000001	-5.43749999999999	-4.50883570686782	-4.49116429313218
2.0115e-05	-3.57500000000001	-5.42499999999999	-4.50858325810012	-4.49141674189988
2.01175e-05	-3.5875	-5.4125	-4.50833080933242	-4.49166919066758
2.012e-05	-3.60000000000001	-5.39999999999999	-4.50807836056472	-4.49192163943528
2.01225e-05	-3.6125	-5.3875	-4.50782591179701	-4.49217408820299
2.0125e-05	-3.62500000000002	-5.37499999999998	-4.50757346302932	-4.49242653697068
2.01275e-05	-3.63750000000001	-5.36249999999999	-4.50732101426162	-4.49267898573838
2.013e-05	-3.65	-5.35	-4.50706856549392	-4.49293143450608
2.01325e-05	-3.66250000000001	-5.33749999999999	-4.50681611672621	-4.49318388327379
2.0135e-05	-3.67500000000001	-5.32499999999999	-4.50656366795851	-4.49343633204149
2.01375e-05	-3.68750000000002	-5.31249999999998	-4.50631121919081	-4.49368878080919
2.014e-05	-3.70000000000001	-5.29999999999999	-4.50605877042311	-4.49394122957689
2.01425e-05	-3.7125	-5.2875	-4.50580632165541	-4.49419367834459
2.0145e-05	-3.72500000000001	-5.27499999999999	-4.5055538728877	-4.4944461271123
2.01475e-05	-3.73750000000001	-5.26249999999999	-4.50530142412	-4.49469857588
2.015e-05	-3.75000000000002	-5.24999999999998	-4.50504897535231	-4.49495102464769
2.01525e-05	-3.76250000000001	-5.23749999999999	-4.50479652658461	-4.49520347341539
2.0155e-05	-3.77500000000001	-5.22499999999999	-4.50454407781691	-4.49545592218309
2.01575e-05	-3.78750000000002	-5.21249999999998	-4.5042916290492	-4.4957083709508
2.016e-05	-3.80000000000001	-5.19999999999999	-4.5040391802815	-4.4959608197185
2.01625e-05	-3.81250000000002	-5.18749999999998	-4.5037867315138	-4.4962132684862
2.0165e-05	-3.82500000000001	-5.17499999999999	-4.5035342827461	-4.4964657172539
2.01675e-05	-3.83750000000001	-5.16249999999999	-4.5032818339784	-4.4967181660216
2.017e-05	-3.85000000000002	-5.14999999999998	-4.5030293852107	-4.4969706147893
2.01725e-05	-3.86250000000001	-5.13749999999999	-4.502776936443	-4.497223063557
2.0175e-05	-3.875	-5.125	-4.5025244876753	-4.4974755123247
2.01775e-05	-3.88750000000001	-5.11249999999998	-4.50227203890762	-4.49772796109238
2.018e-05	-3.90000000000001	-5.09999999999999	-4.50201959013993	-4.49798040986007
2.01825e-05	-3.91250000000002	-5.08749999999998	-4.50176714137224	-4.49823285862776
2.0185e-05	-3.92500000000001	-5.07499999999999	-4.50151469260458	-4.49848530739542
2.01875e-05	-3.93750000000001	-5.06249999999999	-4.50126224383693	-4.49873775616307
2.019e-05	-3.95000000000002	-5.04999999999998	-4.50100979506933	-4.49899020493067
2.01925e-05	-3.96250000000001	-5.03749999999999	-4.50075734630178	-4.49924265369822
2.0195e-05	-3.97500000000002	-5.02499999999998	-4.50050489753433	-4.49949510246567
2.01975e-05	-3.98750000000001	-5.01249999999999	-4.50025244876704	-4.49974755123296
2.02e-05	-4	-5	-4.5	-4.5
2.02027177299016e-05	-4	-5	-4.5	-4.5
2.02056152237752e-05	-4	-5	-4.5	-4.5
2.02087030444725e-05	-4	-5	-4.5	-4.5
2.02119922797183e-05	-4	-5	-4.5	-4.5
2.02154945617062e-05	-4	-5	-4.5	-4.5
2.02192220870051e-05	-4	-5	-4.5	-4.5
2.02231876367551e-05	-4	-5	-4.5	-4.5
2.02274045971247e-05	-4	-5	-4.5	-4.5
2.02318869800006e-05	-4	-5	-4.5	-4.5
2.02366494438813e-05	-4	-5	-4.5	-4.5
2.02417073149378e-05	-4	-5	-4.5	-4.5
2.02470766082082e-05	-4	-5	-4.5	-4.5
2.02527740488858e-05	-4	-5	-4.5	-4.5
2.02588170936598e-05	-4	-5	-4.5	-4.5
2.0265223952065e-05	-4	-5	-4.5	-4.5
2.02720136077931e-05	-4	-5	-4.5	-4.5
2.02792058399166e-05	-4	-5	-4.5	-4.5
2.02868212439733e-05	-4	-5	-4.5	-4.5
2.02948812528557e-05	-4	-5	-4.5	-4.5
2.03034081574482e-05	-4	-5	-4.5	-4.5
2.03124251269517e-05	-4	-5	-4.5	-4.5
2.0321956228832e-05	-4	-5	-4.5	-4.5
2.0332026448327e-05	-4	-5	-4.5	-4.5
2.03426617074435e-05	-4	-5	-4.5	-4.5
2.03538888833734e-05	-4	-5	-4.5	-4.5
2.03657358262553e-05	-4	-5	-4.5	-4.5
2.0378231376206e-05	-4	-5	-4.5	-4.5
2.03914053795442e-05	-4	-5	-4.5	-4.5
2.04052887041252e-05	-4	-5	-4.5	-4.5
2.0419913253706e-05	-4	-5	-4.5	-4.5
2.0435311981254e-05	-4	-5	-4.5	-4.5
2.04515189011168e-05	-4	-5	-4.5	-4.5
2.04685690999623e-05	-4	-5	-4.5	-4.5
2.0486498746403e-05	-4	-5	-4.5	-4.5
2.0505345099212e-05	-4	-5	-4.5	-4.5
2.05251465140422e-05	-4	-5	-4.5	-4.5
2.05459424485553e-05	-4	-5	-4.5	-4.5
2.05677734658681e-05	-4	-5	-4.5	-4.5
2.05906812362258e-05	-4	-5	-4.5	-4.5
2.06147085368076e-05	-4	-5	-4.5	-4.5
2.06398992495735e-05	-4	-5	-4.5	-4.5
2.06662983570614e-05	-4	-5	-4.5	-4.5
2.0693951936043e-05	-4	-5	-4.5	-4.5
2.07229071489502e-05	-4	-5	-4.5	-4.5
2.07532122329837e-05	-4	-5	-4.5	-4.5
2.07849164868185e-05	-4	-5	-4.5	-4.5
2.08180702548233e-05	-4	-5	-4.5	-4.5
2.08527249087127e-05	-4	-5	-4.5	-4.5
2.08889328265539e-05	-4	-5	-4.5	-4.5
2.09267473690562e-05	-4	-5	-4.5	-4.5
2.09662228530693e-05	-4	-5	-4.5	-4.5
2.1007414522228e-05	-4	-5	-4.5	-4.5
2.10503785146785e-05	-4	-5	-4.5	-4.5
2.10951718278317e-05	-4	-5	-4.5	-4.5
2.11418522800919e-05	-4	-5	-4.5	-4.5
2.11904784695145e-05	-4	-5	-4.5	-4.5
2.12411097293547e-05	-4	-5	-4.5	-4.5
2.12938060804734e-05	-4	-5	-4.5	-4.5
2.1348628180575e-05	-4	-5	-4.5	-4.5
2.1405637270258e-05	-4	-5	-4.5	-4.5
2.14648951158674e-05	-4	-5	-4.5	-4.5
2.1526463949147e-05	-4	-5	-4.5	-4.5
2.1590406403695e-05	-4	-5	-4.5	-4.5
2.16567854482378e-05	-4	-5	-4.5	-4.5
2.17256643167453e-05	-4	-5	-4.5	-4.5
2.17971064354184e-05	-4	-5	-4.5	-4.5
2.18711753465907e-05	-4	-5	-4.5	-4.5
2.19479346295957e-05	-4	-5	-4.5	-4.5
2.20274478186597e-05	-4	-5	-4.5	-4.5
2.21097783178922e-05	-4	-5	-4.5	-4.5
2.21949893134543e-05	-4	-5	-4.5	-4.5
2.2283143682996e-05	-4	-5	-4.5	-4.5
2.23743039024667e-05	-4	-5	-4.5	-4.5
2.24685319504073e-05	-4	-5	-4.5	-4.5
2.2565889209851e-05	-4	-5	-4.5	-4.5
2.26664363679625e-05	-4	-5	-4.5	-4.5
2.27702333135611e-05	-4	-5	-4.5	-4.5
2.28773390326815e-05	-4	-5	-4.5	-4.5
2.29878115023361e-05	-4	-5	-4.5	-4.5
2.31017075826532e-05	-4	-5	-4.5	-4.5
2.32190829075743e-05	-4	-5	-4.5	-4.5
2.33399917743061e-05	-4	-5	-4.5	-4.5
2.34644870317271e-05	-4	-5	-4.5	-4.5
2.35926199679632e-05	-4	-5	-4.5	-4.5
2.37244401973504e-05	-4	-5	-4.5	-4.5
2.3859995547015e-05	-4	-5	-4.5	-4.5
2.39993319433059e-05	-4	-5	-4.5	-4.5
2.4142493298322e-05	-4	-5	-4.5	-4.5
2.4289521396787e-05	-4	-5	-4.5	-4.5
2.4440455783524e-05	-4	-5	-4.5	-4.5
2.45953336517948e-05	-4	-5	-4.5	-4.5
2.4754189732767e-05	-4	-5	-4.5	-4.5
2.49170561863825e-05	-4	-5	-4.5	-4.5
2.50839624938975e-05	-4	-5	-4.5	-4.5
2.52549353523735e-05	-4	-5	-4.5	-4.5
2.54299985713962e-05	-4	-5	-4.5	-4.5
2.56091729723018e-05	-4	-5	-4.5	-4.5
2.57924762901896e-05	-4	-5	-4.5	-4.5
2.59799230790024e-05	-4	-5	-4.5	-4.5
2.6171524619949e-05	-4	-5	-4.5	-4.5
2.6367288833547e-05	-4	-5	-4.5	-4.5
2.65672201955556e-05	-4	-5	-4.5	-4.5
2.67713196570689e-05	-4	-5	-4.5	-4.5
2.69795845690296e-05	-4	-5	-4.5	-4.5
2.71920086114234e-05	-4	-5	-4.5	-4.5
2.74085817274012e-05	-4	-5	-4.5	-4.5
2.76292900625743e-05	-4	-5	-4.5	-4.5
2.7854115909714e-05	-4	-5	-4.5	-4.5
2.80830376590819e-05	-4	-5	-4.5	-4.5
2.8316029754604e-05	-4	-5	-4.5	-4.5
2.85530626560906e-05	-4	-5	-4.5	-4.5
2.87941028076947e-05	-4	-5	-4.5	-4.5
2.90391126127844e-05	-4	-5	-4.5	-4.5
2.92880504153957e-05	-4	-5	-4.5	-4.5
2.95408704884141e-05	-4	-5	-4.5	-4.5
2.97975230286211e-05	-4	-5	-4.5	-4.5
3.00579541587234e-05	-4	-5	-4.5	-4.5
3.03221059364702e-05	-4	-5	-4.5	-4.5
3.05899163709412e-05	-4	-5	-4.5	-4.5
3.08613194460779e-05	-4	-5	-4.5	-4.5
3.11362451515067e-05	-4	-5	-4.5	-4.5
3.14146195206863e-05	-4	-5	-4.5	-4.5
3.16963646763959e-05	-4	-5	-4.5	-4.5
3.19813988835567e-05	-4	-5	-4.5	-4.5
3.22696366093652e-05	-4	-5	-4.5	-4.5
3.25609885906936e-05	-4	-5	-4.5	-4.5
3.28553619086959e-05	-4	-5	-4.5	-4.5
3.31526600705374e-05	-4	-5	-4.5	-4.5
3.3452783098147e-05	-4	-5	-4.5	-4.5
3.37556276238713e-05	-4	-5	-4.5	-4.5
3.40610869928918e-05	-4	-5	-4.5	-4.5
3.43690513722462e-05	-4	-5	-4.5	-4.5
3.46794078662773e-05	-4	-5	-4.5	-4.5
3.49920406383146e-05	-4	-5	-4.5	-4.5
3.53068310383762e-05	-4	-5	-4.5	-4.5
3.562365773666e-05	-4	-5	-4.5	-4.5
3.59423968625785e-05	-4	-5	-4.5	-4.5
3.62629221490743e-05	-4	-5	-4.5	-4.5
3.65851050819388e-05	-4	-5	-4.5	-4.5
3.69088150538398e-05	-4	-5	-4.5	-4.5
3.72339195227535e-05	-4	-5	-4.5	-4.5
3.75602841744809e-05	-4	-5	-4.5	-4.5
3.78877730889163e-05	-4	-5	-4.5	-4.5
3.82162489097262e-05	-4	-5	-4.5	-4.5
3.85455730170857e-05	-4	-5	-4.5	-4.5
3.88756057031102e-05	-4	-5	-4.5	-4.5
3.92062063496129e-05	-4	-5	-4.5	-4.5
3.95372336078115e-05	-4	-5	-4.5	-4.5
3.98685455795999e-05	-4	-5	-4.5	-4.5
4.02e-05	-4	-5	-4.5	-4.5
4.05314544204001e-05	-4	-5	-4.5	-4.5
4.08627663921885e-05	-4	-5	-4.5	-4.5
4.11937936503871e-05	-4	-5	-4.5	-4.5
4.15243942968898e-05	-4	-5	-4.5	-4.5
4.18544269829143e-05	-4	-5	-4.5	-4.5
4.21837510902738e-05	-4	-5	-4.5	-4.5
4.25122269110837e-05	-4	-5	-4.5	-4.5
4.28397158255191e-05	-4	-5	-4.5	-4.5
4.31660804772465e-05	-4	-5	-4.5	-4.5
4.34911849461602e-05	-4	-5	-4.5	-4.5
4.38148949180612e-05	-4	-5	-4.5	-4.5
4.41370778509257e-05	-4	-5	-4.5	-4.5
4.44576031374215e-05	-4	-5	-4.5	-4.5
4.477634226334e-05	-4	-5	-4.5	-4.5
4.50931689616238e-05	-4	-5	-4.5	-4.5
4.54079593616854e-05	-4	-5	-4.5	-4.5
4.57205921337228e-05	-4	-5	-4.5	-4.5
4.60309486277538e-05	-4	-5	-4.5	-4.5
4.63389130071082e-05	-4	-5	-4.5	-4.5
4.66443723761287e-05	-4	-5	-4.5	-4.5
4.6947216901853e-05	-4	-5	-4.5	-4.5
4.72473399294626e-05	-4	-5	-4.5	-4.5
4.75446380913041e-05	-4	-5	-4.5	-4.5
4.78390114093064e-05	-4	-5	-4.5	-4.5
4.81303633906348e-05	-4	-5	-4.5	-4.5
4.84186011164433e-05	-4	-5	-4.5	-4.5
4.87036353236042e-05	-4	-5	-4.5	-4.5
4.89853804793137e-05	-4	-5	-4.5	-4.5
4.92637548484933e-05	-4	-5	-4.5	-4.5
4.95386805539221e-05	-4	-5	-4.5	-4.5
4.98100836290589e-05	-4	-5	-4.5	-4.5
5.00778940635299e-05	-4	-5	-4.5	-4.5
5.03420458412766e-05	-4	-5	-4.5	-4.5
5.0602476971379e-05	-4	-5	-4.5	-4.5
5.08591295115859e-05	-4	-5	-4.5	-4.5
5.11119495846044e-05	-4	-5	-4.5	-4.5
5.13608873872156e-05	-4	-5	-4.5	-4.5
5.16058971923053e-05	-4	-5	-4.5	-4.5
5.18469373439094e-05	-4	-5	-4.5	-4.5
5.2083970245396e-05	-4	-5	-4.5	-4.5
5.23169623409181e-05	-4	-5	-4.5	-4.5
5.25458840902861e-05	-4	-5	-4.5	-4.5
5.27707099374257e-05	-4	-5	-4.5	-4.5
5.29914182725988e-05	-4	-5	-4.5	-4.5
5.32079913885766e-05	-4	-5	-4.5	-4.5
5.34204154309704e-05	-4	-5	-4.5	-4.5
5.36286803429311e-05	-4	-5	-4.5	-4.5
5.38327798044444e-05	-4	-5	-4.5	-4.5
5.4032711166453e-05	-4	-5	-4.5	-4.5
5.4228475380051e-05	-4	-5	-4.5	-4.5
5.44200769209976e-05	-4	-5	-4.5	-4.5
5.46075237098104e-05	-4	-5	-4.5	-4.5
5.47908270276983e-05	-4	-5	-4.5	-4.5
5.49700014286038e-05	-4	-5	-4.5	-4.5
5.51450646476265e-05	-4	-5	-4.5	-4.5
5.53160375061026e-05	-4	-5	-4.5	-4.5
5.54829438136175e-05	-4	-5	-4.5	-4.5
5.5645810267233e-05	-4	-5	-4.5	-4.5
5.58046663482053e-05	-4	-5	-4.5	-4.5
5.5959544216476e-05	-4	-5	-4.5	-4.5
5.6110478603213e-05	-4	-5	-4.5	-4.5
5.6257506701678e-05	-4	-5	-4.5	-4.5
5.64006680566941e-05	-4	-5	-4.5	-4.5
5.6540004452985e-05	-4	-5	-4.5	-4.5
5.66755598026497e-05	-4	-5	-4.5	-4.5
5.68073800320368e-05	-4	-5	-4.5	-4.5
5.69355129682729e-05	-4	-5	-4.5	-4.5
5.70600082256939e-05	-4	-5	-4.5	-4.5
5.71809170924257e-05	-4	-5	-4.5	-4.5
5.72982924173469e-05	-4	-5	-4.5	-4.5
5.74121884976639e-05	-4	-5	-4.5	-4.5
5.75226609673185e-05	-4	-5	-4.5	-4.5
5.76297666864389e-05	-4	-5	-4.5	-4.5
5.77335636320375e-05	-4	-5	-4.5	-4.5
5.7834110790149e-05	-4	-5	-4.5	-4.5
5.79314680495927e-05	-4	-5	-4.5	-4.5
5.80256960975334e-05	-4	-5	-4.5	-4.5
5.8116856317004e-05	-4	-5	-4.5	-4.5
5.82050106865458e-05	-4	-5	-4.5	-4.5
5.82902216821078e-05	-4	-5	-4.5	-4.5
5.83725521813403e-05	-4	-5	-4.5	-4.5
5.84520653704044e-05	-4	-5	-4.5	-4.5
5.85288246534093e-05	-4	-5	-4.5	-4.5
5.86028935645816e-05	-4	-5	-4.5	-4.5
5.86743356832547e-05	-4	-5	-4.5	-4.5
5.87432145517622e-05	-4	-5	-4.5	-4.5
5.8809593596305e-05	-4	-5	-4.5	-4.5
5.8873536050853e-05	-4	-5	-4.5	-4.5
5.89351048841326e-05	-4	-5	-4.5	-4.5
5.8994362729742e-05	-4	-5	-4.5	-4.5
5.9051371819425e-05	-4	-5	-4.5	-4.5
5.91061939195266e-05	-4	-5	-4.5	-4.5
5.91588902706453e-05	-4	-5	-4.5	-4.5
5.92095215304855e-05	-4	-5	-4.5	-4.5
5.92581477199081e-05	-4	-5	-4.5	-4.5
5.93048281721683e-05	-4	-5	-4.5	-4.5
5.93496214853215e-05	-4	-5	-4.5	-4.5
5.9392585477772e-05	-4	-5	-4.5	-4.5
5.94337771469307e-05	-4	-5	-4.5	-4.5
5.94732526309439e-05	-4	-5	-4.5	-4.5
5.95110671734461e-05	-4	-5	-4.5	-4.5
5.95472750912873e-05	-4	-5	-4.5	-4.5
5.95819297451767e-05	-4	-5	-4.5	-4.5
5.96150835131815e-05	-4	-5	-4.5	-4.5
5.96467877670163e-05	-4	-5	-4.5	-4.5
5.96770928510498e-05	-4	-5	-4.5	-4.5
5.9706048063957e-05	-4	-5	-4.5	-4.5
5.97337016429387e-05	-4	-5	-4.5	-4.5
5.97601007504265e-05	-4	-5	-4.5	-4.5
5.97852914631924e-05	-4	-5	-4.5	-4.5
5.98093187637742e-05	-4	-5	-4.5	-4.5
5.98322265341319e-05	-4	-5	-4.5	-4.5
5.98540575514447e-05	-4	-5	-4.5	-4.5
5.98748534859578e-05	-4	-5	-4.5	-4.5
5.9894654900788e-05	-4	-5	-4.5	-4.5
5.9913501253597e-05	-4	-5	-4.5	-4.5
5.99314309000377e-05	-4	-5	-4.5	-4.5
5.99484810988832e-05	-4	-5	-4.5	-4.5
5.9964688018746e-05	-4	-5	-4.5	-4.5
5.99800867462941e-05	-4	-5	-4.5	-4.5
5.99947112958748e-05	-4	-5	-4.5	-4.5
6.00085946204558e-05	-4	-5	-4.5	-4.5
6.0021768623794e-05	-4	-5	-4.5	-4.5
6.00342641737447e-05	-4	-5	-4.5	-4.5
6.00461111166266e-05	-4	-5	-4.5	-4.5
6.00573382925565e-05	-4	-5	-4.5	-4.5
6.00679735516731e-05	-4	-5	-4.5	-4.5
6.0078043771168e-05	-4	-5	-4.5	-4.5
6.00875748730483e-05	-4	-5	-4.5	-4.5
6.00965918425518e-05	-4	-5	-4.5	-4.5
6.01051187471443e-05	-4	-5	-4.5	-4.5
6.01131787560267e-05	-4	-5	-4.5	-4.5
6.01207941600834e-05	-4	-5	-4.5	-4.5
6.01279863922069e-05	-4	-5	-4.5	-4.5
6.0134776047935e-05	-4	-5	-4.5	-4.5
6.01411829063402e-05	-4	-5	-4.5	-4.5
6.01472259511142e-05	-4	-5	-4.5	-4.5
6.01529233917918e-05	-4	-5	-4.5	-4.5
6.01582926850622e-05	-4	-5	-4.5	-4.5
6.01633505561187e-05	-4	-5	-4.5	-4.5
6.01681130199994e-05	-4	-5	-4.5	-4.5
6.01725954028753e-05	-4	-5	-4.5	-4.5
6.01768123632449e-05	-4	-5	-4.5	-4.5
6.01807779129949e-05	-4	-5	-4.5	-4.5
6.01845054382938e-05	-4	-5	-4.5	-4.5
6.01880077202817e-05	-4	-5	-4.5	-4.5
6.01912969555275e-05	-4	-5	-4.5	-4.5
6.01943847762248e-05	-4	-5	-4.5	-4.5
6.01972822700984e-05	-4	-5	-4.5	-4.5
6.02e-05	-4	-5	-4.5	-4.5
