Position  (cm)	Ecb (eV)	Evb (eV)	Efn (eV)	Efp (eV)
0	-3.8	-5.4	-4.52910602001019	-4.67089397998982
2.12151739152832e-09	-3.8	-5.4	-4.35732619913539	-4.84267380086461
4.34707627935975e-09	-3.8	-5.4	-4.33879936723282	-4.86120063276718
6.68121450657862e-09	-3.8	-5.4	-4.32769552422165	-4.87230447577835
9.12863752259283e-09	-3.8	-5.4	-4.31963113446047	-4.88036886553953
1.16942230432444e-08	-3.8	-5.4	-4.3132315267268	-4.8867684732732
1.43830257664662e-08	-3.8	-5.4	-4.30788423944147	-4.89211576055853
1.72002821403399e-08	-3.8	-5.4	-4.30326254660029	-4.89673745339972
2.01514151801996e-08	-3.8	-5.4	-4.29917143295351	-4.90082856704649
2.32420393311509e-08	-3.8	-5.4	-4.29548512977315	-4.90451487022685
2.64779653721458e-08	-3.8	-5.4	-4.29211778549781	-4.90788221450219
2.9865205357556e-08	-3.8	-5.4	-4.28900818819061	-4.91099181180939
3.34099775918348e-08	-3.8	-5.4	-4.286111162935	-4.913888837065
3.71187116327228e-08	-3.8	-5.4	-4.28339242406885	-4.91660757593115
4.09980533181195e-08	-3.8	-5.4	-4.28082534036898	-4.91917465963102
4.50548698114988e-08	-3.8	-5.4	-4.27838881883869	-4.92161118116131
4.92962546604839e-08	-3.8	-5.4	-4.27606587279085	-4.92393412720915
5.37295328629467e-08	-3.8	-5.4	-4.27384262474635	-4.92615737525365
5.83622659346949e-08	-3.8	-5.4	-4.27170759473091	-4.92829240526909
6.32022569725685e-08	-3.8	-5.4	-4.26965118122443	-4.93034881877557
6.82575557064784e-08	-3.8	-5.4	-4.26766527538075	-4.93233472461925
7.35364635336391e-08	-3.8	-5.4	-4.26574296945057	-4.93425703054943
7.90475385279966e-08	-3.8	-5.4	-4.26387833308143	-4.93612166691857
8.47996004175491e-08	-3.8	-5.4	-4.26206623937154	-4.93793376062846
9.08017355220112e-08	-3.8	-5.4	-4.26030222795989	-4.93969777204011
9.70633016429694e-08	-3.8	-5.4	-4.25858239607349	-4.94141760392651
1.03593932898425e-07	-3.8	-5.4	-4.25690331094757	-4.94309668905243
1.10403544493356e-07	-3.8	-5.4	-4.25526193877571	-4.9447380612243
1.17502337417614e-07	-3.8	-5.4	-4.2536555865808	-4.9463444134192
1.24900803062315e-07	-3.8	-5.4	-4.25208185428513	-4.94791814571487
1.32609727745455e-07	-3.8	-5.4	-4.25053859490387	-4.94946140509613
1.40640197137427e-07	-3.8	-5.4	-4.24902388126344	-4.95097611873656
1.49003600576674e-07	-3.8	-5.4	-4.24753597800148	-4.95246402199852
1.5771163526564e-07	-3.8	-5.4	-4.24607331787305	-4.95392668212695
1.66776310336782e-07	-3.8	-5.4	-4.24463448159177	-4.95536551840823
1.76209950778339e-07	-3.8	-5.4	-4.24321818059108	-4.95678181940892
1.86025201209182e-07	-3.8	-5.4	-4.24182324221222	-4.95817675778778
1.96235029491986e-07	-3.8	-5.4	-4.24044859691992	-4.95955140308008
2.06852730173672e-07	-3.8	-5.4	-4.23909326722171	-4.96090673277829
2.17891927741934e-07	-3.8	-5.4	-4.23775635802528	-4.96224364197472
2.29366579686445e-07	-3.8	-5.4	-4.23643704821571	-4.96356295178429
2.41290979353221e-07	-3.8	-5.4	-4.23513458327198	-4.96486541672802
2.53679758580406e-07	-3.8	-5.4	-4.23384826877251	-4.96615173122749
2.66547890103673e-07	-3.8	-5.4	-4.23257746466461	-4.96742253533539
2.79910689719234e-07	-3.8	-5.4	-4.23132158019234	-4.96867841980766
2.93783818192436e-07	-3.8	-5.4	-4.23008006939425	-4.96991993060575
3.08183282899734e-07	-3.8	-5.4	-4.22885242709606	-4.97114757290394
3.2312543919183e-07	-3.8	-5.4	-4.22763818533432	-4.97236181466568
3.38626991465696e-07	-3.8	-5.4	-4.22643691015687	-4.97356308984313
3.54704993933107e-07	-3.8	-5.4	-4.22524819875354	-4.97475180124646
3.71376851073405e-07	-3.8	-5.4	-4.22407167687715	-4.97592832312285
3.88660317758096e-07	-3.8	-5.4	-4.22290699652032	-4.97709300347968
4.06573499035004e-07	-3.8	-5.4	-4.22175383381855	-4.97824616618145
4.251348495597e-07	-3.8	-5.4	-4.22061188715349	-4.97938811284651
4.44363172662013e-07	-3.8	-5.4	-4.21948087543435	-4.98051912456565
4.64277619035532e-07	-3.8	-5.4	-4.21836053653752	-4.98163946346248
4.8489768503811e-07	-3.8	-5.4	-4.2172506258877	-4.9827493741123
5.06243210591526e-07	-3.8	-5.4	-4.21615091516524	-4.98384908483476
5.28334376668665e-07	-3.8	-5.4	-4.21506119112675	-4.98493880887325
5.51191702356702e-07	-3.8	-5.4	-4.21398125452734	-4.98601874547266
5.74836041485085e-07	-3.8	-5.4	-4.21291091913425	-4.98708908086575
5.99288578807283e-07	-3.8	-5.4	-4.21185001082277	-4.98814998917723
6.2457082572558e-07	-3.8	-5.4	-4.21079836674655	-4.98920163325345
6.50704615548521e-07	-3.8	-5.4	-4.20975583457513	-4.99024416542487
6.7771209827089e-07	-3.8	-5.4	-4.20872227179226	-4.99127772820774
7.05615734866513e-07	-3.8	-5.4	-4.20769754504944	-4.99230245495056
7.34438291084568e-07	-3.8	-5.4	-4.20668152956967	-4.99331847043034
7.64202830740457e-07	-3.8	-5.4	-4.20567410859669	-4.99432589140331
7.94932708492795e-07	-3.8	-5.4	-4.20467517288593	-4.99532482711407
8.2665156209855e-07	-3.8	-5.4	-4.20368462023319	-4.99631537976681
8.59383304138806e-07	-3.8	-5.4	-4.2027023550381	-4.9972976449619
8.93152113208286e-07	-3.8	-5.4	-4.20172828789914	-4.99827171210086
9.27982424562175e-07	-3.8	-5.4	-4.20076233523775	-4.99923766476225
9.63898920214557e-07	-3.8	-5.4	-4.19980441894889	-5.00019558105111
1.00092651848324e-06	-3.8	-5.4	-4.1988544660761	-5.0011455339239
1.03909036297655e-06	-3.8	-5.4	-4.19791240850897	-5.00208759149103
1.07841581101817e-06	-3.8	-5.4	-4.19697818270112	-5.00302181729888
1.11892842150705e-06	-3.8	-5.4	-4.19605172940729	-5.00394827059271
1.16065394220993e-06	-3.8	-5.4	-4.19513299343779	-5.00486700656221
1.20361829648488e-06	-3.8	-5.4	-4.19422192342921	-5.00577807657079
1.24784756943508e-06	-3.8	-5.4	-4.19331847162987	-5.00668152837013
1.29336799349282e-06	-3.8	-5.4	-4.1924225936992	-5.0075774063008
1.34020593343452e-06	-3.8	-5.4	-4.1915342485197	-5.0084657514803
1.38838787082855e-06	-3.8	-5.4	-4.19065339802074	-5.00934660197926
1.43794038791832e-06	-3.8	-5.4	-4.18978000701332	-5.01021999298668
1.48889015094427e-06	-3.8	-5.4	-4.18891404303484	-5.01108595696516
1.54126389290908e-06	-3.8	-5.4	-4.18805547620335	-5.01194452379665
1.59508839579139e-06	-3.8	-5.4	-4.18720427908047	-5.01279572091953
1.65039047221459e-06	-3.8	-5.4	-4.1863604265424	-5.0136395734576
1.70719694657769e-06	-3.8	-5.4	-4.18552389565846	-5.01447610434154
1.76553463565681e-06	-3.8	-5.4	-4.18469466557669	-5.01530533442331
1.8254303286864e-06	-3.8	-5.4	-4.18387271741584	-5.01612728258416
1.88691076693063e-06	-3.8	-5.4	-4.18305803416357	-5.01694196583643
1.95000262275624e-06	-3.8	-5.4	-4.18225060058026	-5.01774939941974
2.01473247821923e-06	-3.8	-5.4	-4.18145040310803	-5.01854959689197
2.08112680317883e-06	-3.8	-5.4	-4.18065742978479	-5.01934257021521
2.14921193295323e-06	-3.8	-5.4	-4.17987167016285	-5.02012832983715
2.21901404553247e-06	-3.8	-5.4	-4.17909311523182	-5.02090688476818
2.29055913836531e-06	-3.8	-5.4	-4.17832175734552	-5.02167824265448
2.36387300473738e-06	-3.8	-5.4	-4.17755759015268	-5.02244240984732
2.43898120975948e-06	-3.8	-5.4	-4.17680060853114	-5.02319939146886
2.5159090659857e-06	-3.8	-5.4	-4.17605080852535	-5.02394919147465
2.59468160868202e-06	-3.8	-5.4	-4.17530818728694	-5.02469181271306
2.67532357076715e-06	-3.8	-5.4	-4.17457274301822	-5.02542725698178
2.75785935744839e-06	-3.8	-5.4	-4.17384447491836	-5.02615552508164
2.84231302057633e-06	-3.8	-5.4	-4.17312338313212	-5.02687661686788
2.92870823274291e-06	-3.8	-5.4	-4.17240946870104	-5.02759053129896
3.01706826114874e-06	-3.8	-5.4	-4.17170273351673	-5.02829726648327
3.10741594126617e-06	-3.8	-5.4	-4.17100318027645	-5.02899681972355
3.19977365032567e-06	-3.8	-5.4	-4.17031081244056	-5.02968918755944
3.29416328065395e-06	-3.8	-5.4	-4.16962563419188	-5.03037436580812
3.39060621289304e-06	-3.8	-5.4	-4.16894765039681	-5.03105234960319
3.48912328913053e-06	-3.8	-5.4	-4.16827686656812	-5.03172313343188
3.58973478597165e-06	-3.8	-5.4	-4.1676132888293	-5.0323867111707
3.69246038758518e-06	-3.8	-5.4	-4.16695692388035	-5.03304307611965
3.7973191587551e-06	-3.8	-5.4	-4.16630777896507	-5.03369222103493
3.90432951797149e-06	-3.8	-5.4	-4.16566586183953	-5.03433413816047
4.01350921059396e-06	-3.8	-5.4	-4.16503118074192	-5.03496881925808
4.12487528212218e-06	-3.8	-5.4	-4.16440374436348	-5.03559625563652
4.23844405160815e-06	-3.8	-5.4	-4.16378356182059	-5.03621643817941
4.35423108524561e-06	-3.8	-5.4	-4.16317064262793	-5.03682935737207
4.47225117017228e-06	-3.8	-5.4	-4.16256499667262	-5.03743500332738
4.59251828852124e-06	-3.8	-5.4	-4.16196663418929	-5.03803336581071
4.71504559175772e-06	-3.8	-5.4	-4.16137556573615	-5.03862443426385
4.83984537533834e-06	-3.8	-5.4	-4.16079180217177	-5.03920819782823
4.96692905372961e-06	-3.8	-5.4	-4.16021535463283	-5.03978464536717
5.09630713582301e-06	-3.8	-5.4	-4.15964623451255	-5.04035376548745
5.22798920078386e-06	-3.8	-5.4	-4.15908445343987	-5.04091554656013
5.36198387437138e-06	-3.8	-5.4	-4.15853002325937	-5.04146997674063
5.49829880576723e-06	-3.8	-5.4	-4.15798295601188	-5.04201704398812
5.63694064494978e-06	-3.8	-5.4	-4.15744326391565	-5.04255673608435
5.77791502065126e-06	-3.8	-5.4	-4.15691095934822	-5.04308904065178
5.92122651893456e-06	-3.8	-5.4	-4.15638605482885	-5.04361394517115
6.06687866242651e-06	-3.8	-5.4	-4.15586856300149	-5.04413143699851
6.21487389024361e-06	-3.8	-5.4	-4.15535849661833	-5.04464150338167
6.36521353864642e-06	-3.8	-5.4	-4.15485586852385	-5.04514413147615
6.51789782245768e-06	-3.8	-5.4	-4.15436069163936	-5.04563930836064
6.67292581727915e-06	-3.8	-5.4	-4.15387297894802	-5.04612702105198
6.8302954425414e-06	-3.8	-5.4	-4.15339274348034	-5.04660725651966
6.99000344541999e-06	-3.8	-5.4	-4.15291999830013	-5.04708000169987
7.15204538565092e-06	-3.8	-5.4	-4.15245475649079	-5.04754524350921
7.31641562127722e-06	-3.8	-5.4	-4.15199703114215	-5.04800296885785
7.48310729535781e-06	-3.8	-5.4	-4.15154683533759	-5.04845316466241
7.65211232366876e-06	-3.8	-5.4	-4.15110418214161	-5.04889581785839
7.82342138342606e-06	-3.8	-5.4	-4.15066908458775	-5.04933091541225
7.99702390305782e-06	-3.8	-5.4	-4.15024155566684	-5.04975844433316
8.17290805305299e-06	-3.8	-5.4	-4.14982160831567	-5.05017839168433
8.35106073791205e-06	-3.8	-5.4	-4.14940925540593	-5.05059074459407
8.5314675892243e-06	-3.8	-5.4	-4.14900450973351	-5.05099549026649
8.7141129598946e-06	-3.8	-5.4	-4.14860738400809	-5.05139261599191
8.89897991954149e-06	-3.8	-5.4	-4.14821789084309	-5.05178210915691
9.08605025108686e-06	-3.8	-5.4	-4.14783604274585	-5.05216395725415
9.27530444855591e-06	-3.8	-5.4	-4.14746185210819	-5.05253814789181
9.46672171610474e-06	-3.8	-5.4	-4.14709533119713	-5.05290466880287
9.66027996829117e-06	-3.8	-5.4	-4.14673649214604	-5.05326350785396
9.85595583160292e-06	-3.8	-5.4	-4.14638534694593	-5.05361465305407
1.00537246472553e-05	-3.8	-5.4	-4.14604190743706	-5.05395809256294
1.02535604752692e-05	-3.8	-5.4	-4.14570618530083	-5.05429381469917
1.04554360998386e-05	-3.8	-5.4	-4.14537819205185	-5.05462180794815
1.06593230359935e-05	-3.8	-5.4	-4.14505793903034	-5.05494206096966
1.08651915375659e-05	-3.8	-5.4	-4.1447454373947	-5.0552545626053
1.10730106064588e-05	-3.8	-5.4	-4.14444069811436	-5.05555930188564
1.12827480032239e-05	-3.8	-5.4	-4.14414373196282	-5.05585626803718
1.14943702589441e-05	-3.8	-5.4	-4.14385454951099	-5.05614545048901
1.17078426884207e-05	-3.8	-5.4	-4.14357316112065	-5.05642683887935
1.19231294046606e-05	-3.8	-5.4	-4.1432995769382	-5.0567004230618
1.21401933346571e-05	-3.8	-5.4	-4.1430338068886	-5.0569661931114
1.23589962364568e-05	-3.8	-5.4	-4.14277586066954	-5.05722413933046
1.25794987175023e-05	-3.8	-5.4	-4.14252574774573	-5.05747425225427
1.28016602542393e-05	-3.8	-5.4	-4.14228347734356	-5.05771652265644
1.30254392129732e-05	-3.8	-5.4	-4.14204905844577	-5.05795094155423
1.32507928719611e-05	-3.8	-5.4	-4.14182249978642	-5.05817750021358
1.34776774447197e-05	-3.8	-5.4	-4.14160380984607	-5.05839619015393
1.37060481045315e-05	-3.8	-5.4	-4.14139299684707	-5.05860700315293
1.39358590101256e-05	-3.8	-5.4	-4.14119006874911	-5.05880993125089
1.4167063332512e-05	-3.8	-5.4	-4.1409950332449	-5.0590049667551
1.4399613282943e-05	-3.8	-5.4	-4.14080789775605	-5.05919210224394
1.46334601419745e-05	-3.8	-5.4	-4.14062866942919	-5.05937133057081
1.48685542896001e-05	-3.8	-5.4	-4.1404573551321	-5.0595426448679
1.51048452364254e-05	-3.8	-5.4	-4.14029396145024	-5.05970603854976
1.53422816558524e-05	-3.8	-5.4	-4.14013849468325	-5.05986150531675
1.5580811417239e-05	-3.8	-5.4	-4.13999096084175	-5.06000903915825
1.58203816199984e-05	-3.8	-5.4	-4.13985136564424	-5.06014863435576
1.60609386286027e-05	-3.8	-5.4	-4.1397197145142	-5.0602802854858
1.63024281084502e-05	-3.8	-5.4	-4.13959601257733	-5.06040398742267
1.65447950625587e-05	-3.8	-5.4	-4.139480264659	-5.060519735341
1.67879838690426e-05	-3.8	-5.4	-4.13937247528177	-5.06062752471823
1.70319383193312e-05	-3.8	-5.4	-4.13927264866319	-5.06072735133681
1.72766016570859e-05	-3.8	-5.4	-4.13918078871365	-5.06081921128636
1.75219166177687e-05	-3.8	-5.4	-4.13909689903443	-5.06090310096557
1.776782546882e-05	-3.8	-5.4	-4.13902098291596	-5.06097901708404
1.80142700503945e-05	-3.8	-5.4	-4.13895304333615	-5.06104695666385
1.82611918166109e-05	-3.8	-5.4	-4.13889308295887	-5.06110691704113
1.85085318772648e-05	-3.8	-5.4	-4.1388411041327	-5.0611588958673
1.87562310399549e-05	-3.8	-5.4	-4.13879710888971	-5.06120289111029
1.90042298525741e-05	-3.8	-5.4	-4.13876109894442	-5.06123890105558
1.92524686461131e-05	-3.8	-5.4	-4.13873307569295	-5.06126692430705
1.95008875777254e-05	-3.8	-5.4	-4.13871304021231	-5.06128695978769
1.97494266740029e-05	-3.8	-5.4	-4.1387009932598	-5.0612990067402
1.99980258744083e-05	-3.8	-5.4	-4.13869693527258	-5.06130306472742
2.02466250748138e-05	-3.8	-5.4	-4.13870086636744	-5.06129913363256
2.04951641710913e-05	-3.8	-5.4	-4.13871278634062	-5.06128721365938
2.07435831027036e-05	-3.8	-5.4	-4.13873269466787	-5.06126730533213
2.09918218962426e-05	-3.8	-5.4	-4.13876059050463	-5.06123940949537
2.12398207088618e-05	-3.8	-5.4	-4.1387964726863	-5.0612035273137
2.14875198715519e-05	-3.8	-5.4	-4.13884033972878	-5.06115966027122
2.17348599322057e-05	-3.8	-5.4	-4.13889218982902	-5.06110781017098
2.19817816984222e-05	-3.8	-5.4	-4.13895202086586	-5.06104797913414
2.22282262799967e-05	-3.8	-5.4	-4.13901983040089	-5.06098016959911
2.2474135131048e-05	-3.8	-5.4	-4.13909561567956	-5.06090438432044
2.27194500917308e-05	-3.8	-5.4	-4.13917937363237	-5.06082062636763
2.29641134294855e-05	-3.8	-5.4	-4.13927110087628	-5.06072889912372
2.32080678797741e-05	-3.8	-5.4	-4.13937079371619	-5.06062920628381
2.3451256686258e-05	-3.8	-5.4	-4.13947844814667	-5.06052155185333
2.36936236403665e-05	-3.8	-5.4	-4.13959405985373	-5.06040594014627
2.3935113120214e-05	-3.8	-5.4	-4.13971762421687	-5.06028237578313
2.41756701288183e-05	-3.8	-5.4	-4.13984913631118	-5.06015086368882
2.44152403315777e-05	-3.8	-5.4	-4.13998859090966	-5.06001140909034
2.46537700929643e-05	-3.8	-5.4	-4.14013598248566	-5.05986401751434
2.48912065123913e-05	-3.8	-5.4	-4.14029130521552	-5.05970869478448
2.51274974592166e-05	-3.8	-5.4	-4.14045455298134	-5.05954544701866
2.53625916068422e-05	-3.8	-5.4	-4.14062571937392	-5.05937428062608
2.55964384658737e-05	-3.8	-5.4	-4.14080479769585	-5.05919520230415
2.58289884163047e-05	-3.8	-5.4	-4.14099178096482	-5.05900821903518
2.60601927386911e-05	-3.8	-5.4	-4.14118666191703	-5.05881333808297
2.62900036442852e-05	-3.8	-5.4	-4.14138943301078	-5.05861056698922
2.6518374304097e-05	-3.8	-5.4	-4.14160008643029	-5.05839991356971
2.67452588768556e-05	-3.8	-5.4	-4.14181861408965	-5.05818138591035
2.69706125358435e-05	-3.8	-5.4	-4.1420450076369	-5.0579549923631
2.71943914945774e-05	-3.8	-5.4	-4.14227925845839	-5.05772074154161
2.74165530313144e-05	-3.8	-5.4	-4.14252135768324	-5.05747864231676
2.76370555123599e-05	-3.8	-5.4	-4.14277129618798	-5.05722870381202
2.78558584141596e-05	-3.8	-5.4	-4.14302906460149	-5.05697093539851
2.80729223441561e-05	-3.8	-5.4	-4.14329465330993	-5.05670534669007
2.8288209060396e-05	-3.8	-5.4	-4.14356805246205	-5.05643194753795
2.85016814898726e-05	-3.8	-5.4	-4.14384925197459	-5.05615074802541
2.87133037455928e-05	-3.8	-5.4	-4.14413824153789	-5.05586175846211
2.89230411423579e-05	-3.8	-5.4	-4.14443501062174	-5.05556498937826
2.91308602112508e-05	-3.8	-5.4	-4.14473954848137	-5.05526045151863
2.93367287128232e-05	-3.8	-5.4	-4.1450518441637	-5.0549481558363
2.95406156489781e-05	-3.8	-5.4	-4.14537188651378	-5.05462811348622
2.97424912735475e-05	-3.8	-5.4	-4.14569966418145	-5.05430033581855
2.99423271015614e-05	-3.8	-5.4	-4.14603516562819	-5.05396483437181
3.01400959172138e-05	-3.8	-5.4	-4.14637837913425	-5.05362162086575
3.03357717805255e-05	-3.8	-5.4	-4.14672929280595	-5.05327070719405
3.0529330032712e-05	-3.8	-5.4	-4.14708789458326	-5.05291210541674
3.07207473002608e-05	-3.8	-5.4	-4.14745417224755	-5.05254582775245
3.09100014977298e-05	-3.8	-5.4	-4.14782811342967	-5.05217188657033
3.10970718292752e-05	-3.8	-5.4	-4.14820970561818	-5.05179029438182
3.12819387889221e-05	-3.8	-5.4	-4.14859893616795	-5.05140106383205
3.14645841595924e-05	-3.8	-5.4	-4.14899579230888	-5.05100420769112
3.16449910109046e-05	-3.8	-5.4	-4.14940026115502	-5.05059973884498
3.18231436957637e-05	-3.8	-5.4	-4.14981232971385	-5.05018767028615
3.19990278457589e-05	-3.8	-5.4	-4.1502319848959	-5.0497680151041
3.21726303653906e-05	-3.8	-5.4	-4.15065921352468	-5.04934078647532
3.23439394251479e-05	-3.8	-5.4	-4.15109400234683	-5.04890599765317
3.25129444534589e-05	-3.8	-5.4	-4.15153633804259	-5.04846366195741
3.26796361275395e-05	-3.8	-5.4	-4.15198620723666	-5.04801379276334
3.28440063631658e-05	-3.8	-5.4	-4.15244359650928	-5.04755640349072
3.30060483033967e-05	-3.8	-5.4	-4.15290849240769	-5.04709150759231
3.31657563062753e-05	-3.8	-5.4	-4.15338088145792	-5.04661911854208
3.33231259315375e-05	-3.8	-5.4	-4.15386075017693	-5.04613924982307
3.3478153926359e-05	-3.8	-5.4	-4.15434808508512	-5.04565191491488
3.36308382101703e-05	-3.8	-5.4	-4.15484287271921	-5.04515712728079
3.37811778585731e-05	-3.8	-5.4	-4.15534509964551	-5.04465490035449
3.39291730863902e-05	-3.8	-5.4	-4.15585475247357	-5.04414524752643
3.40748252298821e-05	-3.8	-5.4	-4.15637181787031	-5.04362818212969
3.42181367281654e-05	-3.8	-5.4	-4.15689628257451	-5.04310371742549
3.43591111038669e-05	-3.8	-5.4	-4.15742813341178	-5.04257186658822
3.44977529430495e-05	-3.8	-5.4	-4.15796735731002	-5.04203264268998
3.46340678744453e-05	-3.8	-5.4	-4.15851394131535	-5.04148605868465
3.47680625480328e-05	-3.8	-5.4	-4.1590678726085	-5.0409321273915
3.48997446129937e-05	-3.8	-5.4	-4.15962913852183	-5.04037086147816
3.50291226950871e-05	-3.8	-5.4	-4.16019772655683	-5.03980227344317
3.51562063734784e-05	-3.8	-5.4	-4.16077362440217	-5.03922637559783
3.5281006157059e-05	-3.8	-5.4	-4.16135681995246	-5.03864318004755
3.54035334602955e-05	-3.8	-5.4	-4.16194730132753	-5.03805269867247
3.55238005786444e-05	-3.8	-5.4	-4.16254505689247	-5.03745494310753
3.56418206635711e-05	-3.8	-5.4	-4.16315007527825	-5.03684992472175
3.57576076972086e-05	-3.8	-5.4	-4.16376234540317	-5.03623765459683
3.58711764666945e-05	-3.8	-5.4	-4.16438185649504	-5.03561814350496
3.59825425382227e-05	-3.8	-5.4	-4.16500859811414	-5.03499140188586
3.60917222308452e-05	-3.8	-5.4	-4.16564256017705	-5.03435743982295
3.61987325900616e-05	-3.8	-5.4	-4.16628373298138	-5.03371626701862
3.63035913612315e-05	-3.8	-5.4	-4.1669321072314	-5.0330678927686
3.6406316962845e-05	-3.8	-5.4	-4.16758767406469	-5.03241232593531
3.65069284596862e-05	-3.8	-5.4	-4.16825042507984	-5.03174957492016
3.66054455359237e-05	-3.8	-5.4	-4.16892035236522	-5.03107964763478
3.67018884681627e-05	-3.8	-5.4	-4.16959744852894	-5.03040255147106
3.6796278098491e-05	-3.8	-5.4	-4.17028170673004	-5.02971829326996
3.68886358075505e-05	-3.8	-5.4	-4.17097312071096	-5.02902687928905
3.6978983487668e-05	-3.8	-5.4	-4.17167168483143	-5.02832831516857
3.70673435160738e-05	-3.8	-5.4	-4.17237739410381	-5.02762260589619
3.71537387282404e-05	-3.8	-5.4	-4.17309024422995	-5.02690975577005
3.72381923913683e-05	-3.8	-5.4	-4.17381023163974	-5.02618976836026
3.73207281780496e-05	-3.8	-5.4	-4.17453735353139	-5.02546264646861
3.74013701401347e-05	-3.8	-5.4	-4.17527160791353	-5.02472839208647
3.7480142682831e-05	-3.8	-5.4	-4.17601299364939	-5.02398700635061
3.75570705390572e-05	-3.8	-5.4	-4.17676151050295	-5.02323848949705
3.76321787440793e-05	-3.8	-5.4	-4.1775171591874	-5.0224828408126
3.77054926104514e-05	-3.8	-5.4	-4.17827994141596	-5.02172005858404
3.77770377032842e-05	-3.8	-5.4	-4.17904985995526	-5.02095014004474
3.78468398158635e-05	-3.8	-5.4	-4.17982691868134	-5.02017308131866
3.79149249456379e-05	-3.8	-5.4	-4.18061112263866	-5.01938887736134
3.79813192705975e-05	-3.8	-5.4	-4.18140247810205	-5.01859752189795
3.80460491260605e-05	-3.8	-5.4	-4.182200992642	-5.017799007358
3.81091409818861e-05	-3.8	-5.4	-4.18300667519351	-5.01699332480649
3.81706214201303e-05	-3.8	-5.4	-4.1838195361286	-5.0161804638714
3.82305171131599e-05	-3.8	-5.4	-4.18463958733282	-5.01536041266718
3.8288854802239e-05	-3.8	-5.4	-4.18546684228617	-5.01453315771383
3.83456612766021e-05	-3.8	-5.4	-4.18630131614846	-5.01369868385154
3.84009633530253e-05	-3.8	-5.4	-4.18714302584966	-5.01285697415034
3.84547878559076e-05	-3.8	-5.4	-4.18799199018554	-5.01200800981446
3.85071615978724e-05	-3.8	-5.4	-4.1888482299189	-5.0111517700811
3.85581113608984e-05	-3.8	-5.4	-4.1897117678869	-5.0102882321131
3.86076638779882e-05	-3.8	-5.4	-4.19058262911491	-5.00941737088509
3.86558458153822e-05	-3.8	-5.4	-4.19146084093731	-5.00853915906269
3.87026837553239e-05	-3.8	-5.4	-4.19234643312585	-5.00765356687415
3.87482041793816e-05	-3.8	-5.4	-4.19323943802611	-5.00676056197389
3.87924334523318e-05	-3.8	-5.4	-4.1941398907026	-5.0058601092974
3.88353978066068e-05	-3.8	-5.4	-4.1950478290933	-5.0049521709067
3.88771233273096e-05	-3.8	-5.4	-4.19596329417433	-5.00403670582567
3.89176359377985e-05	-3.8	-5.4	-4.19688633013543	-5.00311366986457
3.89569613858401e-05	-3.8	-5.4	-4.19781698456735	-5.00218301543265
3.89951252303335e-05	-3.8	-5.4	-4.19875530866185	-5.00124469133815
3.90321528286021e-05	-3.8	-5.4	-4.19970135742553	-5.00029864257447
3.90680693242545e-05	-3.8	-5.4	-4.20065518990854	-4.99934481009146
3.91028996356084e-05	-3.8	-5.4	-4.20161686944939	-4.99838313055061
3.91366684446779e-05	-3.8	-5.4	-4.2025864639373	-4.9974135360627
3.91694001867181e-05	-3.8	-5.4	-4.2035640460935	-4.9964359539065
3.92011190403239e-05	-3.8	-5.4	-4.20454969377314	-4.99545030622686
3.92318489180762e-05	-3.8	-5.4	-4.20554349028964	-4.99445650971037
3.92616134577321e-05	-3.8	-5.4	-4.20654552476343	-4.99345447523657
3.92904360139502e-05	-3.8	-5.4	-4.20755589249732	-4.99244410750268
3.93183396505458e-05	-3.8	-5.4	-4.20857469538077	-4.99142530461923
3.93453471332682e-05	-3.8	-5.4	-4.20960204232597	-4.99039795767403
3.93714809230911e-05	-3.8	-5.4	-4.21063804973847	-4.98936195026153
3.93967631700094e-05	-3.8	-5.4	-4.21168284202574	-4.98831715797426
3.94212157073316e-05	-3.8	-5.4	-4.21273655214738	-4.98726344785262
3.944486004646e-05	-3.8	-5.4	-4.21379932221085	-4.98620067778915
3.9467717372148e-05	-3.8	-5.4	-4.21487130411744	-4.98512869588256
3.94898085382252e-05	-3.8	-5.4	-4.21595266026346	-4.98404733973654
3.95111540637786e-05	-3.8	-5.4	-4.21704356430229	-4.98295643569771
3.95317741297812e-05	-3.8	-5.4	-4.21814420197365	-4.98185579802635
3.95516885761547e-05	-3.8	-5.4	-4.21925477200728	-4.98074522799272
3.9570916899257e-05	-3.8	-5.4	-4.22037548710892	-4.97962451289108
3.95894782497817e-05	-3.8	-5.4	-4.22150657503783	-4.97849342496218
3.96073914310586e-05	-3.8	-5.4	-4.22264827978581	-4.97735172021419
3.96246748977433e-05	-3.8	-5.4	-4.22380086286965	-4.97619913713035
3.96413467548836e-05	-3.8	-5.4	-4.2249646047498	-4.9750353952502
3.9657424757351e-05	-3.8	-5.4	-4.22613980639051	-4.97386019360949
3.96729263096249e-05	-3.8	-5.4	-4.22732679097839	-4.97267320902161
3.9687868465917e-05	-3.8	-5.4	-4.22852590581896	-4.97147409418104
3.97022679306243e-05	-3.8	-5.4	-4.22973752443364	-4.97026247556636
3.97161410590975e-05	-3.8	-5.4	-4.23096204888283	-4.96903795111717
3.9729503858713e-05	-3.8	-5.4	-4.23219991234506	-4.96780008765494
3.97423719902363e-05	-3.8	-5.4	-4.23345158198641	-4.96654841801359
3.97547607694635e-05	-3.8	-5.4	-4.23471756216016	-4.96528243783984
3.97666851691303e-05	-3.8	-5.4	-4.23599839798336	-4.96400160201664
3.97781598210748e-05	-3.8	-5.4	-4.2372946793445	-4.9627053206555
3.9789199018643e-05	-3.8	-5.4	-4.23860704540602	-4.96139295459398
3.97998167193247e-05	-3.8	-5.4	-4.23993618967686	-4.96006381032314
3.98100265476075e-05	-3.8	-5.4	-4.24128286574348	-4.95871713425652
3.98198417980384e-05	-3.8	-5.4	-4.24264789376482	-4.95735210623518
3.98292754384799e-05	-3.8	-5.4	-4.2440321678563	-4.9559678321437
3.98383401135511e-05	-3.8	-5.4	-4.24543666451324	-4.95456333548676
3.984704814824e-05	-3.8	-5.4	-4.24686245225412	-4.95313754774588
3.98554115516793e-05	-3.8	-5.4	-4.24831070270203	-4.95168929729797
3.98634420210712e-05	-3.8	-5.4	-4.24978270336962	-4.95021729663038
3.98711509457544e-05	-3.8	-5.4	-4.25127987247196	-4.94872012752804
3.98785494113991e-05	-3.8	-5.4	-4.25280377616604	-4.94719622383396
3.98856482043233e-05	-3.8	-5.4	-4.25435614871044	-4.94564385128956
3.98924578159183e-05	-3.8	-5.4	-4.25593891615982	-4.94406108384018
3.98989884471737e-05	-3.8	-5.4	-4.2575542243658	-4.9424457756342
3.99052500132947e-05	-3.8	-5.4	-4.25920447225921	-4.94079552774079
3.99112521483992e-05	-3.8	-5.4	-4.26089235165712	-4.93910764834288
3.99170042102887e-05	-3.8	-5.4	-4.26262089519319	-4.93737910480681
3.99225152852831e-05	-3.8	-5.4	-4.26439353444685	-4.93560646555315
3.99277941931102e-05	-3.8	-5.4	-4.26621417099292	-4.93378582900708
3.99328494918441e-05	-3.8	-5.4	-4.26808726398074	-4.93191273601926
3.9937689482882e-05	-3.8	-5.4	-4.27001793908552	-4.92998206091448
3.99423222159538e-05	-3.8	-5.4	-4.27201212541587	-4.92798787458413
3.99467554941562e-05	-3.8	-5.4	-4.27407672945622	-4.92592327054378
3.99509968790052e-05	-3.8	-5.4	-4.27621985876113	-4.92378014123887
3.99550536954986e-05	-3.8	-5.4	-4.27845111352371	-4.92154888647629
3.9958933037184e-05	-3.8	-5.4	-4.28078197234302	-4.91921802765698
3.99626417712249e-05	-3.8	-5.4	-4.28322631125548	-4.91677368874452
3.99661865434591e-05	-3.8	-5.4	-4.28580111540889	-4.91419888459111
3.99695737834446e-05	-3.8	-5.4	-4.28852747611912	-4.91147252388088
3.99728097094855e-05	-3.8	-5.4	-4.29143202271656	-4.90856797728344
3.99759003336365e-05	-3.8	-5.4	-4.29454903864432	-4.90545096135568
3.99788514666764e-05	-3.8	-5.4	-4.29792369608185	-4.90207630391815
3.99816687230502e-05	-3.8	-5.4	-4.30161720337323	-4.89838279662677
3.99843575257735e-05	-3.8	-5.4	-4.30571540700248	-4.89428459299752
3.99869231112941e-05	-3.8	-5.4	-4.31034406787552	-4.88965593212448
3.99893705343101e-05	-3.8	-5.4	-4.31569818790071	-4.88430181209929
3.99917046725373e-05	-3.8	-5.4	-4.32210446728281	-4.87789553271719
3.99939302314252e-05	-3.8	-5.4	-4.33017530852902	-4.86982469147098
3.99960517488167e-05	-3.8	-5.4	-4.34128520729658	-4.85871479270342
3.99980735995503e-05	-3.8	-5.4	-4.35981682530692	-4.84018317469308
4e-05	-3.8	-5.4	-4.52910602001019	-4.67089397998982
