Position  (cm)	Ecb (eV)	Evb (eV)	Efn (eV)	Efp (eV)
0	-3.8	-5	-4.90000000019019	-4.9
2.12151739152832e-09	-3.8	-5	-4.90000015626588	-4.9
4.34707627935975e-09	-3.8	-5	-4.90000031999671	-4.9
6.68121450657862e-09	-3.8	-5	-4.90000049171666	-4.9
9.12863752259283e-09	-3.8	-5	-4.90000067177207	-4.9
1.16942230432444e-08	-3.8	-5	-4.90000086052197	-4.9
1.43830257664662e-08	-3.8	-5	-4.90000105833842	-4.9
1.72002821403399e-08	-3.8	-5	-4.9000012656069	-4.9
2.01514151801996e-08	-3.8	-5	-4.9000014827266	-4.9
2.32420393311509e-08	-3.8	-5	-4.90000171011085	-4.9
2.64779653721458e-08	-3.8	-5	-4.90000194818743	-4.9
2.9865205357556e-08	-3.8	-5	-4.90000219739897	-4.9
3.34099775918348e-08	-3.8	-5	-4.90000245820331	-4.9
3.71187116327228e-08	-3.8	-5	-4.90000273107384	-4.9
4.09980533181195e-08	-3.8	-5	-4.90000301649994	-4.9
4.50548698114988e-08	-3.8	-5	-4.90000331498727	-4.9
4.92962546604839e-08	-3.8	-5	-4.90000362705823	-4.9
5.37295328629467e-08	-3.8	-5	-4.90000395325227	-4.9
5.83622659346949e-08	-3.8	-5	-4.9000042941263	-4.9
6.32022569725685e-08	-3.8	-5	-4.90000465025506	-4.9
6.82575557064784e-08	-3.8	-5	-4.9000050222315	-4.9
7.35364635336391e-08	-3.8	-5	-4.90000541066714	-4.9
7.90475385279966e-08	-3.8	-5	-4.90000581619247	-4.9
8.47996004175491e-08	-3.8	-5	-4.9000062394573	-4.9
9.08017355220112e-08	-3.8	-5	-4.90000668113112	-4.9
9.70633016429694e-08	-3.8	-5	-4.9000071419035	-4.9
1.03593932898425e-07	-3.8	-5	-4.90000762248444	-4.9
1.10403544493356e-07	-3.8	-5	-4.9000081236047	-4.9
1.17502337417614e-07	-3.8	-5	-4.9000086460162	-4.9
1.24900803062315e-07	-3.8	-5	-4.90000919049233	-4.9
1.32609727745455e-07	-3.8	-5	-4.90000975782831	-4.9
1.40640197137427e-07	-3.8	-5	-4.90001034884151	-4.9
1.49003600576674e-07	-3.8	-5	-4.90001096437181	-4.9
1.5771163526564e-07	-3.8	-5	-4.90001160528187	-4.9
1.66776310336782e-07	-3.8	-5	-4.90001227245749	-4.9
1.76209950778339e-07	-3.8	-5	-4.90001296680788	-4.9
1.86025201209182e-07	-3.8	-5	-4.90001368926595	-4.9
1.96235029491986e-07	-3.8	-5	-4.90001444078862	-4.9
2.06852730173672e-07	-3.8	-5	-4.90001522235704	-4.9
2.17891927741934e-07	-3.8	-5	-4.90001603497687	-4.9
2.29366579686445e-07	-3.8	-5	-4.90001687967855	-4.9
2.41290979353221e-07	-3.8	-5	-4.90001775751746	-4.9
2.53679758580406e-07	-3.8	-5	-4.90001866957418	-4.9
2.66547890103673e-07	-3.8	-5	-4.90001961695469	-4.9
2.79910689719234e-07	-3.8	-5	-4.90002060079052	-4.9
2.93783818192436e-07	-3.8	-5	-4.90002162223891	-4.9
3.08183282899734e-07	-3.8	-5	-4.90002268248299	-4.9
3.2312543919183e-07	-3.8	-5	-4.90002378273185	-4.9
3.38626991465696e-07	-3.8	-5	-4.9000249242207	-4.9
3.54704993933107e-07	-3.8	-5	-4.9000261082109	-4.9
3.71376851073405e-07	-3.8	-5	-4.90002733599005	-4.9
3.88660317758096e-07	-3.8	-5	-4.90002860887202	-4.9
4.06573499035004e-07	-3.8	-5	-4.90002992819697	-4.9
4.251348495597e-07	-3.8	-5	-4.9000312953313	-4.9
4.44363172662013e-07	-3.8	-5	-4.90003271166768	-4.9
4.64277619035532e-07	-3.8	-5	-4.90003417862492	-4.9
4.8489768503811e-07	-3.8	-5	-4.90003569764791	-4.9
5.06243210591526e-07	-3.8	-5	-4.90003727020753	-4.9
5.28334376668665e-07	-3.8	-5	-4.90003889780043	-4.9
5.51191702356702e-07	-3.8	-5	-4.90004058194892	-4.9
5.74836041485085e-07	-3.8	-5	-4.90004232420073	-4.9
5.99288578807283e-07	-3.8	-5	-4.90004412612877	-4.9
6.2457082572558e-07	-3.8	-5	-4.90004598933088	-4.9
6.50704615548521e-07	-3.8	-5	-4.90004791542952	-4.9
6.7771209827089e-07	-3.8	-5.00000000000001	-4.90004990607138	-4.9
7.05615734866513e-07	-3.80000000000001	-5.00000000000001	-4.90005196292712	-4.9
7.34438291084568e-07	-3.80000000000001	-5.00000000000001	-4.90005408769085	-4.9
7.64202830740457e-07	-3.80000000000001	-5.00000000000001	-4.90005628207975	-4.9
7.94932708492795e-07	-3.80000000000001	-5.00000000000001	-4.90005854783359	-4.9
8.2665156209855e-07	-3.80000000000001	-5.00000000000001	-4.90006088671419	-4.9
8.59383304138806e-07	-3.80000000000001	-5.00000000000001	-4.90006330050489	-4.9
8.93152113208286e-07	-3.80000000000001	-5.00000000000001	-4.90006579100996	-4.9
9.27982424562175e-07	-3.80000000000001	-5.00000000000001	-4.90006836005394	-4.9
9.63898920214557e-07	-3.80000000000001	-5.00000000000001	-4.90007100948102	-4.9
1.00092651848324e-06	-3.80000000000001	-5.00000000000001	-4.90007374115433	-4.9
1.03909036297655e-06	-3.80000000000001	-5.00000000000001	-4.90007655695513	-4.9
1.07841581101817e-06	-3.80000000000001	-5.00000000000001	-4.90007945878213	-4.9
1.11892842150705e-06	-3.80000000000001	-5.00000000000001	-4.90008244855057	-4.9
1.16065394220993e-06	-3.80000000000001	-5.00000000000001	-4.90008552819142	-4.9
1.20361829648488e-06	-3.80000000000001	-5.00000000000001	-4.90008869965042	-4.9
1.24784756943508e-06	-3.80000000000001	-5.00000000000001	-4.90009196488719	-4.9
1.29336799349282e-06	-3.80000000000001	-5.00000000000001	-4.90009532587422	-4.9
1.34020593343452e-06	-3.80000000000001	-5.00000000000001	-4.90009878459581	-4.9
1.38838787082855e-06	-3.80000000000001	-5.00000000000001	-4.90010234304705	-4.9
1.43794038791832e-06	-3.80000000000001	-5.00000000000001	-4.90010600323271	-4.9
1.48889015094427e-06	-3.80000000000001	-5.00000000000001	-4.90010976716605	-4.9
1.54126389290908e-06	-3.80000000000001	-5.00000000000001	-4.90011363686766	-4.9
1.59508839579139e-06	-3.80000000000001	-5.00000000000001	-4.90011761436425	-4.9
1.65039047221459e-06	-3.80000000000001	-5.00000000000002	-4.90012170168733	-4.9
1.70719694657769e-06	-3.80000000000002	-5.00000000000002	-4.90012590087195	-4.9
1.76553463565681e-06	-3.80000000000002	-5.00000000000002	-4.90013021395534	-4.9
1.8254303286864e-06	-3.80000000000002	-5.00000000000002	-4.9001346429755	-4.9
1.88691076693063e-06	-3.80000000000002	-5.00000000000002	-4.90013918996984	-4.9
1.95000262275624e-06	-3.80000000000002	-5.00000000000002	-4.90014385697364	-4.9
2.01473247821923e-06	-3.80000000000002	-5.00000000000002	-4.90014864601864	-4.9
2.08112680317883e-06	-3.80000000000002	-5.00000000000002	-4.90015355913143	-4.9
2.14921193295323e-06	-3.80000000000002	-5.00000000000002	-4.90015859833195	-4.9
2.21901404553247e-06	-3.80000000000002	-5.00000000000002	-4.90016376563185	-4.9
2.29055913836531e-06	-3.80000000000003	-5.00000000000003	-4.90016906303289	-4.9
2.36387300473738e-06	-3.80000000000003	-5.00000000000003	-4.90017449252525	-4.9
2.43898120975948e-06	-3.80000000000003	-5.00000000000003	-4.90018005608586	-4.9
2.5159090659857e-06	-3.80000000000003	-5.00000000000003	-4.90018575567666	-4.9
2.59468160868202e-06	-3.80000000000003	-5.00000000000003	-4.90019159324286	-4.9
2.67532357076715e-06	-3.80000000000004	-5.00000000000004	-4.90019757071117	-4.9
2.75785935744839e-06	-3.80000000000004	-5.00000000000004	-4.90020368998799	-4.9
2.84231302057633e-06	-3.80000000000004	-5.00000000000004	-4.90020995295757	-4.9
2.92870823274291e-06	-3.80000000000004	-5.00000000000004	-4.9002163614802	-4.9
3.01706826114874e-06	-3.80000000000005	-5.00000000000005	-4.90022291739031	-4.9
3.10741594126617e-06	-3.80000000000005	-5.00000000000005	-4.90022962249459	-4.9
3.19977365032567e-06	-3.80000000000006	-5.00000000000006	-4.90023647857008	-4.9
3.29416328065395e-06	-3.80000000000006	-5.00000000000006	-4.9002434873623	-4.9
3.39060621289304e-06	-3.80000000000006	-5.00000000000006	-4.90025065058321	-4.9
3.48912328913053e-06	-3.80000000000007	-5.00000000000007	-4.90025796990939	-4.9
3.58973478597165e-06	-3.80000000000008	-5.00000000000008	-4.90026544697999	-4.9
3.69246038758518e-06	-3.80000000000008	-5.00000000000008	-4.90027308339482	-4.9
3.7973191587551e-06	-3.80000000000009	-5.00000000000009	-4.90028088071236	-4.9
3.90432951797149e-06	-3.8000000000001	-5.0000000000001	-4.90028884044778	-4.9
4.01350921059396e-06	-3.80000000000011	-5.00000000000011	-4.90029696407098	-4.9
4.12487528212218e-06	-3.80000000000012	-5.00000000000012	-4.90030525300464	-4.9
4.23844405160815e-06	-3.80000000000013	-5.00000000000013	-4.9003137086222	-4.9
4.35423108524561e-06	-3.80000000000014	-5.00000000000014	-4.90032233224592	-4.9
4.47225117017228e-06	-3.80000000000015	-5.00000000000015	-4.90033112514495	-4.9
4.59251828852124e-06	-3.80000000000017	-5.00000000000017	-4.90034008853333	-4.9
4.71504559175772e-06	-3.80000000000019	-5.00000000000019	-4.9003492235681	-4.9
4.83984537533834e-06	-3.80000000000021	-5.00000000000021	-4.90035853134734	-4.9
4.96692905372961e-06	-3.80000000000023	-5.00000000000023	-4.90036801290833	-4.9
5.09630713582301e-06	-3.80000000000025	-5.00000000000025	-4.90037766922558	-4.9
5.22798920078386e-06	-3.80000000000028	-5.00000000000028	-4.90038750120904	-4.9
5.36198387437138e-06	-3.80000000000031	-5.00000000000031	-4.90039750970226	-4.9
5.49829880576723e-06	-3.80000000000035	-5.00000000000035	-4.90040769548052	-4.9
5.63694064494978e-06	-3.80000000000039	-5.00000000000039	-4.90041805924912	-4.9
5.77791502065126e-06	-3.80000000000044	-5.00000000000044	-4.90042860164161	-4.9
5.92122651893456e-06	-3.80000000000049	-5.00000000000049	-4.90043932321807	-4.9
6.06687866242651e-06	-3.80000000000055	-5.00000000000055	-4.90045022446342	-4.9
6.21487389024361e-06	-3.80000000000062	-5.00000000000062	-4.90046130578583	-4.9
6.36521353864642e-06	-3.8000000000007	-5.0000000000007	-4.9004725675151	-4.9
6.51789782245768e-06	-3.80000000000079	-5.00000000000079	-4.90048400990112	-4.9
6.67292581727915e-06	-3.80000000000089	-5.00000000000089	-4.90049563311237	-4.9
6.8302954425414e-06	-3.80000000000101	-5.00000000000101	-4.90050743723446	-4.9
6.99000344541999e-06	-3.80000000000115	-5.00000000000115	-4.90051942226876	-4.9
7.15204538565092e-06	-3.80000000000131	-5.00000000000131	-4.90053158813102	-4.9
7.31641562127722e-06	-3.80000000000149	-5.00000000000149	-4.90054393465014	-4.9
7.48310729535781e-06	-3.80000000000171	-5.00000000000171	-4.9005564615669	-4.9
7.65211232366876e-06	-3.80000000000195	-5.00000000000195	-4.9005691685328	-4.9
7.82342138342606e-06	-3.80000000000224	-5.00000000000224	-4.90058205510901	-4.9
7.99702390305782e-06	-3.80000000000257	-5.00000000000257	-4.90059512076525	-4.9
8.17290805305299e-06	-3.80000000000296	-5.00000000000296	-4.90060836487895	-4.9
8.35106073791205e-06	-3.80000000000342	-5.00000000000342	-4.90062178673424	-4.9
8.5314675892243e-06	-3.80000000000395	-5.00000000000395	-4.90063538552121	-4.9
8.7141129598946e-06	-3.80000000000457	-5.00000000000457	-4.90064916033513	-4.9
8.89897991954149e-06	-3.80000000000529	-5.00000000000529	-4.9006631101758	-4.9
9.08605025108686e-06	-3.80000000000615	-5.00000000000615	-4.90067723394696	-4.9
9.27530444855591e-06	-3.80000000000715	-5.00000000000715	-4.90069153045579	-4.9
9.46672171610474e-06	-3.80000000000833	-5.00000000000833	-4.90070599841246	-4.9
9.66027996829117e-06	-3.80000000000973	-5.00000000000973	-4.90072063642983	-4.9
9.85595583160292e-06	-3.80000000001137	-5.00000000001137	-4.90073544302316	-4.9
1.00537246472553e-05	-3.80000000001332	-5.00000000001332	-4.90075041660999	-4.9
1.02535604752692e-05	-3.80000000001563	-5.00000000001563	-4.90076555551	-4.9
1.04554360998386e-05	-3.80000000001836	-5.00000000001836	-4.90078085794507	-4.9
1.06593230359935e-05	-3.80000000002161	-5.00000000002161	-4.90079632203936	-4.9
1.08651915375659e-05	-3.80000000002548	-5.00000000002548	-4.90081194581952	-4.9
1.10730106064588e-05	-3.80000000003009	-5.00000000003009	-4.90082772721497	-4.9
1.12827480032239e-05	-3.80000000003558	-5.00000000003558	-4.90084366405827	-4.9
1.14943702589441e-05	-3.80000000004214	-5.00000000004214	-4.90085975408561	-4.9
1.17078426884207e-05	-3.80000000004998	-5.00000000004998	-4.90087599493739	-4.9
1.19231294046606e-05	-3.80000000005937	-5.00000000005937	-4.90089238415886	-4.9
1.21401933346571e-05	-3.80000000007062	-5.00000000007062	-4.90090891920091	-4.9
1.23589962364568e-05	-3.80000000008412	-5.00000000008412	-4.90092559742091	-4.9
1.25794987175023e-05	-3.80000000010034	-5.00000000010034	-4.90094241608366	-4.9
1.28016602542393e-05	-3.80000000011985	-5.00000000011985	-4.90095937236249	-4.9
1.30254392129732e-05	-3.80000000014334	-5.00000000014334	-4.90097646334034	-4.9
1.32507928719611e-05	-3.80000000017165	-5.00000000017165	-4.90099368601105	-4.9
1.34776774447197e-05	-3.8000000002058	-5.0000000002058	-4.90101103728067	-4.9
1.37060481045315e-05	-3.80000000024705	-5.00000000024705	-4.90102851396894	-4.9
1.39358590101256e-05	-3.8000000002969	-5.0000000002969	-4.90104611281077	-4.9
1.4167063332512e-05	-3.80000000035721	-5.00000000035721	-4.90106383045788	-4.9
1.4399613282943e-05	-3.80000000043024	-5.00000000043024	-4.90108166348053	-4.9
1.46334601419745e-05	-3.80000000051874	-5.00000000051874	-4.90109960836929	-4.9
1.48685542896001e-05	-3.80000000062607	-5.00000000062607	-4.90111766153699	-4.9
1.51048452364254e-05	-3.80000000075634	-5.00000000075634	-4.90113581932065	-4.9
1.53422816558524e-05	-3.80000000091456	-5.00000000091456	-4.9011540779836	-4.9
1.5580811417239e-05	-3.80000000110685	-5.00000000110685	-4.90117243371759	-4.9
1.58203816199984e-05	-3.80000000134069	-5.00000000134069	-4.90119088264509	-4.9
1.60609386286027e-05	-3.80000000162522	-5.00000000162522	-4.90120942082155	-4.9
1.63024281084502e-05	-3.80000000197162	-5.00000000197162	-4.90122804423787	-4.9
1.65447950625587e-05	-3.80000000239353	-5.00000000239353	-4.90124674882281	-4.9
1.67879838690426e-05	-3.80000000290766	-5.00000000290766	-4.90126553044563	-4.9
1.70319383193312e-05	-3.80000000353441	-5.00000000353441	-4.90128438491862	-4.9
1.72766016570859e-05	-3.8000000042987	-5.0000000042987	-4.90130330799991	-4.9
1.75219166177687e-05	-3.800000005231	-5.000000005231	-4.90132229539613	-4.9
1.776782546882e-05	-3.80000000636856	-5.00000000636856	-4.90134134276532	-4.9
1.80142700503945e-05	-3.80000000775683	-5.00000000775683	-4.9013604457198	-4.9
1.82611918166109e-05	-3.80000000945136	-5.00000000945136	-4.90137959982907	-4.9
1.85085318772648e-05	-3.80000001151996	-5.00000001151996	-4.9013988006229	-4.9
1.87562310399549e-05	-3.80000001404537	-5.00000001404537	-4.90141804359432	-4.9
1.90042298525741e-05	-3.80000001712853	-5.00000001712853	-4.90143732420274	-4.9
1.92524686461131e-05	-3.80000002089253	-5.00000002089253	-4.90145663787713	-4.9
1.95008875777254e-05	-3.80000002548736	-5.00000002548736	-4.90147598001913	-4.9
1.97494266740029e-05	-3.80000003109574	-5.00000003109574	-4.90149534600635	-4.9
1.99980258744083e-05	-3.80000003794004	-5.00000003794004	-4.90151473119558	-4.9
2.02466250748138e-05	-3.80000004629081	-5.00000004629081	-4.90153413092604	-4.9
2.04951641710913e-05	-3.80000005647688	-5.00000005647688	-4.90155354052276	-4.9
2.07435831027036e-05	-3.80000006889768	-5.00000006889768	-4.90157295529979	-4.9
2.09918218962426e-05	-3.80000008403795	-5.00000008403795	-4.90159237056361	-4.9
2.12398207088618e-05	-3.80000010248549	-5.00000010248549	-4.90161178161638	-4.9
2.14875198715519e-05	-3.80000012495235	-5.00000012495236	-4.90163118375935	-4.9
2.17348599322057e-05	-3.80000015230035	-5.00000015230035	-4.90165057229609	-4.9
2.19817816984222e-05	-3.80000018557138	-5.00000018557138	-4.90166994253583	-4.9
2.22282262799967e-05	-3.80000022602381	-5.00000022602381	-4.90168928979676	-4.9
2.2474135131048e-05	-3.80000027517562	-5.00000027517562	-4.90170860940922	-4.9
2.27194500917308e-05	-3.80000033485593	-5.00000033485593	-4.90172789671894	-4.9
2.29641134294855e-05	-3.80000040726595	-5.00000040726595	-4.90174714709016	-4.9
2.32080678797741e-05	-3.80000049505135	-5.00000049505135	-4.90176635590875	-4.9
2.3451256686258e-05	-3.80000060138779	-5.00000060138779	-4.90178551858522	-4.9
2.36936236403665e-05	-3.80000073008181	-5.00000073008181	-4.90180463055764	-4.9
2.3935113120214e-05	-3.80000088568963	-5.00000088568963	-4.90182368729446	-4.9
2.41756701288183e-05	-3.80000107365681	-5.00000107365681	-4.90184268429724	-4.9
2.44152403315777e-05	-3.8000013004819	-5.0000013004819	-4.90186161710324	-4.9
2.46537700929643e-05	-3.80000157390784	-5.00000157390784	-4.90188048128781	-4.9
2.48912065123913e-05	-3.80000190314534	-5.00000190314534	-4.90189927246669	-4.9
2.51274974592166e-05	-3.80000229913285	-5.00000229913285	-4.90191798629806	-4.9
2.53625916068422e-05	-3.80000277483836	-5.00000277483836	-4.90193661848437	-4.9
2.55964384658737e-05	-3.80000334560894	-5.00000334560894	-4.90195516477396	-4.9
2.58289884163047e-05	-3.8000040295744	-5.0000040295744	-4.90197362096238	-4.9
2.60601927386911e-05	-3.80000484811217	-5.00000484811217	-4.90199198289338	-4.9
2.62900036442852e-05	-3.80000582638125	-5.00000582638125	-4.90201024645964	-4.9
2.6518374304097e-05	-3.80000699393363	-5.00000699393363	-4.90202840760304	-4.9
2.67452588768556e-05	-3.8000083854124	-5.0000083854124	-4.90204646231451	-4.9
2.69706125358435e-05	-3.80001004134626	-5.00001004134626	-4.90206440663352	-4.9
2.71943914945774e-05	-3.80001200905113	-5.00001200905113	-4.90208223664696	-4.9
2.74165530313144e-05	-3.80001434364959	-5.00001434364959	-4.9020999484875	-4.9
2.76370555123599e-05	-3.80001710922003	-5.00001710922003	-4.90211753833139	-4.89999999999999
2.78558584141596e-05	-3.80002038008723	-5.00002038008723	-4.90213500239556	-4.89999999999999
2.80729223441561e-05	-3.80002424226676	-5.00002424226676	-4.90215233693406	-4.89999999999998
2.8288209060396e-05	-3.80002879507535	-5.00002879507535	-4.90216953823372	-4.89999999999997
2.85016814898726e-05	-3.80003415291945	-5.00003415291945	-4.90218660260904	-4.89999999999995
2.87133037455928e-05	-3.80004044727375	-5.00004044727375	-4.90220352639624	-4.89999999999992
2.89230411423579e-05	-3.8000478288605	-5.0000478288605	-4.90222030594638	-4.89999999999987
2.91308602112508e-05	-3.80005647003974	-5.00005647003974	-4.90223693761765	-4.89999999999979
2.93367287128232e-05	-3.80006656741866	-5.00006656741866	-4.9022534177666	-4.89999999999966
2.95406156489781e-05	-3.80007834468642	-5.00007834468642	-4.90226974273847	-4.89999999999946
2.97424912735475e-05	-3.8000920556784	-5.0000920556784	-4.90228590885658	-4.89999999999914
2.99423271015614e-05	-3.80010798767029	-5.00010798767029	-4.90230191241068	-4.89999999999863
3.01400959172138e-05	-3.80012646489893	-5.00012646489893	-4.9023177496444	-4.89999999999785
3.03357717805255e-05	-3.80014785230225	-5.00014785230225	-4.90233341674189	-4.89999999999663
3.0529330032712e-05	-3.80017255946501	-5.00017255946501	-4.90234890981353	-4.89999999999475
3.07207473002608e-05	-3.80020104475153	-5.00020104475153	-4.90236422488111	-4.89999999999186
3.09100014977298e-05	-3.80023381959908	-5.00023381959908	-4.9023793578623	-4.89999999998747
3.10970718292752e-05	-3.80027145293831	-5.00027145293831	-4.90239430455494	-4.89999999998083
3.12819387889221e-05	-3.80031457569831	-5.00031457569831	-4.90240906062106	-4.89999999997083
3.14645841595924e-05	-3.80036388534456	-5.00036388534456	-4.90242362157109	-4.89999999995588
3.16449910109046e-05	-3.80042015038813	-5.00042015038813	-4.90243798274859	-4.89999999993367
3.18231436957637e-05	-3.80048421479385	-5.00048421479385	-4.90245213931572	-4.89999999990088
3.19990278457589e-05	-3.80055700220387	-5.00055700220387	-4.90246608624005	-4.8999999998528
3.21726303653906e-05	-3.80063951988223	-5.00063951988223	-4.9024798182831	-4.89999999978274
3.23439394251479e-05	-3.8007328622745	-5.0007328622745	-4.90249332999113	-4.89999999968133
3.25129444534589e-05	-3.80083821406573	-5.00083821406573	-4.90250661568878	-4.89999999953553
3.26796361275395e-05	-3.8009568526102	-5.0009568526102	-4.9025196694761	-4.89999999932732
3.28440063631658e-05	-3.80109014959719	-5.00109014959719	-4.90253248522974	-4.899999999032
3.30060483033967e-05	-3.8012395718104	-5.0012395718104	-4.90254505660875	-4.89999999861601
3.31657563062753e-05	-3.80140668083364	-5.00140668083364	-4.90255737706569	-4.89999999803413
3.33231259315375e-05	-3.80159313155399	-5.00159313155399	-4.90256943986367	-4.89999999722592
3.3478153926359e-05	-3.80180066931551	-5.00180066931551	-4.90258123809978	-4.8999999961113
3.36308382101703e-05	-3.80203112558313	-5.00203112558313	-4.90259276473544	-4.89999999458513
3.37811778585731e-05	-3.80228641198774	-5.00228641198774	-4.90260401263378	-4.8999999925106
3.39291730863902e-05	-3.80256851264063	-5.00256851264063	-4.90261497460452	-4.89999998971129
3.40748252298821e-05	-3.80287947462856	-5.00287947462856	-4.90262564345602	-4.89999998596189
3.42181367281654e-05	-3.80322139663045	-5.00322139663045	-4.90263601205456	-4.89999998097737
3.43591111038669e-05	-3.80359641563258	-5.00359641563258	-4.90264607339019	-4.89999997440073
3.44977529430495e-05	-3.80400669176159	-5.00400669176159	-4.90265582064857	-4.89999996578929
3.46340678744453e-05	-3.80445439130247	-5.00445439130247	-4.90266524728791	-4.8999999545998
3.47680625480328e-05	-3.80494166802129	-5.00494166802129	-4.90267434711976	-4.89999994017264
3.48997446129937e-05	-3.80547064296821	-5.00547064296821	-4.90268311439237	-4.89999992171554
3.50291226950871e-05	-3.80604338299402	-5.00604338299402	-4.90269154387505	-4.89999989828753
3.51562063734784e-05	-3.80666187826963	-5.00666187826963	-4.90269963094189	-4.89999986878378
3.5281006157059e-05	-3.80732801915176	-5.00732801915176	-4.90270737165304	-4.89999983192235
3.54035334602955e-05	-3.80804357278564	-5.00804357278564	-4.90271476283191	-4.89999978623381
3.55238005786444e-05	-3.80881015987433	-5.00881015987433	-4.90272180213646	-4.899999730055
3.56418206635711e-05	-3.80962923207232	-5.00962923207232	-4.90272848812315	-4.89999966152784
3.57576076972086e-05	-3.81050205047523	-5.01050205047523	-4.90273482030199	-4.89999957860452
3.58711764666945e-05	-3.81142966567627	-5.01142966567626	-4.90274079918158	-4.8999994790598
3.59825425382227e-05	-3.81241289984289	-5.01241289984289	-4.90274642630316	-4.89999936051135
3.60917222308452e-05	-3.81345233123296	-5.01345233123296	-4.90275170426299	-4.8999992204483
3.61987325900616e-05	-3.81454828151924	-5.01454828151924	-4.90275663672269	-4.89999905626823
3.63035913612315e-05	-3.8157008062269	-5.0157008062269	-4.90276122840726	-4.89999886532204
3.6406316962845e-05	-3.81690968851156	-5.01690968851156	-4.90276548509099	-4.89999864496584
3.65069284596862e-05	-3.81817443642024	-5.01817443642024	-4.90276941357153	-4.89999839261856
3.66054455359237e-05	-3.8194942836866	-5.0194942836866	-4.90277302163257	-4.89999810582352
3.67018884681627e-05	-3.82086819402038	-5.02086819402038	-4.90277631799579	-4.89999778231183
3.6796278098491e-05	-3.82229486876205	-5.02229486876205	-4.9027793122629	-4.89999742006538
3.68886358075505e-05	-3.82377275769146	-5.02377275769146	-4.90278201484865	-4.89999701737698
3.6978983487668e-05	-3.82530007270776	-5.02530007270776	-4.90278443690579	-4.89999657290531
3.70673435160738e-05	-3.82687480403799	-5.02687480403799	-4.90278659024314	-4.89999608572249
3.71537387282404e-05	-3.82849473858767	-5.02849473858767	-4.90278848723787	-4.89999555535236
3.72381923913683e-05	-3.83015748001654	-5.03015748001654	-4.90279014074327	-4.89999498179809
3.73207281780496e-05	-3.83186047010933	-5.03186047010933	-4.9027915639933	-4.89999436555801
3.74013701401347e-05	-3.83360101101175	-5.03360101101175	-4.90279277050532	-4.89999370762921
3.7480142682831e-05	-3.83537628791584	-5.03537628791584	-4.90279377398225	-4.89999300949902
3.75570705390572e-05	-3.83718339180424	-5.03718339180424	-4.90279458821563	-4.89999227312477
3.76321787440793e-05	-3.83901934189706	-5.03901934189706	-4.9027952269908	-4.89999150090289
3.77054926104514e-05	-3.84088110748595	-5.04088110748595	-4.90279570399556	-4.89999069562866
3.77770377032842e-05	-3.84276562888532	-5.04276562888532	-4.90279603273343	-4.89998986044817
3.78468398158635e-05	-3.84466983727754	-5.04466983727754	-4.90279622644252	-4.89998899880426
3.79149249456379e-05	-3.84659067327651	-5.04659067327651	-4.90279629802097	-4.89998811437833
3.79813192705975e-05	-3.84852510407921	-5.04852510407921	-4.90279625995972	-4.89998721102985
3.80460491260605e-05	-3.85047013911776	-5.05047013911776	-4.90279612428302	-4.89998629273527
3.81091409818861e-05	-3.85242284416296	-5.05242284416296	-4.90279590249728	-4.899985363528
3.81706214201303e-05	-3.85438035386452	-5.05438035386452	-4.90279560554832	-4.89998442744091
3.82305171131599e-05	-3.85633988274244	-5.05633988274244	-4.90279524378705	-4.89998348845243
3.8288854802239e-05	-3.85829873466825	-5.05829873466825	-4.90279482694352	-4.89998255043735
3.83456612766021e-05	-3.86025431089453	-5.06025431089453	-4.90279436410901	-4.89998161712289
3.84009633530253e-05	-3.86220411670591	-5.06220411670591	-4.90279386372582	-4.89998069205069
3.84547878559076e-05	-3.86414576677597	-5.06414576677597	-4.90279333358418	-4.89997977854482
3.85071615978724e-05	-3.86607698932158	-5.06607698932158	-4.90279278082574	-4.89997887968601
3.85581113608984e-05	-3.86799562915056	-5.06799562915056	-4.90279221195306	-4.89997799829189
3.86076638779882e-05	-3.8698996497	-5.0698996497	-4.90279163284435	-4.89997713690309
3.86558458153822e-05	-3.87178713416221	-5.07178713416222	-4.90279104877271	-4.89997629777479
3.87026837553239e-05	-3.87365628579274	-5.07365628579274	-4.90279046442937	-4.89997548287333
3.87482041793816e-05	-3.87550542749156	-5.07550542749156	-4.90278988395004	-4.89997469387732
3.87924334523318e-05	-3.87733300074401	-5.07733300074401	-4.9027893109438	-4.89997393218273
3.88353978066068e-05	-3.87913756400263	-5.07913756400263	-4.90278874852397	-4.89997319891145
3.88771233273096e-05	-3.88091779058596	-5.08091779058596	-4.90278819934021	-4.89997249492278
3.89176359377985e-05	-3.88267246616399	-5.08267246616399	-4.90278766561155	-4.89997182082715
3.89569613858401e-05	-3.88440048589482	-5.08440048589482	-4.9027871491596	-4.89997117700184
3.89951252303335e-05	-3.88610085127087	-5.08610085127087	-4.90278665144179	-4.89997056360792
3.90321528286021e-05	-3.88777266672762	-5.08777266672762	-4.90278617358404	-4.89996998060824
3.90680693242545e-05	-3.88941513606283	-5.08941513606283	-4.90278571641271	-4.89996942778583
3.91028996356084e-05	-3.89102755870883	-5.09102755870883	-4.90278528048545	-4.89996890476263
3.91366684446779e-05	-3.89260932589613	-5.09260932589613	-4.90278486612079	-4.89996841101796
3.91694001867181e-05	-3.8941599167422	-5.0941599167422	-4.9027844734263	-4.8999679459067
3.92011190403239e-05	-3.89567889429534	-5.09567889429534	-4.90278410232514	-4.89996750867685
3.92318489180762e-05	-3.89716590155978	-5.09716590155978	-4.90278375258098	-4.89996709848631
3.92616134577321e-05	-3.89862065752525	-5.09862065752525	-4.90278342382117	-4.89996671441881
3.92904360139502e-05	-3.90004295322069	-5.10004295322069	-4.90278311555817	-4.89996635549879
3.93183396505458e-05	-3.90143264780969	-5.10143264780969	-4.90278282720922	-4.89996602070518
3.93453471332682e-05	-3.90278966474228	-5.10278966474228	-4.90278255811431	-4.89996570898414
3.93714809230911e-05	-3.90411398797585	-5.10411398797585	-4.90278230755238	-4.89996541926062
3.93967631700094e-05	-3.90540565827595	-5.10540565827595	-4.90278207475598	-4.89996515044875
3.94212157073316e-05	-3.90666476960582	-5.10666476960582	-4.90278185892432	-4.89996490146114
3.944486004646e-05	-3.90789146561215	-5.10789146561215	-4.90278165923478	-4.89996467121714
3.9467717372148e-05	-3.90908593621309	-5.10908593621309	-4.90278147485312	-4.89996445864994
3.94898085382252e-05	-3.91024841429328	-5.11024841429328	-4.90278130494229	-4.89996426271277
3.95111540637786e-05	-3.91137917250961	-5.11137917250961	-4.90278114867004	-4.89996408238414
3.95317741297812e-05	-3.91247852021041	-5.11247852021041	-4.90278100521543	-4.8999639166722
3.95516885761547e-05	-3.91354680047011	-5.11354680047011	-4.90278087377428	-4.89996376461828
3.9570916899257e-05	-3.91458438724029	-5.11458438724029	-4.90278075356364	-4.89996362529972
3.95894782497817e-05	-3.91559168261773	-5.11559168261773	-4.90278064382551	-4.899963497832
3.96073914310586e-05	-3.91656911422943	-5.11656911422943	-4.90278054382968	-4.89996338137033
3.96246748977433e-05	-3.91751713273375	-5.11751713273375	-4.90278045287597	-4.89996327511057
3.96413467548836e-05	-3.9184362094369	-5.1184362094369	-4.9027803702958	-4.89996317828983
3.9657424757351e-05	-3.91932683402314	-5.11932683402314	-4.90278029545329	-4.89996309018654
3.96729263096249e-05	-3.92018951239709	-5.12018951239709	-4.90278022774584	-4.89996301012019
3.9687868465917e-05	-3.921024764636	-5.121024764636	-4.90278016660434	-4.89996293745077
3.97022679306243e-05	-3.92183312304967	-5.12183312304967	-4.90278011149304	-4.89996287157793
3.97161410590975e-05	-3.92261513034574	-5.12261513034574	-4.90278006190908	-4.89996281193997
3.9729503858713e-05	-3.92337133789743	-5.12337133789743	-4.90278001738189	-4.89996275801256
3.97423719902363e-05	-3.9241023041111	-5.1241023041111	-4.90277997747225	-4.89996270930743
3.97547607694635e-05	-3.92480859289067	-5.12480859289067	-4.90277994177131	-4.89996266537084
3.97666851691303e-05	-3.92549077219593	-5.12549077219593	-4.9027799098994	-4.8999626257821
3.97781598210748e-05	-3.92614941269162	-5.12614941269162	-4.90277988150484	-4.89996259015189
3.9789199018643e-05	-3.92678508648426	-5.12678508648426	-4.90277985626256	-4.8999625581207
3.97998167193247e-05	-3.92739836594344	-5.12739836594344	-4.90277983387282	-4.89996252935714
3.98100265476075e-05	-3.92798982260462	-5.12798982260462	-4.90277981405978	-4.89996250355631
3.98198417980384e-05	-3.9285600261501	-5.1285600261501	-4.90277979657013	-4.89996248043821
3.98292754384799e-05	-3.92910954346507	-5.12910954346507	-4.90277978117175	-4.89996245974612
3.98383401135511e-05	-3.92963893776571	-5.12963893776571	-4.90277976765231	-4.89996244124509
3.984704814824e-05	-3.93014876779603	-5.13014876779603	-4.90277975581801	-4.89996242472044
3.98554115516793e-05	-3.93063958709068	-5.13063958709068	-4.90277974549224	-4.89996240997631
3.98634420210712e-05	-3.93111194330044	-5.13111194330044	-4.9027797365144	-4.89996239683431
3.98711509457544e-05	-3.93156637757767	-5.13156637757767	-4.90277972873869	-4.8999623851322
3.98785494113991e-05	-3.93200342401869	-5.13200342401869	-4.90277972203297	-4.89996237472265
3.98856482043233e-05	-3.93242360916024	-5.13242360916024	-4.90277971627774	-4.89996236547204
3.98924578159183e-05	-3.93282745152744	-5.13282745152744	-4.90277971136507	-4.89996235725941
3.98989884471737e-05	-3.9332154612303	-5.1332154612303	-4.90277970719767	-4.89996234997536
3.99052500132947e-05	-3.93358813960643	-5.13358813960643	-4.90277970368801	-4.89996234352109
3.99112521483992e-05	-3.93394597890712	-5.13394597890712	-4.90277970075743	-4.89996233780752
3.99170042102887e-05	-3.93428946202465	-5.13428946202465	-4.90277969833543	-4.89996233275442
3.99225152852831e-05	-3.9346190622582	-5.1346190622582	-4.90277969635887	-4.8999623282896
3.99277941931102e-05	-3.93493524311612	-5.13493524311612	-4.90277969477136	-4.89996232434823
3.99328494918441e-05	-3.9352384581524	-5.1352384581524	-4.90277969352256	-4.89996232087213
3.9937689482882e-05	-3.93552915083519	-5.13552915083519	-4.90277969256768	-4.89996231780917
3.99423222159538e-05	-3.9358077544452	-5.1358077544452	-4.9027796918669	-4.89996231511268
3.99467554941562e-05	-3.93607469200217	-5.13607469200217	-4.9027796913849	-4.89996231274094
3.99509968790052e-05	-3.93633037621736	-5.13633037621736	-4.90277969109041	-4.8999623106567
3.99550536954986e-05	-3.9365752094703	-5.1365752094703	-4.90277969095581	-4.89996230882671
3.9958933037184e-05	-3.93680958380815	-5.13680958380815	-4.90277969095673	-4.89996230722138
3.99626417712249e-05	-3.9370338809658	-5.1370338809658	-4.90277969107174	-4.89996230581433
3.99661865434591e-05	-3.9372484724053	-5.1372484724053	-4.90277969128203	-4.89996230458216
3.99695737834446e-05	-3.93745371937307	-5.13745371937307	-4.90277969157112	-4.89996230350404
3.99728097094855e-05	-3.93764997297329	-5.13764997297329	-4.90277969192464	-4.89996230256153
3.99759003336365e-05	-3.93783757425641	-5.13783757425641	-4.90277969233005	-4.89996230173826
3.99788514666764e-05	-3.93801685432108	-5.13801685432108	-4.90277969277648	-4.89996230101976
3.99816687230502e-05	-3.93818813442864	-5.13818813442864	-4.9027796932545	-4.89996230039321
3.99843575257735e-05	-3.93835172612873	-5.13835172612873	-4.90277969375599	-4.8999622998473
3.99869231112941e-05	-3.93850793139502	-5.13850793139502	-4.90277969427398	-4.89996229937205
3.99893705343101e-05	-3.93865704277001	-5.13865704277001	-4.9027796948025	-4.89996229895866
3.99917046725373e-05	-3.93879934351789	-5.13879934351789	-4.90277969533647	-4.89996229859936
3.99939302314252e-05	-3.93893510778449	-5.13893510778449	-4.90277969587159	-4.89996229828734
3.99960517488167e-05	-3.93906460076355	-5.13906460076355	-4.90277969640424	-4.89996229801659
3.99980735995503e-05	-3.93918807886836	-5.13918807886836	-4.90277969693142	-4.89996229778184
4e-05	-3.93930578990806	-5.13930578990806	-4.90277969745063	-4.89996229757847
4.00034517417677e-05	-3.93951674543579	-5.13951674543579	-4.90277969756656	-4.89996229640787
4.00070158163882e-05	-3.9397345356081	-5.1397345356081	-4.90277969759589	-4.89996229511977
4.00106954841334e-05	-3.93995935667052	-5.13995935667052	-4.90277969752753	-4.89996229370285
4.00144940857683e-05	-3.94019140957289	-5.14019140957289	-4.90277969734932	-4.89996229214474
4.0018415044063e-05	-3.94043090004869	-5.14043090004869	-4.90277969704797	-4.89996229043196
4.00224618653172e-05	-3.94067803869438	-5.14067803869438	-4.90277969660888	-4.89996228854979
4.00266381408981e-05	-3.94093304104883	-5.14093304104883	-4.90277969601612	-4.89996228648218
4.00309475487893e-05	-3.94119612767269	-5.14119612767269	-4.90277969525225	-4.89996228421161
4.00353938551529e-05	-3.94146752422769	-5.14146752422769	-4.90277969429824	-4.89996228171902
4.00399809159017e-05	-3.94174746155577	-5.14174746155577	-4.90277969313328	-4.89996227898362
4.00447126782826e-05	-3.94203617575799	-5.14203617575799	-4.90277969173471	-4.89996227598278
4.00495931824704e-05	-3.94233390827315	-5.14233390827315	-4.90277969007778	-4.89996227269185
4.00546265631711e-05	-3.94264090595599	-5.14264090595599	-4.90277968813554	-4.89996226908403
4.00598170512345e-05	-3.94295742115505	-5.14295742115505	-4.90277968587865	-4.89996226513014
4.00651689752749e-05	-3.94328371178985	-5.14328371178985	-4.90277968327513	-4.89996226079848
4.00706867633003e-05	-3.94362004142759	-5.14362004142759	-4.90277968029024	-4.89996225605456
4.00763749443485e-05	-3.94396667935905	-5.14396667935905	-4.90277967688617	-4.89996225086093
4.00822381501299e-05	-3.94432390067373	-5.14432390067373	-4.90277967302183	-4.89996224517691
4.00882811166764e-05	-3.94469198633414	-5.14469198633414	-4.9027796686526	-4.89996223895834
4.00945086859951e-05	-3.94507122324901	-5.14507122324901	-4.90277966373003	-4.89996223215728
4.0100925807727e-05	-3.94546190434555	-5.14546190434555	-4.90277965820155	-4.89996222472174
4.01075375408088e-05	-3.94586432864037	-5.14586432864037	-4.90277965201012	-4.89996221659532
4.01143490551381e-05	-3.94627880130921	-5.14627880130922	-4.90277964509392	-4.89996220771691
4.01213656332403e-05	-3.94670563375523	-5.14670563375523	-4.90277963738595	-4.89996219802028
4.01285926719372e-05	-3.94714514367576	-5.14714514367576	-4.90277962881366	-4.8999621874337
4.01360356840151e-05	-3.9475976551274	-5.1475976551274	-4.90277961929847	-4.89996217587951
4.01437002998935e-05	-3.94806349858941	-5.14806349858941	-4.90277960875537	-4.89996216327367
4.01515922692917e-05	-3.94854301102516	-5.14854301102516	-4.90277959709241	-4.89996214952525
4.01597174628924e-05	-3.94903653594157	-5.14903653594157	-4.90277958421015	-4.89996213453594
4.01680818740033e-05	-3.94954442344636	-5.14954442344636	-4.90277957000116	-4.89996211819946
4.01766916202132e-05	-3.9500670303031	-5.1500670303031	-4.90277955434938	-4.89996210040098
4.01855529450429e-05	-3.95060471998374	-5.15060471998374	-4.90277953712947	-4.89996208101651
4.019467221959e-05	-3.95115786271856	-5.15115786271856	-4.90277951820619	-4.89996205991215
4.02040559441653e-05	-3.95172683554345	-5.15172683554345	-4.90277949743362	-4.89996203694342
4.02137107499217e-05	-3.95231202234424	-5.15231202234424	-4.9027794746544	-4.89996201195449
4.0223643400472e-05	-3.95291381389805	-5.15291381389805	-4.90277944969895	-4.89996198477731
4.02338607934964e-05	-3.95353260791135	-5.15353260791135	-4.90277942238452	-4.89996195523079
4.0244369962338e-05	-3.95416880905472	-5.15416880905472	-4.90277939251434	-4.89996192311981
4.02551780775841e-05	-3.95482282899403	-5.15482282899403	-4.90277935987655	-4.89996188823427
4.02662924486338e-05	-3.95549508641793	-5.15549508641793	-4.9027793242432	-4.89996185034802
4.02777205252485e-05	-3.95618600706138	-5.15618600706138	-4.90277928536913	-4.89996180921773
4.02894698990865e-05	-3.9568960237252	-5.1568960237252	-4.90277924299077	-4.8999617645817
4.0301548305218e-05	-3.95762557629121	-5.15762557629121	-4.90277919682485	-4.89996171615862
4.03139636236206e-05	-3.95837511173306	-5.15837511173306	-4.90277914656713	-4.8999616636462
4.03267238806536e-05	-3.95914508412228	-5.15914508412228	-4.90277909189093	-4.89996160671976
4.03398372505094e-05	-3.95993595462954	-5.15993595462954	-4.90277903244567	-4.89996154503074
4.03533120566411e-05	-3.96074819152081	-5.16074819152081	-4.90277896785523	-4.89996147820509
4.03671567731642e-05	-3.96158227014827	-5.16158227014827	-4.90277889771634	-4.89996140584159
4.03813800262314e-05	-3.96243867293572	-5.16243867293572	-4.90277882159677	-4.89996132751009
4.03959905953794e-05	-3.96331788935829	-5.16331788935829	-4.90277873903344	-4.89996124274959
4.04109974148447e-05	-3.96422041591621	-5.16422041591621	-4.90277864953048	-4.89996115106631
4.04264095748488e-05	-3.9651467561025	-5.1651467561025	-4.90277855255713	-4.89996105193156
4.04422363228496e-05	-3.96609742036415	-5.16609742036415	-4.90277844754553	-4.89996094477953
4.04584870647587e-05	-3.96707292605684	-5.16707292605684	-4.90277833388843	-4.89996082900502
4.04751713661218e-05	-3.9680737973927	-5.1680737973927	-4.90277821093671	-4.89996070396093
4.04922989532618e-05	-3.96910056538103	-5.16910056538104	-4.90277807799689	-4.89996056895573
4.05098797143819e-05	-3.97015376776172	-5.17015376776172	-4.90277793432835	-4.89996042325075
4.05279237006276e-05	-3.97123394893099	-5.17123394893099	-4.90277777914057	-4.89996026605735
4.05464411271062e-05	-3.97234165985947	-5.17234165985947	-4.90277761159012	-4.89996009653393
4.05654423738613e-05	-3.97347745800201	-5.17347745800201	-4.90277743077759	-4.89995991378283
4.05849379868013e-05	-3.97464190719936	-5.17464190719936	-4.90277723574429	-4.89995971684707
4.06049386785797e-05	-3.97583557757108	-5.17583557757108	-4.90277702546887	-4.89995950470689
4.0625455329426e-05	-3.97705904539972	-5.17705904539972	-4.90277679886372	-4.89995927627625
4.06464989879251e-05	-3.97831289300584	-5.17831289300584	-4.90277655477129	-4.89995903039902
4.06680808717433e-05	-3.97959770861368	-5.17959770861368	-4.90277629196017	-4.89995876584515
4.06902123682996e-05	-3.98091408620719	-5.18091408620719	-4.90277600912104	-4.89995848130658
4.07129050353799e-05	-3.98226262537614	-5.18226262537614	-4.90277570486247	-4.89995817539299
4.07361706016934e-05	-3.98364393115205	-5.18364393115205	-4.90277537770648	-4.89995784662746
4.07600209673677e-05	-3.98505861383375	-5.18505861383375	-4.90277502608401	-4.89995749344184
4.0784468204383e-05	-3.98650728880214	-5.18650728880214	-4.90277464833017	-4.89995711417204
4.08095245569408e-05	-3.98799057632405	-5.18799057632405	-4.90277424267929	-4.89995670705309
4.0835202441769e-05	-3.98950910134483	-5.18950910134483	-4.90277380725987	-4.89995627021403
4.08615144483575e-05	-3.9910634932694	-5.1910634932694	-4.90277334008925	-4.89995580167265
4.08884733391255e-05	-3.9926543857316	-5.1926543857316	-4.9027728390682	-4.89995529933003
4.09160920495178e-05	-3.99428241635143	-5.19428241635143	-4.90277230197527	-4.8999547609649
4.09443836880276e-05	-3.99594822648003	-5.19594822648003	-4.90277172646098	-4.89995418422784
4.09733615361451e-05	-3.99765246093206	-5.19765246093206	-4.90277111004188	-4.89995356663534
4.10030390482291e-05	-3.9993957677053	-5.1993957677053	-4.90277045009437	-4.89995290556361
4.10334298513006e-05	-4.00117879768716	-5.20117879768716	-4.9027697438484	-4.89995219824231
4.10645477447565e-05	-4.00300220434783	-5.20300220434783	-4.90276898838105	-4.89995144174808
4.10964067000008e-05	-4.00486664341989	-5.20486664341989	-4.90276818060987	-4.89995063299795
4.11290208599929e-05	-4.00677277256411	-5.20677277256411	-4.9027673172862	-4.8999497687426
4.11624045387097e-05	-4.00872125102112	-5.20872125102112	-4.90276639498819	-4.89994884555945
4.11965722205217e-05	-4.01071273924888	-5.21071273924888	-4.90276541011391	-4.8999478598457
4.12315385594788e-05	-4.01274789854555	-5.21274789854555	-4.90276435887415	-4.89994680781124
4.12673183785073e-05	-4.01482739065767	-5.21482739065767	-4.90276323728529	-4.8999456854714
4.13039266685128e-05	-4.01695187737332	-5.21695187737332	-4.902762041162	-4.89994448863974
4.13413785873909e-05	-4.01912202010017	-5.21912202010017	-4.90276076610986	-4.89994321292068
4.13796894589412e-05	-4.0213384794281	-5.2213384794281	-4.90275940751806	-4.89994185370216
4.14188747716847e-05	-4.02360191467629	-5.22360191467629	-4.90275796055193	-4.89994040614823
4.14589501775823e-05	-4.02591298342455	-5.22591298342455	-4.90275642014562	-4.89993886519167
4.14999314906534e-05	-4.02827234102871	-5.22827234102871	-4.90275478099466	-4.89993722552663
4.15418346854916e-05	-4.03068064011988	-5.23068064011988	-4.90275303754871	-4.89993548160135
4.15846758956784e-05	-4.03313853008751	-5.23313853008751	-4.90275118400432	-4.89993362761094
4.16284714120912e-05	-4.03564665654602	-5.23564665654602	-4.90274921429786	-4.89993165749028
4.16732376811053e-05	-4.03820566078485	-5.23820566078485	-4.90274712209852	-4.8999295649071
4.17189913026885e-05	-4.0408161792019	-5.2408161792019	-4.90274490080159	-4.8999273432552
4.17657490283866e-05	-4.04347884272017	-5.24347884272017	-4.90274254352195	-4.89992498564798
4.18135277591979e-05	-4.04619427618745	-5.24619427618745	-4.90274004308779	-4.89992248491218
4.18623445433376e-05	-4.04896309775914	-5.24896309775914	-4.9027373920347	-4.89991983358192
4.1912216573888e-05	-4.05178591826398	-5.25178591826399	-4.90273458260007	-4.89991702389317
4.19631611863355e-05	-4.05466334055264	-5.25466334055264	-4.90273160671798	-4.89991404777859
4.2015195855992e-05	-4.05759595882919	-5.25759595882919	-4.90272845601445	-4.89991089686286
4.20683381953007e-05	-4.0605843579654	-5.2605843579654	-4.90272512180334	-4.89990756245849
4.21226059510241e-05	-4.06362911279782	-5.26362911279782	-4.90272159508273	-4.89990403556228
4.21780170013141e-05	-4.0667307874077	-5.2667307874077	-4.90271786653198	-4.89990030685234
4.2234589352663e-05	-4.06988993438367	-5.26988993438367	-4.9027139265095	-4.89989636668587
4.22923411367341e-05	-4.07310709406739	-5.27310709406739	-4.90270976505125	-4.89989220509771
4.23512906070724e-05	-4.07638279378204	-5.27638279378204	-4.90270537187018	-4.89988781179968
4.24114561356927e-05	-4.07971754704386	-5.27971754704386	-4.90270073635641	-4.89988317618088
4.24728562095463e-05	-4.08311185275679	-5.28311185275679	-4.90269584757857	-4.89987828730895
4.25355094268649e-05	-4.08656619439031	-5.28656619439032	-4.90269069428607	-4.89987313393235
4.25994344933801e-05	-4.09008103914068	-5.29008103914068	-4.90268526491256	-4.89986770448387
4.2664650218421e-05	-4.09365683707565	-5.29365683707565	-4.90267954758057	-4.8998619870852
4.27311755108853e-05	-4.09729402026294	-5.29729402026295	-4.90267353010747	-4.89985596955296
4.2799029375088e-05	-4.10099300188266	-5.30099300188266	-4.90266720001278	-4.89984963940593
4.28682309064835e-05	-4.10475417532375	-5.30475417532375	-4.90266054452692	-4.89984298387387
4.29387992872643e-05	-4.10857791326504	-5.30857791326504	-4.90265355060152	-4.89983598990779
4.30107537818331e-05	-4.11246456674084	-5.31246456674084	-4.90264620492131	-4.89982864419185
4.30841137321512e-05	-4.11641446419167	-5.31641446419167	-4.90263849391775	-4.899820933157
4.31588985529608e-05	-4.12042791050024	-5.32042791050024	-4.9026304037844	-4.8998128429963
4.3235127726883e-05	-4.12450518601321	-5.32450518601321	-4.90262192049412	-4.8998043596822
4.33128207993909e-05	-4.12864654554908	-5.32864654554908	-4.90261302981831	-4.89979546898568
4.33919973736582e-05	-4.13285221739255	-5.33285221739255	-4.90260371734803	-4.89978615649744
4.34726771052846e-05	-4.13712240227597	-5.33712240227597	-4.90259396851728	-4.89977640765116
4.35548796968964e-05	-4.14145727234812	-5.34145727234812	-4.90258376862841	-4.89976620774891
4.36386248926255e-05	-4.14585697013115	-5.34585697013115	-4.90257310287975	-4.89975554198874
4.37239324724652e-05	-4.15032160746588	-5.35032160746588	-4.90256195639552	-4.89974439549462
4.38108222465056e-05	-4.15485126444632	-5.35485126444632	-4.90255031425801	-4.89973275334865
4.38993140490471e-05	-4.15944598834384	-5.35944598834385	-4.90253816154226	-4.89972060062569
4.39894277325954e-05	-4.16410579252169	-5.36410579252169	-4.90252548335306	-4.89970792243035
4.40811831617368e-05	-4.16883065534052	-5.36883065534052	-4.90251226486444	-4.89969470393652
4.41746002068972e-05	-4.17362051905566	-5.37362051905566	-4.90249849136159	-4.89968093042926
4.42696987379841e-05	-4.17847528870676	-5.37847528870676	-4.9024841482854	-4.89966658734934
4.43664986179134e-05	-4.18339483100072	-5.38339483100072	-4.90246922127932	-4.89965166034013
4.44650196960239e-05	-4.18837897318855	-5.38837897318855	-4.90245369623885	-4.89963613529702
4.45652818013785e-05	-4.19342750193717	-5.39342750193717	-4.90243755936343	-4.89961999841939
4.46673047359559e-05	-4.19854016219673	-5.39854016219673	-4.90242079721076	-4.89960323626487
4.47711082677341e-05	-4.20371665606474	-5.40371665606474	-4.90240339675355	-4.89958583580613
4.48767121236657e-05	-4.20895664164754	-5.40895664164754	-4.90238534543858	-4.89956778448989
4.49841359825501e-05	-4.21425973192034	-5.41425973192034	-4.90236663124796	-4.89954907029821
4.5093399467802e-05	-4.21962549358671	-5.41962549358671	-4.90234724276257	-4.89952968181195
4.5204522140119e-05	-4.22505344593855	-5.42505344593855	-4.90232716922756	-4.89950960827623
4.53175234900522e-05	-4.23054305971764	-5.43054305971764	-4.90230640061971	-4.89948883966779
4.54324229304791e-05	-4.23609375597981	-5.43609375597981	-4.90228492771652	-4.89946736676412
4.55492397889842e-05	-4.24170490496283	-5.44170490496283	-4.90226274216692	-4.89944518121412
4.56679933001477e-05	-4.24737582495929	-5.44737582495929	-4.9022398365633	-4.89942227561019
4.57887025977468e-05	-4.25310578119543	-5.45310578119543	-4.90221620451475	-4.8993986435614
4.59113867068702e-05	-4.25889398471743	-5.45889398471743	-4.9021918407212	-4.89937427976765
4.6036064535951e-05	-4.26473959128602	-5.46473959128602	-4.90216674104816	-4.89934918009447
4.6162754868719e-05	-4.27064170028109	-5.47064170028109	-4.90214090260191	-4.89932334164811
4.62914763560766e-05	-4.27659935361717	-5.47659935361717	-4.90211432380469	-4.89929676285082
4.64222475079013e-05	-4.28261153467151	-5.48261153467151	-4.90208700446963	-4.89926944351574
4.65550866847773e-05	-4.28867716722574	-5.48867716722574	-4.90205894587509	-4.8992413849212
4.66900120896605e-05	-4.29479511442272	-5.49479511442272	-4.90203015083787	-4.89921258988402
4.68270417594804e-05	-4.30096417773992	-5.50096417773992	-4.90200062378514	-4.89918306283137
4.69661935566812e-05	-4.30718309598062	-5.50718309598062	-4.90197037082442	-4.89915280987079
4.7107485160707e-05	-4.31345054428457	-5.51345054428457	-4.90193939981133	-4.89912183885788
4.72509340594346e-05	-4.31976513315941	-5.51976513315941	-4.90190772041454	-4.89909015946134
4.73965575405569e-05	-4.3261254075344	-5.5261254075344	-4.90187534417746	-4.89905778322461
4.75443726829224e-05	-4.33252984583795	-5.53252984583795	-4.90184228457625	-4.89902472362386
4.76943963478328e-05	-4.33897685910043	-5.53897685910043	-4.90180855707341	-4.89899099612163
4.78466451703049e-05	-4.34546479008382	-5.54546479008382	-4.9017741791667	-4.89895661821572
4.80011355502987e-05	-4.3519919124398	-5.5519919124398	-4.90173917043255	-4.89892160948262
4.81578836439187e-05	-4.35855642989767	-5.55855642989767	-4.90170355256362	-4.89888599161507
4.83169053545896e-05	-4.3651564754839	-5.5651564754839	-4.90166734939984	-4.89884978845311
4.84782163242141e-05	-4.37179011077471	-5.57179011077471	-4.90163058695235	-4.89881302600799
4.86418319243143e-05	-4.37845532518344	-5.57845532518344	-4.90159329341977	-4.89877573247854
4.88077672471633e-05	-4.38515003528412	-5.58515003528412	-4.90155549919633	-4.89873793825921
4.8976037096911e-05	-4.39187208417313	-5.59187208417313	-4.90151723687107	-4.89869967593936
4.91466559807087e-05	-4.39861924087041	-5.59861924087041	-4.90147854121782	-4.89866098029325
4.93196380998372e-05	-4.40538919976195	-5.60538919976195	-4.90143944917521	-4.89862188826006
4.94949973408438e-05	-4.41217958008528	-5.61217958008528	-4.90139999981627	-4.89858243891355
4.96727472666925e-05	-4.41898792545969	-5.61898792545969	-4.90136023430714	-4.89854267342083
4.98529011079329e-05	-4.42581170346297	-5.62581170346297	-4.90132019585435	-4.89850263498973
5.00354717538921e-05	-4.43264830525648	-5.63264830525648	-4.9012799296403	-4.89846236880436
5.02204717438955e-05	-4.43949504526056	-5.63949504526056	-4.90123948274652	-4.89842192194849
5.04079132585216e-05	-4.44634916088231	-5.64634916088231	-4.90119890406428	-4.8983813433164
5.05978081108946e-05	-4.45320781229788	-5.65320781229788	-4.90115824419241	-4.89834068351088
5.07901677380224e-05	-4.46006808229179	-5.66006808229179	-4.9011175553219	-4.89829999472814
5.09850031921829e-05	-4.46692697615594	-5.66692697615594	-4.90107689110719	-4.89825933062951
5.11823251323654e-05	-4.47378142165129	-5.67378142165129	-4.90103630652398	-4.89821874619982
5.13821438157721e-05	-4.48062826903594	-5.68062826903594	-4.90099585771357	-4.89817829759237
5.15844690893846e-05	-4.48746429116348	-5.68746429116348	-4.90095560181367	-4.89813804196062
5.17893103816015e-05	-4.49428618365697	-5.69428618365697	-4.90091559677574	-4.89809803727681
5.19966766939518e-05	-4.5010905651642	-5.7010905651642	-4.90087590116923	-4.89805834213757
5.22065765928901e-05	-4.507873977702	-5.707873977702	-4.90083657397268	-4.89801901555708
5.24190182016787e-05	-4.51463288709851	-5.71463288709851	-4.9007976743524	-4.89798011674818
5.26340091923625e-05	-4.52136368354493	-5.72136368354493	-4.90075926142872	-4.89794170489191
5.28515567778414e-05	-4.52806268227086	-5.72806268227086	-4.90072139403082	-4.89790383889644
5.30716677040462e-05	-4.534726124361	-5.734726124361	-4.90068413044035	-4.89786657714588
5.32943482422239e-05	-4.54135017773521	-5.74135017773521	-4.90064752812482	-4.89782997724038
5.35196041813364e-05	-4.54793093831947	-5.74793093831947	-4.90061164346143	-4.89779409572833
5.37474408205798e-05	-4.55446443144176	-5.75446443144176	-4.90057653145236	-4.89775898783212
5.39778629620288e-05	-4.56094661349492	-5.76094661349492	-4.90054224543245	-4.89772470716892
5.42108749034112e-05	-4.56737337391798	-5.76737337391798	-4.90050883677042	-4.89769130546822
5.44464804310188e-05	-4.57374053755898	-5.77374053755898	-4.90047635456494	-4.89765883228788
5.468468281276e-05	-4.58004386749507	-5.78004386749507	-4.90044484533691	-4.89762733473098
5.49254847913585e-05	-4.58627906840113	-5.78627906840113	-4.90041435271955	-4.89759685716568
5.51688885777044e-05	-4.59244179057489	-5.79244179057489	-4.90038491714805	-4.89756744095083
5.54148958443626e-05	-4.59852763474537	-5.79852763474537	-4.90035657555084	-4.89753912417019
5.56635077192434e-05	-4.60453215781157	-5.80453215781157	-4.90032936104488	-4.89751194137855
5.59147247794413e-05	-4.61045087967906	-5.81045087967907	-4.90030330263755	-4.89748592336331
5.61685470452461e-05	-4.61627929138319	-5.81627929138319	-4.90027842493849	-4.89746109692539
5.6424973974332e-05	-4.62201286470646	-5.82201286470646	-4.90025474788497	-4.89743748468385
5.66840044561294e-05	-4.62764706351432	-5.82764706351432	-4.90023228648517	-4.89741510490866
5.69456368063848e-05	-4.63317735704434	-5.83317735704434	-4.90021105058445	-4.8973939713866
5.7209868761913e-05	-4.63859923538712	-5.83859923538712	-4.90019104466029	-4.89737409332532
5.74766974755468e-05	-4.64390822738993	-5.84390822738993	-4.90017226765254	-4.89735547530069
5.77461195112886e-05	-4.64909992119331	-5.84909992119331	-4.90015471283626	-4.89733811725243
5.8018130839669e-05	-4.65416998757265	-5.85416998757265	-4.90013836774486	-4.89732201453285
5.82927268333164e-05	-4.65911420619947	-5.85911420619947	-4.90012321415217	-4.89730715801257
5.85699022627425e-05	-4.66392849485752	-5.86392849485752	-4.90010922812133	-4.89729353424647
5.88496512923473e-05	-4.66860894154578	-5.86860894154578	-4.90009638012897	-4.89728112570138
5.91319674766489e-05	-4.67315183927494	-5.87315183927494	-4.90008463527129	-4.89726991104552
5.94168437567413e-05	-4.6775537232175	-5.8775537232175	-4.90007395355772	-4.89725986549724
5.9704272456985e-05	-4.6818114097089	-5.8818114097089	-4.90006429029523	-4.89725096122824
5.99942452819329e-05	-4.68592203642609	-5.88592203642609	-4.90005559656321	-4.89724316781355
6.02867533134977e-05	-4.68988310289915	-5.88988310289915	-4.90004781977536	-4.89723645271778
6.05817870083617e-05	-4.69369251035394	-5.89369251035394	-4.90004090432081	-4.89723078180447
6.08793361956348e-05	-4.69734859975177	-5.89734859975177	-4.90003479227195	-4.89722611985315
6.11793900747628e-05	-4.70085018680024	-5.90085018680024	-4.90002942414281	-4.89722243106709
6.14819372136895e-05	-4.70419659266994	-5.90419659266994	-4.90002473967723	-4.89721967955435
6.17869655472765e-05	-4.70738766917523	-5.90738766917523	-4.90002067864392	-4.8972178297651
6.20944623759825e-05	-4.71042381727017	-5.91042381727017	-4.90001718161332	-4.89721684687
6.24044143648061e-05	-4.71330599787442	-5.91330599787442	-4.90001419069131	-4.89721669706755
6.27168075424935e-05	-4.71603573427288	-5.91603573427288	-4.90001165018631	-4.89721734781208
6.30316273010156e-05	-4.71861510561803	-5.91861510561803	-4.90000950718937	-4.89721876795894
6.3348858395315e-05	-4.72104673138732	-5.92104673138732	-4.90000771205136	-4.89722092782838
6.36684849433256e-05	-4.7233337469907	-5.9233337469907	-4.90000621874681	-4.89722379919424
6.39904904262683e-05	-4.72547977106236	-5.92547977106236	-4.90000498512013	-4.89722735520822
6.43148576892228e-05	-4.72748886528411	-5.92748886528411	-4.9000039730156	-4.89723157027323
6.46415689419781e-05	-4.7293654878546	-5.9293654878546	-4.90000314829844	-4.89723641988161
6.49706057601638e-05	-4.73111444192361	-5.93111444192361	-4.90000248077846	-4.89724188043447
6.53019490866628e-05	-4.73274082044327	-5.93274082044327	-4.90000194405128	-4.89724792905773
6.56355792333072e-05	-4.73424994894346	-5.93424994894346	-4.90000151527427	-4.89725454342852
6.5971475882858e-05	-4.73564732772017	-5.93564732772017	-4.90000117489463	-4.89726170162309
6.63096180912701e-05	-4.736938574839	-5.936938574839	-4.90000090634694	-4.89726938199393
6.66499842902426e-05	-4.73812937121435	-5.93812937121436	-4.90000069573571	-4.8972775630807
6.69925522900562e-05	-4.7392254088417	-5.9392254088417	-4.90000053151638	-4.89728622355641
6.73372992826962e-05	-4.74023234305067	-5.94023234305067	-4.90000040418575	-4.89729534220743
6.76842018452632e-05	-4.74115574942649	-5.94115574942649	-4.90000030599005	-4.89730489794387
6.803323594367e-05	-4.74200108582893	-5.94200108582893	-4.90000023065638	-4.89731486983538
6.83843769366256e-05	-4.74277365973273	-5.94277365973273	-4.90000017315092	-4.89732523716657
6.87375995799053e-05	-4.74347860093006	-5.94347860093007	-4.90000012946536	-4.89733597950581
6.90928780309062e-05	-4.74412083947883	-5.94412083947883	-4.90000009643145	-4.89734707678169
6.94501858534886e-05	-4.74470508865352	-5.94470508865352	-4.90000007156244	-4.89735850936179
6.98094960231003e-05	-4.74523583255827	-5.94523583255827	-4.90000005291955	-4.8973702581291
7.01707809321844e-05	-4.74571731799366	-5.94571731799366	-4.90000003900072	-4.89738230455269
7.05340123958691e-05	-4.74615355012623	-5.94615355012623	-4.90000002864924	-4.89739463074981
7.08991616579365e-05	-4.74654829149027	-5.94654829149027	-4.90000002097945	-4.89740721953779
7.1266199397071e-05	-4.74690506385041	-5.94690506385041	-4.90000001531684	-4.89742005447468
7.16350957333833e-05	-4.74722715246731	-5.94722715246731	-4.90000001115038	-4.89743311988844
7.20058202352097e-05	-4.74751761233376	-5.94751761233376	-4.90000000809477	-4.89744640089487
7.23783419261825e-05	-4.74777927598128	-5.94777927598128	-4.90000000586085	-4.89745988340507
7.27526292925715e-05	-4.74801476249447	-5.94801476249447	-4.90000000423255	-4.89747355412331
7.31286502908912e-05	-4.74822648741068	-5.94822648741068	-4.9000000030491	-4.89748740053641
7.35063723557738e-05	-4.74841667322267	-5.94841667322267	-4.90000000219133	-4.89750141089604
7.3885762408102e-05	-4.74858736024145	-5.94858736024145	-4.90000000157127	-4.897515574195
7.42667868634013e-05	-4.74874041761406	-5.94874041761406	-4.90000000112418	-4.89752988013877
7.46494116404858e-05	-4.7488775543256	-5.9488775543256	-4.9000000008026	-4.89754431911341
7.50336021703564e-05	-4.74900033004637	-5.94900033004637	-4.90000000057183	-4.89755888215099
7.54193234053454e-05	-4.74911016571337	-5.94911016571337	-4.90000000040661	-4.89757356089315
7.58065398285058e-05	-4.74920835376009	-5.94920835376009	-4.90000000028858	-4.89758834755398
7.61952154632387e-05	-4.74929606793002	-5.94929606793002	-4.90000000020443	-4.89760323488251
7.65853138831577e-05	-4.74937437262794	-5.94937437262794	-4.90000000014456	-4.89761821612563
7.69767982221826e-05	-4.74944423177839	-5.94944423177839	-4.90000000010205	-4.89763328499176
7.73696311848604e-05	-4.74950651717389	-5.94950651717389	-4.90000000007192	-4.89764843561565
7.77637750569074e-05	-4.74956201630592	-5.94956201630592	-4.90000000005061	-4.8976636625246
7.81591917159684e-05	-4.74961143968043	-5.94961143968043	-4.90000000003555	-4.89767896060627
7.85558426425863e-05	-4.74965542762646	-5.94965542762646	-4.90000000002494	-4.89769432507821
7.89536889313802e-05	-4.74969455661145	-5.94969455661145	-4.90000000001747	-4.89770975145921
7.93526913024221e-05	-4.74972934508136	-5.94972934508136	-4.90000000001222	-4.89772523554248
7.97528101128113e-05	-4.74976025884595	-5.94976025884596	-4.90000000000854	-4.89774077337073
8.01540053684369e-05	-4.7497877160322	-5.9497877160322	-4.90000000000596	-4.89775636121295
8.05562367359259e-05	-4.74981209162942	-5.94981209162942	-4.90000000000415	-4.89777199554308
8.0959463554768e-05	-4.74983372165095	-5.94983372165095	-4.90000000000289	-4.89778767302035
8.1363644849614e-05	-4.7498529069368	-5.9498529069368	-4.90000000000201	-4.89780339047122
8.17687393427387e-05	-4.74986991662179	-5.94986991662179	-4.90000000000139	-4.89781914487287
8.21747054666647e-05	-4.74988499129304	-5.94988499129304	-4.90000000000097	-4.89783493333819
8.25815013769384e-05	-4.74989834585985	-5.94989834585985	-4.90000000000067	-4.8978507531021
8.29890849650534e-05	-4.74991017215814	-5.94991017215814	-4.90000000000046	-4.89786660150912
8.33974138715134e-05	-4.74992064131064	-5.94992064131064	-4.90000000000032	-4.8978824760022
8.38064454990287e-05	-4.74992990586261	-5.94992990586261	-4.90000000000022	-4.89789837411255
8.4216137025839e-05	-4.7499381017121	-5.9499381017121	-4.90000000000015	-4.89791429345058
8.46264454191558e-05	-4.74994534985223	-5.94994534985223	-4.90000000000011	-4.89793023169764
8.50373274487173e-05	-4.74995175794202	-5.94995175794202	-4.90000000000007	-4.89794618659876
8.54487397004482e-05	-4.74995742172097	-5.94995742172097	-4.90000000000005	-4.89796215595603
8.58606385902185e-05	-4.74996242628169	-5.94996242628169	-4.90000000000003	-4.89797813762278
8.62729803776922e-05	-4.74996684721348	-5.94996684721348	-4.90000000000002	-4.89799412949838
8.66857211802607e-05	-4.74997075162913	-5.94997075162913	-4.90000000000002	-4.89801012952361
8.70988169870511e-05	-4.74997419908584	-5.94997419908584	-4.90000000000001	-4.89802613567655
8.75122236730045e-05	-4.74997724241052	-5.94997724241052	-4.90000000000001	-4.89804214596901
8.79258970130142e-05	-4.7499799284387	-5.9499799284387	-4.90000000000001	-4.89805815844335
8.83397926961188e-05	-4.74998229867559	-5.94998229867559	-4.9	-4.89807417116969
8.87538663397406e-05	-4.749984389887	-5.949984389887	-4.9	-4.89809018224348
8.91680735039626e-05	-4.7499862346271	-5.9499862346271	-4.9	-4.89810618978339
8.95823697058364e-05	-4.74998786170953	-5.94998786170953	-4.9	-4.89812219192949
8.99967104337131e-05	-4.74998929662749	-5.94998929662749	-4.9	-4.89813818684167
9.04110511615899e-05	-4.74999056192825	-5.94999056192825	-4.9	-4.89815417269832
9.08253473634637e-05	-4.74999167754659	-5.94999167754659	-4.9	-4.89817014769516
9.12395545276857e-05	-4.74999266110169	-5.94999266110169	-4.9	-4.89818611004428
9.16536281713075e-05	-4.74999352816119	-5.94999352816119	-4.9	-4.89820205797341
9.20675238544121e-05	-4.74999429247591	-5.94999429247591	-4.9	-4.89821798972518
9.24811971944218e-05	-4.74999496618841	-5.94999496618841	-4.9	-4.89823390355666
9.28946038803752e-05	-4.74999556001819	-5.94999556001819	-4.9	-4.89824979773894
9.33076996871656e-05	-4.74999608342605	-5.94999608342605	-4.9	-4.89826567055682
9.37204404897341e-05	-4.74999654475988	-5.94999654475988	-4.9	-4.89828152030857
9.41327822772078e-05	-4.74999695138391	-5.94999695138391	-4.9	-4.89829734530583
9.45446811669781e-05	-4.74999730979321	-5.94999730979321	-4.9	-4.89831314387353
9.4956093418709e-05	-4.7499976257152	-5.9499976257152	-4.9	-4.89832891434984
9.53669754482705e-05	-4.74999790419941	-5.94999790419941	-4.9	-4.89834465508628
9.57772838415873e-05	-4.749998149697	-5.949998149697	-4.9	-4.89836036444776
9.61869753683976e-05	-4.74999836613105	-5.94999836613105	-4.9	-4.89837604081271
9.65960069959129e-05	-4.7499985569587	-5.9499985569587	-4.9	-4.89839168257328
9.70043359023729e-05	-4.74999872522615	-5.94999872522615	-4.9	-4.8984072881355
9.74119194904879e-05	-4.7499988736172	-5.9499988736172	-4.9	-4.8984228559195
9.78187154007616e-05	-4.74999900449612	-5.94999900449612	-4.9	-4.89843838435977
9.82246815246876e-05	-4.74999911994551	-5.94999911994551	-4.9	-4.89845387190542
9.86297760178123e-05	-4.74999922179976	-5.94999922179976	-4.9	-4.8984693170204
9.90339573126583e-05	-4.74999931167452	-5.94999931167452	-4.9	-4.89848471818386
9.94371841315004e-05	-4.74999939099273	-5.94999939099273	-4.9	-4.89850007389041
9.98394154989894e-05	-4.74999946100756	-5.94999946100756	-4.9	-4.89851538265038
0.000100240610754615	-4.74999952282265	-5.94999952282265	-4.9	-4.89853064299022
0.000100640729565004	-4.74999957740998	-5.94999957740998	-4.9	-4.89854585345271
0.000101039731936046	-4.74999962562554	-5.94999962562554	-4.9	-4.89856101259737
0.00010143757822484	-4.74999966822323	-5.94999966822323	-4.9	-4.89857611900068
0.000101834229151458	-4.74999970586701	-5.94999970586701	-4.9	-4.89859117125646
0.000102229645810519	-4.74999973914171	-5.94999973914171	-4.9	-4.89860616797616
0.000102623789682566	-4.74999976856249	-5.94999976856249	-4.9	-4.89862110778915
0.000103016622645244	-4.74999979458313	-5.94999979458313	-4.9	-4.89863598934307
0.000103408106984269	-4.74999981760341	-5.94999981760341	-4.9	-4.89865081130407
0.000103798205404188	-4.74999983797558	-5.94999983797558	-4.9	-4.89866557235717
0.000104186881038921	-4.74999985601002	-5.94999985601002	-4.9	-4.89868027120649
0.000104574097462081	-4.74999987198027	-5.94999987198027	-4.9	-4.89869490657558
0.00010495981869707	-4.74999988612743	-5.94999988612743	-4.9	-4.89870947720767
0.000105344009226941	-4.74999989866403	-5.94999989866403	-4.9	-4.89872398186595
0.000105726634004025	-4.74999990977746	-5.94999990977746	-4.9	-4.89873841933384
0.000106107658459324	-4.74999991963297	-5.94999991963297	-4.9	-4.89875278841521
0.000106487048511653	-4.74999992837629	-5.94999992837629	-4.9	-4.89876708793468
0.000106864770576535	-4.74999993613601	-5.94999993613601	-4.9	-4.89878131673781
0.000107240791574855	-4.74999994302556	-5.94999994302556	-4.9	-4.89879547369134
0.000107615078941244	-4.74999994914506	-5.94999994914506	-4.9	-4.89880955768342
0.000107987600632217	-4.74999995458289	-5.94999995458289	-4.9	-4.89882356762384
0.000108358325134043	-4.74999995941708	-5.94999995941708	-4.9	-4.89883750244416
0.000108727221470355	-4.74999996371655	-5.94999996371655	-4.9	-4.898851361098
0.00010909425920949	-4.74999996754217	-5.94999996754217	-4.9	-4.89886514256112
0.000109459408471557	-4.74999997094775	-5.94999997094775	-4.9	-4.89887884583169
0.000109822639935242	-4.74999997398083	-5.94999997398083	-4.9	-4.89889246993036
0.000110183924844326	-4.74999997668345	-5.94999997668345	-4.9	-4.8989060139005
0.000110543235013938	-4.74999997909279	-5.94999997909279	-4.9	-4.89891947680827
0.00011090054283652	-4.74999998124176	-5.94999998124175	-4.9	-4.89893285774279
0.000111255821287521	-4.74999998315944	-5.94999998315944	-4.9	-4.89894615581627
0.000111609043930801	-4.74999998487163	-5.94999998487163	-4.9	-4.89895937016408
0.000111960184923756	-4.74999998640113	-5.94999998640113	-4.9	-4.89897249994491
0.000112309219022163	-4.74999998776816	-5.94999998776816	-4.9	-4.89898554434082
0.00011265612158473	-4.74999998899063	-5.94999998899063	-4.9	-4.89899850255733
0.00011300086857737	-4.74999999008443	-5.94999999008443	-4.9	-4.89901137382351
0.000113343436577184	-4.74999999106365	-5.94999999106365	-4.9	-4.89902415739203
0.000113683802776156	-4.74999999194076	-5.94999999194076	-4.9	-4.89903685253921
0.000114021944984568	-4.74999999272687	-5.94999999272687	-4.9	-4.89904945856507
0.000114357841634119	-4.74999999343182	-5.94999999343182	-4.9	-4.89906197479336
0.000114691471780763	-4.74999999406435	-5.94999999406435	-4.9	-4.89907440057157
0.000115022815107263	-4.74999999463224	-5.94999999463224	-4.9	-4.89908673527099
0.000115351851925448	-4.74999999514239	-5.94999999514239	-4.9	-4.89909897828664
0.000115678563178204	-4.74999999560094	-5.94999999560094	-4.9	-4.89911112903734
0.000116002930441158	-4.74999999601337	-5.94999999601337	-4.9	-4.89912318696564
0.000116324935924101	-4.74999999638454	-5.94999999638454	-4.9	-4.89913515153781
0.000116644562472111	-4.74999999671878	-5.94999999671878	-4.9	-4.89914702224384
0.000116961793566411	-4.74999999701995	-5.94999999701995	-4.9	-4.89915879859734
0.000117276613324933	-4.74999999729149	-5.94999999729149	-4.9	-4.89917048013553
0.00011758900650262	-4.74999999753648	-5.94999999753648	-4.9	-4.89918206641916
0.000117898958491444	-4.74999999775764	-5.94999999775764	-4.9	-4.89919355703244
0.00011820645532015	-4.74999999795742	-5.94999999795742	-4.9	-4.89920495158298
0.000118511483653737	-4.74999999813801	-5.94999999813801	-4.9	-4.89921624970168
0.000118814030792664	-4.74999999830135	-5.94999999830135	-4.9	-4.89922745104265
0.000119114084671792	-4.74999999844919	-5.94999999844919	-4.9	-4.89923855528308
0.000119411633859065	-4.74999999858308	-5.94999999858308	-4.9	-4.89924956212316
0.000119706667553929	-4.74999999870443	-5.94999999870443	-4.9	-4.89926047128594
0.000119999175585493	-4.74999999881447	-5.94999999881447	-4.9	-4.89927128251722
0.000120289148410441	-4.74999999891433	-5.94999999891433	-4.9	-4.89928199558538
0.000120576577110685	-4.74999999900501	-5.94999999900501	-4.9	-4.89929261028125
0.000120861453390777	-4.74999999908741	-5.94999999908741	-4.9	-4.89930312641799
0.000121143769575079	-4.74999999916233	-5.94999999916233	-4.9	-4.89931354383089
0.000121423518604684	-4.74999999923051	-5.94999999923051	-4.9	-4.8993238623772
0.00012170069403411	-4.74999999929258	-5.94999999929258	-4.9	-4.89933408193599
0.000121975290027757	-4.74999999934913	-5.94999999934913	-4.9	-4.89934420240796
0.000122247301356138	-4.7499999994007	-5.9499999994007	-4.9	-4.89935422371523
0.000122516723391879	-4.74999999944774	-5.94999999944774	-4.9	-4.89936414580117
0.000122783552105513	-4.74999999949069	-5.94999999949069	-4.9	-4.89937396863018
0.000123047784061042	-4.74999999952993	-5.94999999952993	-4.9	-4.8993836921875
0.000123309416411297	-4.74999999956581	-5.94999999956581	-4.9	-4.899393316479
0.000123568446893094	-4.74999999959863	-5.94999999959863	-4.9	-4.89940284153093
0.00012382487382218	-4.74999999962868	-5.94999999962868	-4.9	-4.89941226738974
0.000124078696087985	-4.7499999996562	-5.9499999996562	-4.9	-4.89942159412182
0.000124329913148183	-4.74999999968143	-5.94999999968143	-4.9	-4.89943082181325
0.000124578525023064	-4.74999999970458	-5.94999999970458	-4.9	-4.89943995056962
0.000124824532289722	-4.74999999972583	-5.94999999972583	-4.9	-4.8994489805157
0.000125067936076068	-4.74999999974535	-5.94999999974535	-4.9	-4.89945791179527
0.000125308738054666	-4.7499999997633	-5.9499999997633	-4.9	-4.89946674457081
0.000125546940436407	-4.74999999977981	-5.94999999977981	-4.9	-4.89947547902326
0.000125782545964015	-4.749999999795	-5.949999999795	-4.9	-4.89948411535175
0.000126015557905397	-4.749999999809	-5.949999999809	-4.9	-4.89949265377333
0.000126245980046847	-4.7499999998219	-5.9499999998219	-4.9	-4.89950109452272
0.00012647381668609	-4.7499999998338	-5.9499999998338	-4.9	-4.89950943785199
0.000126699072625202	-4.74999999984478	-5.94999999984478	-4.9	-4.89951768403032
0.00012692175316338	-4.74999999985493	-5.94999999985493	-4.9	-4.89952583334369
0.000127141864089585	-4.74999999986431	-5.94999999986431	-4.9	-4.89953388609462
0.000127359411675064	-4.74999999987298	-5.94999999987298	-4.9	-4.89954184260183
0.000127574402665748	-4.74999999988101	-5.94999999988101	-4.9	-4.89954970320001
0.000127786844274536	-4.74999999988844	-5.94999999988844	-4.9	-4.89955746823948
0.000127996744173474	-4.74999999989533	-5.94999999989533	-4.9	-4.89956513808591
0.000128204110485825	-4.74999999990172	-5.94999999990172	-4.9	-4.89957271312001
0.000128408951778042	-4.74999999990765	-5.94999999990765	-4.9	-4.89958019373723
0.000128611277051654	-4.74999999991316	-5.94999999991316	-4.9	-4.89958758034746
0.000128811095735061	-4.74999999991828	-5.94999999991828	-4.9	-4.89959487337472
0.000129008417675243	-4.74999999992304	-5.94999999992304	-4.9	-4.89960207325682
0.000129203253129404	-4.74999999992747	-5.94999999992747	-4.9	-4.89960918044513
0.000129395612756532	-4.74999999993159	-5.94999999993159	-4.9	-4.89961619540418
0.000129585507608905	-4.74999999993543	-5.94999999993543	-4.9	-4.89962311861139
0.000129772949123531	-4.74999999993901	-5.94999999993901	-4.9	-4.89962995055676
0.000129957949113534	-4.74999999994236	-5.94999999994236	-4.9	-4.89963669174254
0.000130140519759493	-4.74999999994548	-5.94999999994548	-4.9	-4.89964334268291
0.000130320673600734	-4.74999999994839	-5.94999999994839	-4.9	-4.89964990390368
0.000130498423526583	-4.74999999995111	-5.94999999995111	-4.9	-4.89965637594198
0.000130673782767589	-4.74999999995366	-5.94999999995366	-4.9	-4.8996627593459
0.000130846764886718	-4.74999999995605	-5.94999999995605	-4.9	-4.89966905467424
0.000131017383770515	-4.74999999995828	-5.94999999995828	-4.9	-4.89967526249611
0.000131185653620263	-4.74999999996038	-5.94999999996038	-4.9	-4.89968138339071
0.000131351588943112	-4.74999999996234	-5.94999999996234	-4.9	-4.89968741794693
0.000131515204543212	-4.74999999996419	-5.94999999996418	-4.9	-4.89969336676307
0.000131676515512837	-4.74999999996592	-5.94999999996592	-4.9	-4.89969923044654
0.000131835537223508	-4.74999999996754	-5.94999999996754	-4.9	-4.89970500961351
0.000131992285317128	-4.74999999996907	-5.94999999996907	-4.9	-4.89971070488862
0.000132146775697121	-4.74999999997051	-5.94999999997051	-4.9	-4.89971631690466
0.000132299024519593	-4.74999999997186	-5.94999999997186	-4.9	-4.89972184630228
0.000132449048184504	-4.74999999997314	-5.94999999997314	-4.9	-4.89972729372965
0.000132596863326869	-4.74999999997434	-5.94999999997434	-4.9	-4.89973265984216
0.000132742486807992	-4.74999999997548	-5.94999999997548	-4.9	-4.89973794530212
0.000132885935706719	-4.74999999997655	-5.94999999997655	-4.9	-4.89974315077846
0.000133027227310745	-4.74999999997756	-5.94999999997756	-4.9	-4.89974827694643
0.000133166379107946	-4.74999999997851	-5.94999999997851	-4.9	-4.89975332448727
0.000133303408777766	-4.74999999997942	-5.94999999997942	-4.9	-4.89975829408793
0.000133438334182649	-4.74999999998027	-5.94999999998027	-4.9	-4.89976318644081
0.000133571173359525	-4.74999999998108	-5.94999999998108	-4.9	-4.89976800224339
0.00013370194451135	-4.74999999998185	-5.94999999998185	-4.9	-4.89977274219801
0.000133830665998707	-4.74999999998257	-5.94999999998258	-4.9	-4.89977740701153
0.000133957356331475	-4.74999999998326	-5.94999999998326	-4.9	-4.89978199739508
0.000134082034160556	-4.74999999998392	-5.94999999998392	-4.9	-4.89978651406376
0.00013420471826968	-4.74999999998454	-5.94999999998454	-4.9	-4.89979095773634
0.000134325427567279	-4.74999999998513	-5.94999999998513	-4.9	-4.89979532913503
0.000134444181078442	-4.74999999998569	-5.94999999998569	-4.9	-4.89979962898517
0.000134560997936947	-4.74999999998623	-5.94999999998623	-4.9	-4.89980385801494
0.000134675897377374	-4.74999999998673	-5.94999999998673	-4.9	-4.89980801695517
0.000134788898727307	-4.74999999998722	-5.94999999998722	-4.9	-4.89981210653897
0.000134900021399624	-4.74999999998768	-5.94999999998768	-4.9	-4.89981612750154
0.000135009284884876	-4.74999999998812	-5.94999999998812	-4.9	-4.89982008057992
0.000135116708743761	-4.74999999998854	-5.94999999998854	-4.9	-4.89982396651266
0.000135222312599692	-4.74999999998894	-5.94999999998894	-4.9	-4.89982778603965
0.00013532611613147	-4.74999999998933	-5.94999999998933	-4.9	-4.89983153990183
0.000135428139066048	-4.74999999998969	-5.94999999998969	-4.9	-4.89983522884096
0.000135528401171402	-4.74999999999004	-5.94999999999004	-4.9	-4.89983885359936
0.000135626922249513	-4.74999999999038	-5.94999999999038	-4.9	-4.89984241491969
0.000135723722129442	-4.7499999999907	-5.9499999999907	-4.9	-4.89984591354475
0.000135818820660529	-4.74999999999101	-5.94999999999101	-4.9	-4.89984935021717
0.00013591223770569	-4.7499999999913	-5.9499999999913	-4.9	-4.89985272567928
0.000136003993134831	-4.74999999999159	-5.94999999999158	-4.9	-4.89985604067279
0.000136094106818379	-4.74999999999186	-5.94999999999186	-4.9	-4.89985929593868
0.000136182598620921	-4.74999999999212	-5.94999999999212	-4.9	-4.89986249221691
0.000136269488394961	-4.74999999999237	-5.94999999999237	-4.9	-4.89986563024622
0.000136354795974801	-4.74999999999261	-5.94999999999261	-4.9	-4.89986871076398
0.00013643854117053	-4.74999999999284	-5.94999999999284	-4.9	-4.89987173450591
0.000136520743762142	-4.74999999999306	-5.94999999999306	-4.9	-4.89987470220597
0.000136601423493768	-4.74999999999328	-5.94999999999328	-4.9	-4.8998776145961
0.000136680600068035	-4.74999999999348	-5.94999999999348	-4.9	-4.89988047240605
0.000136758293140543	-4.74999999999368	-5.94999999999368	-4.9	-4.89988327636324
0.000136834522314466	-4.74999999999388	-5.94999999999388	-4.9	-4.8998860271925
0.000136909307135275	-4.74999999999406	-5.94999999999406	-4.9	-4.89988872561599
0.000136982667085593	-4.74999999999424	-5.94999999999424	-4.9	-4.89989137235295
0.000137054621580162	-4.74999999999441	-5.94999999999441	-4.9	-4.89989396811958
0.000137125189960943	-4.74999999999458	-5.94999999999458	-4.9	-4.89989651362887
0.000137194391492338	-4.74999999999474	-5.94999999999474	-4.9	-4.89989900959042
0.000137262245356541	-4.74999999999489	-5.94999999999489	-4.9	-4.89990145671034
0.000137328770649005	-4.74999999999504	-5.94999999999504	-4.9	-4.89990385569104
0.000137393986374046	-4.74999999999519	-5.94999999999519	-4.9	-4.89990620723113
0.000137457911440561	-4.74999999999533	-5.94999999999533	-4.9	-4.89990851202524
0.00013752056465788	-4.74999999999547	-5.94999999999547	-4.9	-4.89991077076394
0.000137581964731734	-4.7499999999956	-5.9499999999956	-4.9	-4.89991298413356
0.000137642130260354	-4.74999999999573	-5.94999999999573	-4.9	-4.89991515281609
0.000137701079730692	-4.74999999999585	-5.94999999999585	-4.9	-4.89991727748904
0.000137758831514763	-4.74999999999597	-5.94999999999597	-4.9	-4.89991935882533
0.000137815403866112	-4.74999999999609	-5.94999999999609	-4.9	-4.89992139749319
0.000137870814916402	-4.7499999999962	-5.9499999999962	-4.9	-4.89992339415601
0.000137925082672126	-4.74999999999631	-5.94999999999631	-4.9	-4.89992534947229
0.000137978225011434	-4.74999999999642	-5.94999999999641	-4.9	-4.89992726409549
0.000138030259681091	-4.74999999999652	-5.94999999999652	-4.9	-4.89992913867396
0.000138081204293538	-4.74999999999662	-5.94999999999662	-4.9	-4.89993097385081
0.000138131076324089	-4.74999999999672	-5.94999999999672	-4.9	-4.89993277026389
0.000138179893108228	-4.74999999999681	-5.94999999999681	-4.9	-4.89993452854562
0.00013822767183904	-4.7499999999969	-5.9499999999969	-4.9	-4.89993624932299
0.000138274429564738	-4.74999999999699	-5.94999999999699	-4.9	-4.89993793321741
0.000138320183186321	-4.74999999999708	-5.94999999999708	-4.9	-4.89993958084467
0.000138364949455335	-4.74999999999716	-5.94999999999716	-4.9	-4.89994119281489
0.000138408744971748	-4.74999999999724	-5.94999999999724	-4.9	-4.89994276973242
0.000138451586181935	-4.74999999999732	-5.94999999999732	-4.9	-4.89994431219579
0.000138493489376773	-4.7499999999974	-5.9499999999974	-4.9	-4.89994582079764
0.000138534470689844	-4.74999999999748	-5.94999999999748	-4.9	-4.89994729612469
0.000138574546095742	-4.74999999999755	-5.94999999999755	-4.9	-4.89994873875767
0.000138613731408485	-4.74999999999762	-5.94999999999762	-4.9	-4.89995014927127
0.000138652042280035	-4.74999999999769	-5.94999999999769	-4.9	-4.8999515282341
0.000138689494198913	-4.74999999999776	-5.94999999999776	-4.9	-4.89995287620867
0.000138726102488919	-4.74999999999782	-5.94999999999782	-4.9	-4.89995419375131
0.000138761882307947	-4.74999999999789	-5.94999999999789	-4.9	-4.89995548141216
0.000138796848646905	-4.74999999999795	-5.94999999999795	-4.9	-4.89995673973515
0.000138831016328717	-4.74999999999801	-5.94999999999801	-4.9	-4.89995796925794
0.000138864400007433	-4.74999999999807	-5.94999999999807	-4.9	-4.89995917051194
0.000138897014167426	-4.74999999999813	-5.94999999999813	-4.9	-4.89996034402223
0.00013892887312267	-4.74999999999818	-5.94999999999818	-4.9	-4.8999614903076
0.000138959991016126	-4.74999999999824	-5.94999999999824	-4.9	-4.8999626098805
0.000138990381819197	-4.74999999999829	-5.94999999999829	-4.9	-4.89996370324703
0.000139020059331281	-4.74999999999834	-5.94999999999834	-4.9	-4.89996477090695
0.000139049037179399	-4.74999999999839	-5.94999999999839	-4.9	-4.89996581335365
0.000139077328817909	-4.74999999999844	-5.94999999999844	-4.9	-4.89996683107414
0.000139104947528301	-4.74999999999849	-5.94999999999849	-4.9	-4.89996782454909
0.000139131906419069	-4.74999999999854	-5.94999999999854	-4.9	-4.8999687942528
0.000139158218425657	-4.74999999999858	-5.94999999999858	-4.9	-4.89996974065319
0.000139183896310485	-4.74999999999863	-5.94999999999863	-4.9	-4.89997066421184
0.000139208952663043	-4.74999999999867	-5.94999999999867	-4.9	-4.89997156538398
0.000139233399900059	-4.74999999999871	-5.94999999999871	-4.9	-4.89997244461851
0.000139257250265733	-4.74999999999875	-5.94999999999875	-4.9	-4.899973302358
0.000139280515832046	-4.74999999999879	-5.94999999999879	-4.9	-4.89997413903872
0.000139303208499127	-4.74999999999883	-5.94999999999883	-4.9	-4.89997495509063
0.000139325339995683	-4.74999999999887	-5.94999999999887	-4.9	-4.89997575093746
0.000139346921879501	-4.7499999999989	-5.9499999999989	-4.9	-4.89997652699667
0.000139367965538	-4.74999999999894	-5.94999999999894	-4.9	-4.89997728367949
0.000139388482188847	-4.74999999999898	-5.94999999999898	-4.9	-4.89997802139098
0.000139408482880625	-4.74999999999901	-5.94999999999901	-4.9	-4.89997874053001
0.000139427978493565	-4.74999999999904	-5.94999999999904	-4.9	-4.89997944148932
0.00013944697974032	-4.74999999999907	-5.94999999999907	-4.9	-4.89998012465554
0.000139465497166799	-4.7499999999991	-5.94999999999911	-4.9	-4.89998079040923
0.000139483541153044	-4.74999999999914	-5.94999999999914	-4.9	-4.89998143912492
0.000139501121914164	-4.74999999999917	-5.94999999999917	-4.9	-4.89998207117113
0.000139518249501304	-4.74999999999919	-5.94999999999919	-4.9	-4.89998268691042
0.000139534933802668	-4.74999999999922	-5.94999999999922	-4.9	-4.89998328669941
0.000139551184544577	-4.74999999999925	-5.94999999999925	-4.9	-4.89998387088887
0.000139567011292577	-4.74999999999928	-5.94999999999928	-4.9	-4.8999844398237
0.000139582423452582	-4.7499999999993	-5.9499999999993	-4.9	-4.89998499384302
0.000139597430272047	-4.74999999999933	-5.94999999999933	-4.9	-4.8999855332802
0.000139612040841195	-4.74999999999935	-5.94999999999935	-4.9	-4.8999860584629
0.000139626264094262	-4.74999999999938	-5.94999999999938	-4.9	-4.89998656971312
0.000139640108810785	-4.7499999999994	-5.9499999999994	-4.9	-4.89998706734726
0.000139653583616917	-4.74999999999942	-5.94999999999942	-4.9	-4.89998755167614
0.000139666696986773	-4.74999999999944	-5.94999999999944	-4.9	-4.89998802300511
0.000139679457243806	-4.74999999999947	-5.94999999999946	-4.9	-4.89998848163403
0.000139691872562208	-4.74999999999949	-5.94999999999949	-4.9	-4.89998892785735
0.00013970395096834	-4.74999999999951	-5.94999999999951	-4.9	-4.89998936196421
0.000139715700342178	-4.74999999999953	-5.94999999999953	-4.9	-4.89998978423841
0.000139727128418792	-4.74999999999954	-5.94999999999954	-4.9	-4.89999019495852
0.000139738242789842	-4.74999999999956	-5.94999999999956	-4.9	-4.89999059439793
0.000139749050905088	-4.74999999999958	-5.94999999999958	-4.9	-4.89999098282489
0.00013975956007393	-4.7499999999996	-5.9499999999996	-4.9	-4.89999136050258
0.000139769777466954	-4.74999999999962	-5.94999999999962	-4.9	-4.89999172768917
0.000139779710117505	-4.74999999999963	-5.94999999999963	-4.9	-4.89999208463785
0.000139789364923261	-4.74999999999965	-5.94999999999965	-4.9	-4.89999243159693
0.000139798748647836	-4.74999999999966	-5.94999999999966	-4.9	-4.89999276880986
0.000139807867922383	-4.74999999999968	-5.94999999999968	-4.9	-4.89999309651532
0.000139816729247213	-4.74999999999969	-5.94999999999969	-4.9	-4.89999341494725
0.000139825338993423	-4.74999999999971	-5.94999999999971	-4.9	-4.89999372433495
0.000139833703404534	-4.74999999999972	-5.94999999999972	-4.9	-4.89999402490308
0.000139841828598135	-4.74999999999974	-5.94999999999974	-4.9	-4.89999431687178
0.000139849720567533	-4.74999999999975	-5.94999999999975	-4.9	-4.8999946004567
0.000139857385183411	-4.74999999999976	-5.94999999999976	-4.9	-4.89999487586908
0.000139864828195489	-4.74999999999977	-5.94999999999977	-4.9	-4.89999514331576
0.000139872055234186	-4.74999999999979	-5.94999999999979	-4.9	-4.89999540299931
0.000139879071812288	-4.7499999999998	-5.9499999999998	-4.9	-4.89999565511805
0.000139885883326617	-4.74999999999981	-5.94999999999981	-4.9	-4.89999589986612
0.000139892495059699	-4.74999999999982	-5.94999999999982	-4.9	-4.89999613743352
0.000139898912181431	-4.74999999999983	-5.94999999999983	-4.9	-4.89999636800622
0.00013990513975075	-4.74999999999984	-5.94999999999984	-4.9	-4.89999659176618
0.000139911182717296	-4.74999999999985	-5.94999999999985	-4.9	-4.8999968088914
0.000139917045923078	-4.74999999999986	-5.94999999999986	-4.9	-4.89999701955604
0.000139922734104126	-4.74999999999987	-5.94999999999987	-4.9	-4.8999972239304
0.000139928251892151	-4.74999999999988	-5.94999999999988	-4.9	-4.89999742218106
0.000139933603816192	-4.74999999999989	-5.94999999999989	-4.9	-4.89999761447088
0.000139938794304255	-4.7499999999999	-5.9499999999999	-4.9	-4.89999780095908
0.000139943827684956	-4.74999999999991	-5.94999999999991	-4.9	-4.89999798180131
0.000139948708189144	-4.74999999999991	-5.94999999999991	-4.9	-4.8999981571497
0.000139953439951525	-4.74999999999992	-5.94999999999992	-4.9	-4.89999832715291
0.000139958027012273	-4.74999999999993	-5.94999999999993	-4.9	-4.89999849195619
0.000139962473318637	-4.74999999999994	-5.94999999999994	-4.9	-4.89999865170147
0.000139966782726528	-4.74999999999994	-5.94999999999995	-4.9	-4.89999880652737
0.000139970959002109	-4.74999999999995	-5.94999999999995	-4.9	-4.89999895656929
0.000139975005823363	-4.74999999999996	-5.94999999999996	-4.9	-4.89999910195944
0.000139978926781658	-4.74999999999996	-5.94999999999996	-4.9	-4.89999924282693
0.000139982725383293	-4.74999999999997	-5.94999999999997	-4.9	-4.89999937929781
0.000139986405051038	-4.74999999999998	-5.94999999999998	-4.9	-4.89999951149511
0.000139989969125659	-4.74999999999998	-5.94999999999998	-4.9	-4.89999963953891
0.000139993420867426	-4.74999999999999	-5.94999999999999	-4.9	-4.89999976354642
0.000139996763457618	-4.74999999999999	-5.94999999999999	-4.9	-4.89999988363197
0.00014	-4.75	-5.95	-4.9	-4.89999999990713
