Position  (cm)	V (V)	n (cm-3)	p (cm-3)
0	0	1.32182489824903e-08	4.80574687438166e-22
1.31493062191688e-09	0.00017139201741924	1.32535988488205e-08	4.77399128084984e-22
2.89810281382233e-09	0.000377747448930263	1.32964721689628e-08	4.73603587265641e-22
4.79687898130571e-09	0.000625239653118295	1.33483457740256e-08	4.69091176535152e-22
7.06538374966409e-09	0.000920923396650952	1.34109749941319e-08	4.63756425548191e-22
9.76514852318006e-09	0.00127281886807572	1.3486450440656e-08	4.57486478996091e-22
1.29657563412217e-08	0.00168999573030612	1.35772693646068e-08	4.5016305117911e-22
1.67454735034486e-08	0.00218265544855333	1.36864262829858e-08	4.41665293740694e-22
2.11918522040056e-08	0.00276220983948192	1.38175292487048e-08	4.31873719722065e-22
2.64022862272221e-08	0.00344135350226094	1.39749504730113e-08	4.20675292985184e-22
3.24844996966881e-08	0.00423412752359037	1.41640232706949e-08	4.07969729204961e-22
3.95569470274998e-08	0.00515597160868139	1.43913018994858e-08	3.93676956755567e-22
4.77491007079086e-08	0.00622376159158322	1.46649074210558e-08	3.77745549053786e-22
5.72016024369865e-08	0.00745582913492158	1.49949921488573e-08	3.60161765203963e-22
6.80662525765137e-08	0.00887196035502599	1.53943689779445e-08	3.40958631609712e-22
8.05058129432618e-08	0.010493370117282	1.58793720801868e-08	3.20224282349276e-22
9.46935987703811e-08	0.0123426488511495	1.64710454561946e-08	2.98108581398956e-22
1.10812837289863e-07	0.0144436789458692	1.71968009329991e-08	2.74826917840441e-22
1.29055772900748e-07	0.016821518115392	1.80927557373015e-08	2.50660046642246e-22
1.49622502335631e-07	0.0195022475704727	1.92070651465905e-08	2.25948992934308e-22
1.72719527638829e-07	0.0225127834094872	2.06047296320342e-08	2.01084384416858e-22
1.98558020108218e-07	0.0258806503353823	2.237461396824e-08	1.76490133358916e-22
2.27351794577645e-07	0.0296337176175446	2.4639827116848e-08	1.52602121096069e-22
2.5931500043699e-07	0.0337998981324022	2.75732756462965e-08	1.29843355191184e-22
2.94659543471083e-07	0.0384068123181434	3.14212890543852e-08	1.0859783338296e-22
3.33592260774989e-07	0.0434814199446674	3.65400137514689e-08	8.91858899397326e-23
3.76311879462294e-07	0.0490496237024629	4.34522913783722e-08	7.18439570905713e-23
4.23005798381519e-07	0.0551358497218325	5.29378731076762e-08	5.67113396847954e-23
4.7384674032276e-07	0.0617626112114243	6.61786772613714e-08	4.38257670677639e-23
5.28989329941691e-07	0.0689500624145397	8.49962728598164e-08	3.31282669511913e-23
5.88566659550639e-07	0.0767155509839999	1.12246176335822e-07	2.44765277878329e-23
6.52686910727677e-07	0.0850731776324997	1.5248271697013e-07	1.76646663733583e-23
7.21430104088801e-07	0.0940333724881251	2.13097573810104e-07	1.24464681515777e-23
7.94845052295776e-07	0.103602497940219	3.06299452556452e-07	8.55889600212057e-24
8.72946592212141e-07	0.113782487870259	4.52608294656308e-07	5.74299809411839e-24
9.55713170901876e-07	0.124570533003654	6.87113053249519e-07	3.76016206248345e-24
1.0430848567801e-06	0.135958821677134	1.07083607139406e-06	2.40272763091469e-24
1.13496184163372e-06	0.147934344587616	1.71164463518911e-06	1.49901710879559e-24
1.2312034914693e-06	0.160478771076848	2.80320197981714e-06	9.13654449163831e-25
1.33162799433176e-06	0.173568403227043	4.69832249935515e-06	5.44500771238002e-25
1.43601264156799e-06	0.18717421252163	8.04845381137923e-06	3.17632075974e-25
1.54409476575619e-06	0.201261962097778	1.40710268256958e-05	1.81605222615146e-25
1.65557334402709e-06	0.215792415728118	2.50650628411162e-05	1.0192442690704e-25
1.7701112601699e-06	0.230721632670449	4.54096529436154e-05	5.6251941532726e-26
1.88733820319073e-06	0.246001345474568	8.35010518615049e-05	3.05885753363825e-26
2.00685416435361e-06	0.261579415797126	0.000155508210503507	1.64239949880841e-26
2.12823347967552e-06	0.277400361312609	0.000292629374842226	8.72778015027461e-27
2.25102935085234e-06	0.293405944984444	0.000555026437085105	4.60153118482204e-27
2.37477876512313e-06	0.30953581633492	0.00105833501450868	2.41317976499828e-27
2.49900772405243e-06	0.325728192980423	0.00202347477485553	1.2621558862567e-27
2.62323668298172e-06	0.341920569625926	0.00386877223661139	6.6013970832259e-28
2.74698609725251e-06	0.358050440976401	0.00737709161027827	3.4619563252143e-28
2.86978196842934e-06	0.374056024648237	0.0139922080141131	1.82522673283816e-28
2.99116128375124e-06	0.38987697016372	0.0263306195119159	9.69918870730468e-29
3.11067724491412e-06	0.405455040486277	0.0490389803024982	5.20766546188779e-29
3.22790418793496e-06	0.420734753290396	0.0901819560680674	2.83167383706541e-29
3.34244210407776e-06	0.435663970232727	0.163403137095461	1.562658319913e-29
3.45392068234866e-06	0.450194423863067	0.29114573724751	8.76893583446865e-30
3.56200280653686e-06	0.464282173439215	0.509221171705576	5.01229155981893e-30
3.6663874537731e-06	0.477887982733802	0.872932370079314	2.92261133034289e-30
3.76681195663555e-06	0.490977614883998	1.46475191528625	1.74050962810871e-30
3.86305360647113e-06	0.50352204137323	2.40319324029799	1.05963904712786e-30
3.95493059132476e-06	0.515497564283712	3.85200329736879	6.59927840174684e-31
4.04230227720298e-06	0.526885852957192	6.02821418217351	4.20576494207951e-31
4.12506885589271e-06	0.537673898090586	9.20705604219828	2.74301635816601e-31
4.20317039580908e-06	0.547853888020626	13.7214455705845	1.83039925468677e-31
4.27658534401605e-06	0.55742301347272	19.9539212175567	1.2490425291978e-31
4.34532853737717e-06	0.566383208328346	28.3196292513395	8.7095084853944e-32
4.40944878855421e-06	0.574740834976845	39.2402653959582	6.19971102278791e-32
4.46902611816316e-06	0.582506323546306	53.1105557882185	4.49996899682187e-32
4.52416870778209e-06	0.589693774749421	70.2605681701612	3.32620123239262e-32
4.57500964972333e-06	0.596320536239013	90.9184535069056	2.50029182709148e-32
4.62170356864256e-06	0.602406762258382	115.178754971468	1.90861845734309e-32
4.66442318732986e-06	0.607974966016178	142.980985658866	1.47745769823523e-32
4.70335590463377e-06	0.613049573642702	174.101814896883	1.15817173249692e-32
4.73870044766786e-06	0.617656487828443	208.162199387718	9.18147750774634e-33
4.77066365352721e-06	0.621822668343301	244.648585803078	7.3517073777712e-33
4.79945742799663e-06	0.625575735625463	282.94535684335	5.93875626135605e-33
4.82529592046602e-06	0.628943602551358	322.374355458124	4.83477182619404e-33
4.84839294576922e-06	0.631954138390372	362.236785628305	3.9629635326242e-33
4.8689596752041e-06	0.634634867845453	401.853039896863	3.26790102092579e-33
4.88720261081499e-06	0.637012707014976	440.596871944973	2.70903954736158e-33
4.90332184933447e-06	0.639113737109696	477.921557277437	2.25634173900142e-33
4.91750963516159e-06	0.640963015843563	513.376995285951	1.88727908664925e-33
4.92994919552834e-06	0.642584425605819	546.617878611512	1.58475316786156e-33
4.94081384566786e-06	0.644000556825924	577.403948400277	1.33563756048487e-33
4.95026634739694e-06	0.645232624369262	605.59390990495	1.12974364876157e-33
4.95845850107735e-06	0.646300414352164	631.134815871932	9.59079251274586e-34
4.96553094840816e-06	0.647222258437255	654.048695422589	8.17311753042439e-34
4.97161316187763e-06	0.648015032458584	674.417994599619	6.99375554268239e-34
4.97682359590085e-06	0.648694176121363	692.371082590465	6.01182365998489e-34
4.9812699746014e-06	0.649273730512292	708.068733167452	5.19405475599036e-34
4.98504969176363e-06	0.649766390230539	721.692163547851	4.51317669131246e-34
4.98825029958167e-06	0.65018356709277	733.432932772456	3.9466838465787e-34
4.99095006435519e-06	0.650535462564194	743.484782447049	3.47589759882365e-34
4.99321856912355e-06	0.650831146307727	752.037345778626	3.08524107534487e-34
4.99511734529103e-06	0.651078638511915	759.27155008263	2.76167386202922e-34
4.99670051748294e-06	0.651284993943426	765.356483252785	2.49424689774412e-34
4.99801544810485e-06	0.651456385960845	770.447474856278	2.27374828901175e-34
4.99910337028458e-06	0.651598189014231	774.685146980581	2.09241841467478e-34
5e-06	0.651715058431707	778.195209751903	1.94371827544339e-34
5.0025e-06	0.652032968216308	1166.2169532911	4.33301052012177e-34
5.005e-06	0.652336091499299	1746.67240217831	9.6659662158214e-34
5.0075e-06	0.65262574263638	2614.61590150839	2.15757885771607e-33
5.01e-06	0.652903068193159	3911.90904886587	4.81870846862698e-33
5.0125e-06	0.653169074339458	5850.21232817163	1.07675592898677e-32
5.015e-06	0.653424648872176	8745.24700309331	2.40718275356853e-32
5.0175e-06	0.653670579082905	13067.8423198543	5.38382033609619e-32
5.02e-06	0.65390756637688	19519.9778755537	1.20461421537986e-31
5.0225e-06	0.654136238327207	29148.0409061224	2.69630499018081e-31
5.025e-06	0.654357158685998	43511.48430742	6.03729756623587e-31
5.0275e-06	0.654570835754336	64933.9466942841	1.35225532094162e-30
5.03e-06	0.654777729423679	96877.0981058193	3.02976072944531e-30
5.0325e-06	0.654978257133966	144497.111343353	6.79021114585317e-30
5.035e-06	0.655172798942453	215472.862037656	1.52221525949674e-29
5.0375e-06	0.655361701857941	321238.387015546	3.41334265510393e-29
5.04e-06	0.655545283564541	478816.701794437	7.65576306965365e-29
5.0425e-06	0.655723835635344	713548.08100757	1.71749755782957e-28
5.045e-06	0.655897626317593	1063148.62798637	3.8538742938586e-28
5.0475e-06	0.656066902956146	1583747.11957456	8.64943759776589e-28
5.05e-06	0.65623189411018	2358863.46660597	1.94161271862115e-27
5.0525e-06	0.656392811408558	3512760.8363256	4.35930842935563e-27
5.055e-06	0.656549851181674	5230300.05965967	9.78923996921193e-27
5.0575e-06	0.656703195901305	7786460.1015229	2.19863506825954e-26
5.06e-06	0.656853015454968	11590226.5667542	4.93886076032166e-26
5.0625e-06	0.656999468277087	17249835.744714	1.10960077725832e-25
5.065e-06	0.657142702355863	25669757.4309051	2.49327480241317e-25
5.0675e-06	0.65728285613187	38194844.6636362	5.60317575013437e-25
5.07e-06	0.657420059302067	56824573.0370237	1.25937912427557e-24
5.0725e-06	0.657554433540919	84531425.1701294	2.83096492524975e-24
5.075e-06	0.657686093148683	125734012.595601	6.36452490746547e-24
5.0775e-06	0.657815145635502	187000089.282124	1.43103046312082e-23
5.08e-06	0.65794169224879	278091090.86206	3.21796384773222e-23
5.0825e-06	0.658065828450397	413514011.246136	7.23703971891979e-23
5.085e-06	0.658187644349171	614826885.286556	1.62774545349854e-22
5.0875e-06	0.658307225093839	914063623.431961	3.66147512823417e-22
5.09e-06	0.658424651230496	1358821357.27421	8.23698285840835e-22
5.0925e-06	0.658539999028453	2019816884.28727	1.8531953862438e-21
5.095e-06	0.658653340777752	3002109931.4517	4.16978640392792e-21
5.0975e-06	0.658764745061254	4461771669.86787	9.38306245924381e-21
5.1e-06	0.658874277003861	6630639057.05414	2.11160325345525e-20
5.1025e-06	0.658981998501142	9853075495.64741	4.75243007221009e-20
5.105e-06	0.659087968429371	14640558332.4896	1.06967953253602e-19
5.1075e-06	0.659192242838762	21752734215.9562	2.40782583696798e-19
5.11e-06	0.65929487513149	32317770021.9243	5.42036879181776e-19
5.1125e-06	0.659395916225911	48011041467.6992	1.22029260741791e-18
5.115e-06	0.659495414708246	71320425374.2131	2.74744840554093e-18
5.1175e-06	0.659593416972865	105940151663.177	6.18620941606457e-18
5.12e-06	0.659689967352174	157355489463.365	1.39299104082278e-17
5.1225e-06	0.65978510823703	233710696133.253	3.13689387924053e-17
5.125e-06	0.659878880188489	347097408719.595	7.06444956906381e-17
5.1275e-06	0.659971322041635	515467067429.63	1.5910472051273e-16
5.13e-06	0.660062471002153	765469509908.766	3.58354861947076e-16
5.1325e-06	0.660152362736252	1136666112445.23	8.07176174896267e-16
5.135e-06	0.660241031454469	1687782849040.57	1.81822443966723e-15
5.1375e-06	0.660328509989881	2505990617778.94	4.09590734310653e-15
5.14e-06	0.660414829871147	3720677923256.09	9.22732060710491e-15
5.1425e-06	0.660500021390812	5523889833828.23	2.07885096380469e-14
5.145e-06	0.660584113669253	8200658804581.03	4.68374004699283e-14
5.1475e-06	0.660667134714621	12174013249902.6	1.0553179925822e-13
5.15e-06	0.660749111479114	18071764582485.8	2.37790501200852e-13
5.1525e-06	0.660830069911906	26825607600709.5	5.3582842723199e-13
5.155e-06	0.660910035009045	39818163715904.1	1.20747068149359e-12
5.1575e-06	0.660989030860649	59101154202246.1	2.72111288907492e-12
5.16e-06	0.661067080695744	87719101955173.6	6.13246654197859e-12
5.1625e-06	0.661144206925128	130189591000895	1.38210817754116e-11
5.165e-06	0.661220431182727	193215782317599	3.11506189541344e-11
5.1675e-06	0.661295774365985	286743476997430	7.02115736319111e-11
5.17e-06	0.66137025667601	425529294799735	1.58258745099545e-10
5.1725e-06	0.661443897658324	631467042518450	3.5673303402749e-10
5.175e-06	0.661516716245249	937038754964776	8.04146475999805e-10
5.1775e-06	0.661588730800901	1.39043399597323e+15	1.81277065496693e-09
5.18e-06	0.661659959169031	2.06314368000936e+15	4.08663709811908e-09
5.1825e-06	0.661730418721219	3.06122425106961e+15	9.21307174858218e-09
5.185e-06	0.661800126394819	4.54200583097224e+15	2.07710125783473e-08
5.1875e-06	0.661869098687842	6.73887481593545e+15	4.68301333059725e-08
5.19e-06	0.661937351520055	9.99803211399071e+15	1.05586237739893e-07
5.1925e-06	0.66200489972141	1.48330124810085e+16	2.38069160305277e-07
5.195e-06	0.66207175553496	2.20055438848155e+16	5.36800148239815e-07
5.1975e-06	0.662137924583876	3.26454650778984e+16	1.21041881372087e-06
5.2e-06	0.662203395411514	4.84285450370657e+16	2.72943327127924e-06
5.20144875308336e-06	0.662241115898088	4.84992584281953e+16	2.72545367471039e-06
5.20299266998232e-06	0.662281280567136	4.85746673608191e+16	2.72122258958624e-06
5.20463729458286e-06	0.662324027063741	4.86550524630793e+16	2.7167267408508e-06
5.20638844300632e-06	0.66236949915017	4.8740709085781e+16	2.71195238196807e-06
5.20825221356313e-06	0.66241784684577	4.88319479600456e+16	2.70688530001307e-06
5.21023499685045e-06	0.66246922655785	4.89290958794337e+16	2.70151082353574e-06
5.21234348598083e-06	0.662523801202021	4.90324964072908e+16	2.69581383346647e-06
5.21458468692748e-06	0.662581740310398	4.9142510610075e+16	2.68977877734101e-06
5.21696592897063e-06	0.66264322012591	4.92595178174118e+16	2.68338968713133e-06
5.21949487522835e-06	0.66270842368086	4.93839164096071e+16	2.676630200975e-06
5.22217953325368e-06	0.66277754085776	4.95161246333161e+16	2.6694835890998e-06
5.22502826567872e-06	0.662850768430315	4.96565814460208e+16	2.66193278424192e-06
5.2280498008851e-06	0.66292831008234	4.98057473898987e+16	2.65396041685422e-06
5.23125324367885e-06	0.663010376402224	4.99641054955835e+16	2.64554885539601e-06
5.23464808594606e-06	0.66309718485046	5.01321622161948e+16	2.63668025198656e-06
5.23824421726501e-06	0.66318895969761	5.03104483918714e+16	2.62733659369038e-06
5.24205193544826e-06	0.663285931929964	5.04995202448541e+16	2.61749975968373e-06
5.2460819569875e-06	0.663388339120025	5.06999604049352e+16	2.60715158452675e-06
5.25034542737225e-06	0.66349642525883	5.09123789648093e+16	2.59627392773502e-06
5.25485393125206e-06	0.663610440547023	5.11374145645206e+16	2.58484874980647e-06
5.25961950241094e-06	0.663730641141483	5.13757355037913e+16	2.57285819481509e-06
5.26465463352082e-06	0.663857288854222	5.16280408805294e+16	2.5602846796301e-06
5.26997228564013e-06	0.663990650800218	5.18950617532373e+16	2.54711098975914e-06
5.2755858974218e-06	0.664130998990745	5.21775623243613e+16	2.53332038174499e-06
5.28150939399417e-06	0.664278609868765	5.24763411408328e+16	2.51889669196859e-06
5.28775719547687e-06	0.664433763782915	5.27922323071249e+16	2.50382445162516e-06
5.29434422509252e-06	0.664596744396628	5.31261067050813e+16	2.48808900754665e-06
5.30128591683435e-06	0.66476783802896	5.34788732135429e+16	2.47167664844162e-06
5.3085982226484e-06	0.664947332923805	5.38514799193877e+16	2.45457473601445e-06
5.31629761908839e-06	0.665135518444238	5.4244915309988e+16	2.43677184030978e-06
5.32440111340023e-06	0.665332684188914	5.46602094352618e+16	2.4182578785064e-06
5.33292624899233e-06	0.665539119027654	5.50984350254255e+16	2.3990242562591e-06
5.34189111024758e-06	0.665755110053578	5.55607085482303e+16	2.37906401055823e-06
5.35131432663166e-06	0.665980941449474	5.60481911868564e+16	2.35837195294757e-06
5.36121507605239e-06	0.666216893266457	5.65620897167357e+16	2.3369448118136e-06
5.37161308742422e-06	0.666463240113417	5.71036572563508e+16	2.31478137233524e-06
5.3825286423917e-06	0.666720249756273	5.76741938635127e+16	2.29188261256687e-06
5.39398257616581e-06	0.666988181626624	5.82750469447215e+16	2.26825183402054e-06
5.40599627742684e-06	0.667267285240097	5.89076114409844e+16	2.24389478502027e-06
5.41859168724794e-06	0.667557798525436	5.95733297488798e+16	2.21881977502466e-06
5.43179129699344e-06	0.667859946066244	6.02736913307476e+16	2.19303777805844e-06
5.44561814514699e-06	0.66817393725827	6.10102319626624e+16	2.1665625233612e-06
5.46009581302454e-06	0.668499964386159	6.17845325633554e+16	2.13941057135753e-06
5.47524841932876e-06	0.668838200624801	6.25982175415457e+16	2.11160137307875e-06
5.49110061350176e-06	0.669188797971645	6.34529525932953e+16	2.08315731122652e-06
5.50767756783471e-06	0.669551885117769	6.43504418751217e+16	2.05410372116496e-06
5.52500496829378e-06	0.669927565266952	6.52924244728225e+16	2.02446889026194e-06
5.54310900402383e-06	0.670315913913612	6.62806700804411e+16	1.9942840341738e-06
5.56201635549257e-06	0.670716976592159	6.7316973798753e+16	1.96358324888075e-06
5.5817541812402e-06	0.671130766612066	6.84031499583089e+16	1.93240343753186e-06
5.60235010320123e-06	0.67155726279485	6.95410248687412e+16	1.9007842114474e-06
5.62383219056784e-06	0.671996407231048	7.07324283940548e+16	1.86876776494899e-06
5.64622894216644e-06	0.672448103077224	7.19791842533864e+16	1.83639872404119e-06
5.66956926732177e-06	0.672912212415028	7.32830989486682e+16	1.80372396934504e-06
5.69388246518589e-06	0.673388554196281	7.46459492252664e+16	1.77079243408023e-06
5.71919820251226e-06	0.673876902299972	7.60694679795215e+16	1.73765487829836e-06
5.74554648985868e-06	0.67437698372888	7.75553285387695e+16	1.70436364097848e-06
5.77295765620598e-06	0.674888476975212	7.91051272554543e+16	1.6709723719971e-06
5.80146232198329e-06	0.675411010586184	8.07203643779469e+16	1.63753574636959e-06
5.83109137049423e-06	0.675944161961688	8.24024231872311e+16	1.60410916351761e-06
5.86187591774267e-06	0.676487456417174	8.41525474211875e+16	1.57074843463853e-06
5.89384728066053e-06	0.677040366545441	8.59718170472204e+16	1.53750946152766e-06
5.92703694374466e-06	0.677602311911134	8.7861122489666e+16	1.50444791042489e-06
5.96147652411414e-06	0.678172659111383	8.98211374708415e+16	1.47161888461518e-06
5.99719773500394e-06	0.678750722234963	9.18522906835143e+16	1.43907659960187e-06
6.03423234771566e-06	0.679335763750718	9.39547365774566e+16	1.40687406468879e-06
6.07261215205091e-06	0.679926995853531	9.61283256126379e+16	1.37506277474786e-06
6.11236891525767e-06	0.680523582292896	9.83725744051276e+16	1.34369241581501e-06
6.1535343395252e-06	0.681124640705028	1.00686636267047e+17	1.31281058794835e-06
6.19614001806797e-06	0.681729245464461	1.03069272716512e+17	1.28246254850484e-06
6.24021738984453e-06	0.68233643106513	1.05518826604521e+17	1.25269097865007e-06
6.28579769296194e-06	0.682945196034143	1.08033197569755e+17	1.22353577551913e-06
6.33291191682229e-06	0.6835545073737	1.10609820585354e+17	1.1950338720049e-06
6.38159075307232e-06	0.684163305518137	1.13245648399863e+17	1.16721908567491e-06
6.43186454542308e-06	0.684770509783845	1.15937138693219e+17	1.14012199782105e-06
6.48376323841129e-06	0.685375024280088	1.18680246763793e+17	1.1137698631421e-06
6.53731632517948e-06	0.685975744238554	1.21470424530103e+17	1.08818655005916e-06
6.59255279435682e-06	0.686571562709265	1.24302626567537e+17	1.06339251118203e-06
6.64950107612801e-06	0.68716137756027	1.27171323804111e+17	1.03940478299231e-06
6.70818898758193e-06	0.687744098708787	1.30070525368637e+17	1.01623701339643e-06
6.76864367743702e-06	0.688318655502447	1.32993808920434e+17	9.9389951543925e-07
6.83089157024469e-06	0.68888400416128	1.35934359594039e+17	9.72399345161887e-07
6.89495831017663e-06	0.689439135184484	1.38885017469683e+17	9.51740401342044e-07
6.96086870450617e-06	0.689983080621074	1.41838333236848e+17	9.31923544674023e-07
7.02864666689792e-06	0.690514921100608	1.44786631462259e+17	9.12946733828702e-07
7.09831516062365e-06	0.691033792519432	1.477220806151e+17	8.94805175780216e-07
7.16989614182609e-06	0.691538892279612	1.50636768752104e+17	8.7749148779184e-07
7.24341050295562e-06	0.692029484981934	1.5352278353536e+17	8.60995868513573e-07
7.31887801650776e-06	0.692504907481134	1.56372295057889e+17	8.45306275751399e-07
7.39631727919222e-06	0.692964573220752	1.59177639797318e+17	8.3040860861543e-07
7.47574565666662e-06	0.693407975776614	1.61931403915861e+17	8.16286891932657e-07
7.55717922897e-06	0.69383469155155	1.64626504082488e+17	8.02923461011197e-07
7.64063273679302e-06	0.694244381579341	1.67256264015144e+17	7.90299145057924e-07
7.72611952872312e-06	0.69463679241251	1.69814485028239e+17	7.78393447772166e-07
7.81365150960367e-06	0.695011756086038	1.72295509021156e+17	7.67184723857058e-07
7.90323909014682e-06	0.695369189166831	1.74694272551428e+17	7.56650350400652e-07
7.99489113793997e-06	0.695709090916234	1.77006350892775e+17	7.46766892275627e-07
8.08861492998533e-06	0.696031540609593	1.79227991271901e+17	7.37510260885219e-07
8.18441610691126e-06	0.696336694072274	1.8135613479563e+17	7.2885586574097e-07
8.28229862899331e-06	0.696624779505194	1.83388426907297e+17	7.20778758493585e-07
8.38226473412066e-06	0.696896092684501	1.85323216534059e+17	7.13253769151242e-07
8.48431489784228e-06	0.697150991629137	1.87159544391189e+17	7.06255634310905e-07
8.588447795624e-06	0.697389890836625	1.88897121183683e+17	6.99759117299378e-07
8.69466026744517e-06	0.697613255191239	1.90536296679612e+17	6.93739120174256e-07
8.80294728485998e-06	0.697821593649935	1.92078020816604e+17	6.88170787573805e-07
8.91330192064462e-06	0.698015452810033	1.93523798138166e+17	6.83029602432191e-07
9.02571532114722e-06	0.6981954104589	1.94875636938953e+17	6.78291473595824e-07
9.14017668145277e-06	0.698362069200009	1.96135994528689e+17	6.73932815391123e-07
9.25667322346999e-06	0.698516050242062	1.97307720006937e+17	6.6993061920656e-07
9.37519017704143e-06	0.698657987428779	1.98393995880685e+17	6.66262517165026e-07
9.49571076417234e-06	0.698788521576711	1.99398279760686e+17	6.62906837978265e-07
9.61821618646706e-06	0.69890829517757	2.00324247248291e+17	6.59842655094693e-07
9.7426856158552e-06	0.699017947510277	2.01175736980116e+17	6.57049827276228e-07
9.86909618868255e-06	0.699118110196711	2.01956698641104e+17	6.54509031768817e-07
9.99742300323414e-06	0.699209403224153	2.02671144594705e+17	6.52201790264973e-07
1.01276391207491e-05	0.699292431447037	2.03323105618344e+17	6.50110487893823e-07
1.0259715569979e-05	0.699367781570971	2.03916591078666e+17	6.48218385513938e-07
1.03936213553324e-05	0.69943601961332	2.04455553738409e+17	6.46509625624945e-07
1.05293234686398e-05	0.699497688826965	2.04943859258424e+17	6.44969232254208e-07
1.0666786904566e-05	0.699553308067386	2.05385260346468e+17	6.43583105213062e-07
1.08059746796833e-05	0.699603370577807	2.05783375409881e+17	6.42338009151648e-07
1.09468478552162e-05	0.699648343162959	2.0614167149261e+17	6.41221557871073e-07
1.1089365563452e-05	0.699688665718892	2.06463451217558e+17	6.40222194375258e-07
1.12334850378074e-05	0.69972475108421	2.06751843412043e+17	6.39329167161499e-07
1.13791616465291e-05	0.699756985176965	2.07009797065829e+17	6.38532503258159e-07
1.15263489299971e-05	0.699785727381224	2.07240078255924e+17	6.37822978519503e-07
1.16749986415893e-05	0.699811311147749	2.07445269668498e+17	6.37192085681836e-07
1.1825060792058e-05	0.69983404477441	2.07627772353802e+17	6.36632000671928e-07
1.19764836973573e-05	0.699854212333515	2.07789809363185e+17	6.36135547638974e-07
1.21292140298517e-05	0.699872074715334	2.07933430936369e+17	6.35696163155668e-07
1.2283196872827e-05	0.699887870759383	2.08060520930622e+17	6.3530786000336e-07
1.24383757782152e-05	0.699901818447621	2.0817280420973e+17	6.34965190921715e-07
1.25946928274352e-05	0.699914116136332	2.08271854738787e+17	6.34663212665795e-07
1.27520886952445e-05	0.699924943806213	2.08359104159463e+17	6.34397450674154e-07
1.29105027164845e-05	0.699934464312819	2.08435850648994e+17	6.34163864611286e-07
1.30698729555988e-05	0.699942824622181	2.08503267893745e+17	6.339588150076e-07
1.32301362787909e-05	0.699950157018824	2.08562414034563e+17	6.3377903118081e-07
1.33912284286837e-05	0.69995658027582	2.08614240465641e+17	6.33621580584878e-07
1.35530841013341e-05	0.699962200778592	2.08659600391202e+17	6.33483839697151e-07
1.37156370254491e-05	0.699967113596184	2.08699257064708e+17	6.33363466521387e-07
1.38788200436442e-05	0.699971403495453	2.08733891653509e+17	6.33258374754448e-07
1.40425651955783e-05	0.699975145895182	2.0876411068785e+17	6.33166709637633e-07
1.42068038027932e-05	0.699978407758466	2.08790453067017e+17	6.33086825490176e-07
1.43714665550823e-05	0.699981248422875	2.08813396607232e+17	6.33017264902172e-07
1.45364835982071e-05	0.699983720368841	2.08833364125858e+17	6.32956739547261e-07
1.47017846227759e-05	0.699985869927559	2.08850729064637e+17	6.32904112561434e-07
1.48672989540976e-05	0.699987737930262	2.08865820661305e+17	6.32858382423314e-07
1.50329556428182e-05	0.699989360301288	2.08878928684127e+17	6.32818668262877e-07
1.51986835561468e-05	0.699990768597673	2.08890307747821e+17	6.32784196519583e-07
1.53644114694754e-05	0.699991990498304	2.08900181232248e+17	6.32754288867024e-07
1.5530068158196e-05	0.699993050245786	2.08908744827149e+17	6.327283513192e-07
1.56955824895177e-05	0.699993969044298	2.08916169727404e+17	6.32705864433097e-07
1.58608835140865e-05	0.699994765416695	2.08922605503787e+17	6.32686374523154e-07
1.60259005572113e-05	0.69999545552409	2.0892818267419e+17	6.326694858052e-07
1.61905633095005e-05	0.699996053451058	2.08933014999844e+17	6.32654853390287e-07
1.63548019167153e-05	0.699996571459491	2.08937201530305e+17	6.32642177052353e-07
1.65185470686494e-05	0.699997020213971	2.08940828419969e+17	6.32631195697684e-07
1.66817300868445e-05	0.699997408981399	2.08943970537691e+17	6.32621682468394e-07
1.68442830109595e-05	0.699997745807407	2.0894669288978e+17	6.32613440416733e-07
1.70061386836099e-05	0.699998037671932	2.08949051875267e+17	6.3260629869157e-07
1.71672308335027e-05	0.699998290626143	2.0895109639095e+17	6.32600109183001e-07
1.73274941566948e-05	0.699998509912709	2.0895286880231e+17	6.32594743575513e-07
1.74868643958091e-05	0.699998700071267	2.08954405795042e+17	6.32590090764491e-07
1.76452784170491e-05	0.699998865030747	2.08955739120592e+17	6.32586054594998e-07
1.78026742848584e-05	0.699999008190066	2.08956896247872e+17	6.32582551885689e-07
1.79589913340784e-05	0.699999132488548	2.08957900932094e+17	6.32579510704416e-07
1.81141702394666e-05	0.699999240467305	2.08958773710575e+17	6.32576868865512e-07
1.82681530824419e-05	0.699999334322656	2.08959532334333e+17	6.32574572621923e-07
1.84208834149363e-05	0.699999415952574	2.08960192143334e+17	6.32572575528247e-07
1.85723063202356e-05	0.699999486997019	2.08960766392385e+17	6.32570837453451e-07
1.87223684707043e-05	0.699999548872929	2.08961266533866e+17	6.32569323724404e-07
1.88710181822965e-05	0.699999602804548	2.08961702462805e+17	6.32568004383595e-07
1.90182054657645e-05	0.699999649849685	2.08962082729108e+17	6.32566853546343e-07
1.91638820744862e-05	0.699999690922449	2.08962414721214e+17	6.32565848844602e-07
1.93080015488416e-05	0.699999726812889	2.08962704824917e+17	6.32564970946026e-07
1.94505192570774e-05	0.699999758203988	2.0896295856061e+17	6.32564203138356e-07
1.95913924326103e-05	0.699999785686322	2.08963180701832e+17	6.32563530970467e-07
1.97305802077277e-05	0.699999809770729	2.08963375377614e+17	6.32562941942483e-07
1.98680436436538e-05	0.699999830899232	2.08963546160789e+17	6.32562425238382e-07
2.00037457569612e-05	0.699999849454468	2.08963696144187e+17	6.32561971495312e-07
2.01376515423146e-05	0.699999865767819	2.08963828006334e+17	6.32561572604669e-07
2.02697279915445e-05	0.699999880126415	2.08963944068111e+17	6.32561221540571e-07
2.03999441090595e-05	0.699999892779183	2.08964046341591e+17	6.32560912211992e-07
2.05282709236111e-05	0.699999903942055	2.08964136572141e+17	6.32560639335305e-07
2.06546814964384e-05	0.699999913802454	2.08964216274714e+17	6.32560398324412e-07
2.07791509258266e-05	0.699999922523169	2.08964286765129e+17	6.32560185196046e-07
2.09016563481213e-05	0.699999930245687	2.08964349187039e+17	6.32559996488128e-07
2.10221769352522e-05	0.699999937093072	2.08964404535181e+17	6.32559829189386e-07
2.11406938888236e-05	0.699999943172447	2.08964453675422e+17	6.32559680678667e-07
2.12571904308408e-05	0.699999948577128	2.08964497362053e+17	6.32559548672589e-07
2.13716517911464e-05	0.699999953388475	2.08964536252702e+17	6.32559431180383e-07
2.1484065191649e-05	0.69999995767748	2.0896457092121e+17	6.32559326464926e-07
2.15944198274336e-05	0.699999961506144	2.08964601868742e+17	6.325592330091e-07
2.17027068448484e-05	0.699999964928667	2.08964629533385e+17	6.32559149486738e-07
2.18089193166696e-05	0.699999967992467	2.08964654298441e+17	6.32559074737524e-07
2.19130522144513e-05	0.699999970739075	2.08964676499591e+17	6.32559007745296e-07
2.2015102378173e-05	0.699999973204894	2.08964696431094e+17	6.32558947619288e-07
2.21150684833003e-05	0.699999975421867	2.08964714351152e+17	6.32558893577888e-07
2.22129510053824e-05	0.699999977418052	2.08964730486551e+17	6.32558844934589e-07
2.23087521823083e-05	0.699999979218116	2.08964745036684e+17	6.3255880108581e-07
2.24024759743536e-05	0.699999980843769	2.08964758177037e+17	6.32558761500342e-07
2.24941280221468e-05	0.699999982314139	2.08964770062212e+17	6.32558725710194e-07
2.25837156026899e-05	0.699999983646093	2.08964780828557e+17	6.32558693302646e-07
2.26712475835705e-05	0.699999984854522	2.08964790596439e+17	6.32558663913348e-07
2.27567343755006e-05	0.699999985952587	2.0896479947223e+17	6.32558637220318e-07
2.28401878833236e-05	0.699999986951929	2.08964807550034e+17	6.32558612938724e-07
2.2921621455627e-05	0.699999987862858	2.08964814913181e+17	6.3255859081634e-07
2.30010498331014e-05	0.699999988694511	2.0896482163554e+17	6.32558570629584e-07
2.30784890957859e-05	0.699999989455	2.08964827782662e+17	6.32558552180066e-07
2.3153956609338e-05	0.699999990151526	2.08964833412768e+17	6.32558535291572e-07
2.32274709704675e-05	0.699999990790494	2.08964838577628e+17	6.32558519807433e-07
2.329905195167e-05	0.699999991377605	2.08964843323315e+17	6.32558505588218e-07
2.33687204453957e-05	0.699999991917935	2.08964847690874e+17	6.32558492509722e-07
2.34364984077874e-05	0.699999992416014	2.08964851716907e+17	6.32558480461196e-07
2.3502408802117e-05	0.699999992875883	2.0896485543408e+17	6.32558469343797e-07
2.35664755420489e-05	0.699999993301151	2.08964858871578e+17	6.32558459069233e-07
2.36287234348566e-05	0.699999993695048	2.08964862055496e+17	6.32558449558559e-07
2.36891781247117e-05	0.699999994060463	2.08964865009189e+17	6.32558440741131e-07
2.37478660361656e-05	0.699999994399983	2.08964867753576e+17	6.32558432553679e-07
2.38048143179368e-05	0.69999999471593	2.08964870307412e+17	6.32558424939484e-07
2.38600507871141e-05	0.699999995010385	2.08964872687526e+17	6.32558417847664e-07
2.39136038738823e-05	0.699999995285217	2.08964874909028e+17	6.3255841123253e-07
2.39655025668705e-05	0.699999995542107	2.08964876985502e+17	6.32558405053027e-07
2.40157763592213e-05	0.699999995782566	2.08964878929166e+17	6.3255839927223e-07
2.40644551954713e-05	0.699999996007956	2.0896488075102e+17	6.32558393856903e-07
2.41115694193317e-05	0.699999996219502	2.08964882460974e+17	6.32558388777104e-07
2.41571497224491e-05	0.699999996418311	2.08964884067967e+17	6.32558384005839e-07
2.42012270942256e-05	0.699999996605379	2.08964885580069e+17	6.32558379518748e-07
2.42438327727684e-05	0.699999996781611	2.08964887004567e+17	6.32558375293827e-07
2.42849981970359e-05	0.699999996947819	2.08964888348055e+17	6.32558371311187e-07
2.43247549602427e-05	0.699999997104744	2.089648896165e+17	6.32558367552828e-07
2.4363134764578e-05	0.699999997253055	2.08964890815309e+17	6.32558364002443e-07
2.44001693772897e-05	0.699999997393357	2.08964891949389e+17	6.32558360645249e-07
2.44358905881795e-05	0.699999997526202	2.08964893023196e+17	6.32558357467821e-07
2.4470330168549e-05	0.699999997652092	2.08964894040781e+17	6.32558354457959e-07
2.45035198316331e-05	0.699999997771483	2.08964895005834e+17	6.3255835160456e-07
2.45354911945509e-05	0.699999997884792	2.08964895921719e+17	6.32558348897503e-07
2.45662757417994e-05	0.699999997992397	2.08964896791509e+17	6.32558346327554e-07
2.45959047903103e-05	0.699999998094648	2.08964897618014e+17	6.3255834388627e-07
2.46244094560876e-05	0.699999998191862	2.08964898403807e+17	6.32558341565921e-07
2.46518206224349e-05	0.699999998284332	2.08964899151252e+17	6.3255833935942e-07
2.46781689097814e-05	0.699999998372326	2.0896489986252e+17	6.32558337260254e-07
2.47034846471077e-05	0.699999998456092	2.08964900539613e+17	6.32558335262428e-07
2.47277978449718e-05	0.699999998535859	2.08964901184377e+17	6.32558333360412e-07
2.47511381701272e-05	0.699999998611837	2.0896490179852e+17	6.32558331549097e-07
2.47735349217258e-05	0.699999998684223	2.08964902383627e+17	6.3255832982375e-07
2.47950170090924e-05	0.699999998753199	2.08964902941166e+17	6.32558328179979e-07
2.48156129310534e-05	0.699999998818934	2.08964903472508e+17	6.32558326613699e-07
2.4835350756801e-05	0.699999998881585	2.08964903978928e+17	6.32558325121102e-07
2.48542581082698e-05	0.699999998941302	2.08964904461621e+17	6.32558323698629e-07
2.48723621439998e-05	0.699999998998221	2.08964904921706e+17	6.32558322342951e-07
2.48896895444589e-05	0.699999999052473	2.08964905360234e+17	6.3255832105094e-07
2.49062664987919e-05	0.69999999910418	2.08964905778192e+17	6.32558319819659e-07
2.49221186929649e-05	0.699999999153459	2.08964906176513e+17	6.32558318646338e-07
2.49372712992691e-05	0.699999999200416	2.08964906556078e+17	6.32558317528362e-07
2.49517489671466e-05	0.699999999245157	2.08964906917721e+17	6.32558316463258e-07
2.49655758153002e-05	0.699999999287778	2.08964907262232e+17	6.32558315448682e-07
2.49787754250457e-05	0.699999999328372	2.08964907590362e+17	6.32558314482409e-07
2.49913708348668e-05	0.699999999367029	2.08964907902826e+17	6.32558313562321e-07
2.50033845361278e-05	0.699999999403831	2.08964908200305e+17	6.32558312686404e-07
2.50148384699019e-05	0.69999999943886	2.08964908483449e+17	6.32558311852736e-07
2.50257540248694e-05	0.699999999472192	2.08964908752879e+17	6.32558311059482e-07
2.50361520362412e-05	0.699999999503901	2.08964909009187e+17	6.32558310304887e-07
2.5046052785662e-05	0.699999999534058	2.08964909252943e+17	6.32558309587273e-07
2.5055476002046e-05	0.699999999562728	2.08964909484691e+17	6.32558308905031e-07
2.50644408633013e-05	0.699999999589978	2.08964909704953e+17	6.32558308256621e-07
2.50729659988934e-05	0.699999999615868	2.08964909914229e+17	6.32558307640563e-07
2.50810694932052e-05	0.699999999640459	2.08964910113003e+17	6.32558307055439e-07
2.50887688896452e-05	0.699999999663808	2.08964910301734e+17	6.32558306499885e-07
2.50960811954593e-05	0.69999999968597	2.08964910480867e+17	6.32558305972593e-07
2.51030228872011e-05	0.699999999706996	2.08964910650829e+17	6.32558305472304e-07
2.51096099168167e-05	0.699999999726939	2.08964910812031e+17	6.32558304997811e-07
2.51158577182994e-05	0.699999999745847	2.08964910964865e+17	6.32558304547949e-07
2.51217812148718e-05	0.699999999763767	2.08964911109712e+17	6.32558304121603e-07
2.51273948266535e-05	0.699999999780744	2.08964911246937e+17	6.32558303717699e-07
2.51327124787728e-05	0.69999999979682	2.08964911376888e+17	6.32558303335203e-07
2.51377476098827e-05	0.699999999812039	2.08964911499904e+17	6.32558302973124e-07
2.51425131810416e-05	0.69999999982644	2.08964911616309e+17	6.32558302630507e-07
2.51470216849214e-05	0.699999999840062	2.08964911726413e+17	6.32558302306438e-07
2.51512851553061e-05	0.699999999852941	2.08964911830514e+17	6.32558302000035e-07
2.51553151768454e-05	0.699999999865113	2.08964911928902e+17	6.32558301710453e-07
2.51591228950286e-05	0.699999999876612	2.0896491202185e+17	6.32558301436882e-07
2.51627190263476e-05	0.69999999988747	2.08964912109623e+17	6.32558301178541e-07
2.51661138686148e-05	0.69999999989772	2.08964912192476e+17	6.32558300934685e-07
2.51693173114085e-05	0.699999999907392	2.0896491227065e+17	6.32558300704597e-07
2.51723388466149e-05	0.699999999916513	2.08964912344381e+17	6.3255830048759e-07
2.51751875790399e-05	0.699999999925113	2.08964912413891e+17	6.32558300283006e-07
2.51778722370653e-05	0.699999999933216	2.08964912479394e+17	6.32558300090215e-07
2.5180401183323e-05	0.69999999994085	2.08964912541095e+17	6.32558299908615e-07
2.51827824253661e-05	0.699999999948037	2.0896491259919e+17	6.32558299737627e-07
2.51850236263128e-05	0.699999999954801	2.08964912653868e+17	6.32558299576699e-07
2.51871321154432e-05	0.699999999961165	2.08964912705306e+17	6.32558299425305e-07
2.51891148987305e-05	0.699999999967149	2.08964912753676e+17	6.32558299282939e-07
2.51909786692873e-05	0.699999999972774	2.08964912799143e+17	6.32558299149121e-07
2.51927298177108e-05	0.699999999978059	2.08964912841862e+17	6.3255829902339e-07
2.51943744423113e-05	0.699999999983022	2.08964912881982e+17	6.32558298905309e-07
2.51959183592103e-05	0.699999999987682	2.08964912919644e+17	6.3255829879446e-07
2.51973671122936e-05	0.699999999992054	2.08964912954985e+17	6.32558298690443e-07
2.51987259830097e-05	0.699999999996155	2.08964912988134e+17	6.3255829859288e-07
2.52e-05	0.7	2.08964913019212e+17	6.32558298501409e-07
