Position  (cm)	Ecb (eV)	Evb (eV)	Efn (eV)	Efp (eV)
0	-2.8	-4.9	-4.75000004309734	-4.75
2.27986488733322e-09	-2.80000000034272	-4.90000000034272	-4.75000194352738	-4.75
4.78638710893473e-09	-2.80000000071951	-4.90000000071951	-4.7500040330537	-4.75
7.53943637653096e-09	-2.80000000113336	-4.90000000113336	-4.7500063282884	-4.75
1.05603366094998e-08	-2.80000000158748	-4.90000000158748	-4.75000884706667	-4.75
1.38719433424862e-08	-2.80000000208531	-4.90000000208531	-4.75001160851341	-4.75
1.74987224573138e-08	-2.80000000263054	-4.90000000263054	-4.75001463311123	-4.75
2.14668299687519e-08	-2.8000000032271	-4.9000000032271	-4.75001794276973	-4.75
2.58041925613601e-08	-2.8000000038792	-4.9000000038792	-4.75002156089587	-4.75
3.05405885411803e-08	-2.80000000459134	-4.90000000459134	-4.75002551246516	-4.75
3.5707728831983e-08	-2.80000000536831	-4.90000000536831	-4.75002982409347	-4.75
4.13393376110172e-08	-2.8000000062152	-4.9000000062152	-4.75003452410914	-4.75
4.74712321441638e-08	-2.80000000713745	-4.90000000713745	-4.75003964262521	-4.75
5.41414013452507e-08	-2.80000000814082	-4.90000000814082	-4.75004521161135	-4.75
6.13900825492864e-08	-2.80000000923143	-4.90000000923143	-4.75005126496518	-4.75
6.92598359549032e-08	-2.80000001041578	-4.90000001041578	-4.75005783858276	-4.75
7.77956161575683e-08	-2.80000001170075	-4.90000001170075	-4.75006497042764	-4.75
8.70448401626033e-08	-2.80000001309362	-4.90000001309363	-4.75007270059836	-4.75
9.70574512359653e-08	-2.80000001460214	-4.90000001460214	-4.75008107139377	-4.75
1.07885977921572e-07	-2.80000001623445	-4.90000001623445	-4.75009012737589	-4.75
1.19585587527084e-07	-2.80000001799921	-4.90000001799921	-4.7500999154298	-4.75
1.32214133355798e-07	-2.80000001990555	-4.90000001990555	-4.75011048482025	-4.75
1.45832194941192e-07	-2.80000002196316	-4.90000002196316	-4.7501218872443	-4.75
1.60503110523097e-07	-2.80000002418226	-4.90000002418226	-4.75013417687982	-4.75
1.76293000990736e-07	-2.80000002657371	-4.90000002657371	-4.75014741042916	-4.75
1.93270784508659e-07	-2.80000002914899	-4.90000002914899	-4.7501616471577	-4.75
2.1150818103702e-07	-2.8000000319203	-4.9000000319203	-4.75017694892668	-4.75
2.31079705958351e-07	-2.8000000349006	-4.9000000349006	-4.75019338022002	-4.75
2.52062652029238e-07	-2.80000003810371	-4.90000003810371	-4.75021100816448	-4.75
2.74537058887484e-07	-2.80000004154437	-4.90000004154437	-4.75022990254302	-4.75
2.98585669363857e-07	-2.80000004523835	-4.90000004523835	-4.7502501358006	-4.75
3.24293871872586e-07	-2.80000004920259	-4.90000004920259	-4.75027178304236	-4.75
3.51749628186758e-07	-2.80000005345535	-4.90000005345535	-4.75029492202359	-4.75
3.81043385943814e-07	-2.80000005801637	-4.90000005801637	-4.75031963313121	-4.75
4.12267975272759e-07	-2.80000006290708	-4.90000006290708	-4.75034599935653	-4.75
4.45518488988454e-07	-2.80000006815087	-4.90000006815087	-4.75037410625882	-4.75
4.80892145859686e-07	-2.80000007377334	-4.90000007377334	-4.75040404191966	-4.75
5.18488136526516e-07	-2.80000007980268	-4.90000007980268	-4.75043589688771	-4.75
5.58407451718691e-07	-2.80000008627008	-4.90000008627008	-4.75046976411378	-4.75
6.00752692510514e-07	-2.80000009321016	-4.90000009321016	-4.75050573887605	-4.75
6.45627862438318e-07	-2.80000010066158	-4.90000010066158	-4.75054391869546	-4.75
6.93138141404302e-07	-2.80000010866765	-4.90000010866765	-4.75058440324111	-4.75
7.43389641394613e-07	-2.80000011727714	-4.90000011727714	-4.75062729422566	-4.75
7.96489144149785e-07	-2.80000012654516	-4.90000012654516	-4.75067269529097	-4.75
8.5254382104134e-07	-2.80000013653419	-4.90000013653419	-4.75072071188392	-4.75
9.11660935529178e-07	-2.80000014731533	-4.90000014731533	-4.75077145112255	-4.75
9.73947528699356e-07	-2.80000015896974	-4.90000015896974	-4.75082502165288	-4.75
1.03951008851042e-06	-2.8000001715903	-4.9000001715903	-4.75088153349648	-4.75
1.1084542035078e-06	-2.80000018528356	-4.90000018528356	-4.75094109788912	-4.75
1.18088420189888e-06	-2.80000020017206	-4.90000020017206	-4.75100382711094	-4.75
1.25690277701528e-06	-2.80000021639701	-4.90000021639702	-4.75106983430831	-4.75
1.33661060032293e-06	-2.80000023412143	-4.90000023412143	-4.75113923330788	-4.75
1.42010592327288e-06	-2.80000025353384	-4.90000025353384	-4.7512121384233	-4.75
1.50748416941634e-06	-2.80000027485264	-4.90000027485264	-4.75128866425491	-4.75
1.59883751833422e-06	-2.80000029833121	-4.90000029833121	-4.75136892548297	-4.75
1.69425448305346e-06	-2.80000032426396	-4.90000032426396	-4.75145303665489	-4.75
1.79381948273912e-06	-2.8000003529935	-4.9000003529935	-4.75154111196693	-4.75
1.89761241256026e-06	-2.8000003849191	-4.9000003849191	-4.75163326504089	-4.75
2.00570821272893e-06	-2.80000042050677	-4.90000042050677	-4.75172960869618	-4.75
2.11817643880331e-06	-2.80000046030119	-4.90000046030119	-4.75183025471789	-4.75
2.23508083542726e-06	-2.80000050494003	-4.90000050494004	-4.75193531362119	-4.75
2.35647891574841e-06	-2.80000055517094	-4.90000055517095	-4.75204489441252	-4.75
2.4824215488137e-06	-2.80000061187194	-4.90000061187194	-4.75215910434791	-4.75
2.61295255728497e-06	-2.8000006760758	-4.9000006760758	-4.75227804868894	-4.75
2.74810832784621e-06	-2.80000074899938	-4.90000074899938	-4.75240183045633	-4.75
2.88791743668788e-06	-2.8000008320788	-4.90000083207881	-4.75253055018177	-4.75
3.03240029245144e-06	-2.80000092701182	-4.90000092701182	-4.75266430565775	-4.75
3.18156879899887e-06	-2.80000103580886	-4.90000103580886	-4.75280319168592	-4.75
3.33542604033634e-06	-2.80000116085461	-4.90000116085461	-4.75294729982355	-4.75
3.49396598996833e-06	-2.80000130498242	-4.90000130498242	-4.75309671812839	-4.75
3.65717324688866e-06	-2.80000147156413	-4.90000147156413	-4.75325153090153	-4.75
3.82502280032717e-06	-2.80000166461884	-4.90000166461884	-4.75341181842805	-4.75
3.997479825266e-06	-2.80000188894453	-4.90000188894453	-4.75357765671506	-4.75
4.17449951061803e-06	-2.80000215027743	-4.90000215027743	-4.75374911722667	-4.75
4.35602692182135e-06	-2.80000245548517	-4.90000245548517	-4.75392626661512	-4.75
4.54199689944994e-06	-2.80000281280079	-4.90000281280079	-4.75410916644738	-4.75
4.73233399527135e-06	-2.80000323210646	-4.90000323210646	-4.75429787292622	-4.75
4.92695244699865e-06	-2.80000372527725	-4.90000372527725	-4.75449243660456	-4.75
5.12575619278768e-06	-2.8000043065978	-4.9000043065978	-4.75469290209182	-4.75
5.32863892632197e-06	-2.80000499326697	-4.90000499326697	-4.75489930775066	-4.75
5.53548419310883e-06	-2.80000580600892	-4.90000580600892	-4.75511168538221	-4.75
5.74616552838202e-06	-2.80000676981234	-4.90000676981234	-4.7553300598977	-4.75
5.9605466367709e-06	-2.80000791482403	-4.90000791482403	-4.75555444897389	-4.75
6.17848161365464e-06	-2.80000927742778	-4.90000927742778	-4.75578486268943	-4.75
6.39981520787456e-06	-2.80001090154523	-4.90001090154523	-4.75602130313857	-4.75
6.62438312523032e-06	-2.80001284020198	-4.90001284020198	-4.7562637640183	-4.75
6.85201237193754e-06	-2.80001515740953	-4.90001515740953	-4.75651223018405	-4.75
7.0825216369783e-06	-2.80001793042204	-4.90001793042204	-4.75676667716847	-4.74999999999999
7.31572171203331e-06	-2.80002125243636	-4.90002125243636	-4.75702707065671	-4.74999999999999
7.55141594744722e-06	-2.80002523581366	-4.90002523581366	-4.75729336591066	-4.74999999999998
7.78940074244888e-06	-2.80003001591232	-4.90003001591232	-4.75756550713316	-4.74999999999997
8.0294660676277e-06	-2.80003575563288	-4.90003575563288	-4.75784342676194	-4.74999999999994
8.27139601745822e-06	-2.80004265078803	-4.90004265078803	-4.75812704468145	-4.7499999999999
8.51496939046824e-06	-2.80005093642177	-4.90005093642177	-4.75841626733892	-4.74999999999983
8.75996029446398e-06	-2.80006089421269	-4.90006089421269	-4.75871098674933	-4.74999999999971
9.00613877405998e-06	-2.80007286110511	-4.90007286110511	-4.75901107937207	-4.7499999999995
9.2532714576129e-06	-2.8000872393176	-4.9000872393176	-4.75931640484033	-4.74999999999913
9.50112222052863e-06	-2.80010450787994	-4.90010450787994	-4.75962680452284	-4.74999999999848
9.74945286180252e-06	-2.80012523584482	-4.90012523584482	-4.75994209989653	-4.74999999999737
9.99802379056335e-06	-2.80015009730753	-4.90015009730753	-4.7602620907082	-4.74999999999546
1.02465947193242e-05	-2.80017988834305	-4.90017988834305	-4.76058655290449	-4.74999999999216
1.04949253605981e-05	-2.80021554593231	-4.90021554593231	-4.76091523631131	-4.74999999998651
1.07427761235138e-05	-2.80025816889558	-4.90025816889558	-4.76124786204903	-4.74999999997685
1.09899088070667e-05	-2.80030904077625	-4.90030904077626	-4.76158411967663	-4.74999999996044
1.12360872866627e-05	-2.80036965452176	-4.90036965452176	-4.76192366406926	-4.74999999993267
1.14810781906585e-05	-2.80044173868471	-4.90044173868471	-4.7622661120491	-4.74999999988597
1.17246515636685e-05	-2.80052728471661	-4.90052728471661	-4.76261103881014	-4.74999999980791
1.1966581513499e-05	-2.80062857474615	-4.90062857474615	-4.76295797420448	-4.74999999967833
1.22066468386778e-05	-2.80074820902575	-4.90074820902575	-4.76330639899122	-4.74999999946483
1.24446316336795e-05	-2.80088913199748	-4.90088913199748	-4.76365574118956	-4.74999999911586
1.26803258690934e-05	-2.80105465567789	-4.90105465567789	-4.76400537272457	-4.74999999855039
1.29135259441484e-05	-2.8012484788041	-4.9012484788041	-4.76435460660582	-4.74999999764246
1.31440352091892e-05	-2.80147469993412	-4.90147469993413	-4.76470269493374	-4.7499999961989
1.33716644558964e-05	-2.80173782247638	-4.90173782247638	-4.76504882808039	-4.74999999392741
1.35962323732521e-05	-2.80204274946241	-4.90204274946241	-4.76539213543653	-4.7499999903921
1.38175659674721e-05	-2.8023947658063	-4.9023947658063	-4.76573168814528	-4.74999998495294
1.40355009443558e-05	-2.80279950584887	-4.90279950584887	-4.76606650424615	-4.74999997668542
1.42498820527447e-05	-2.80326290420141	-4.90326290420141	-4.76639555662105	-4.74999996427704
1.44605633880179e-05	-2.80379112831528	-4.90379112831528	-4.76671778405567	-4.74999994589843
1.46674086548047e-05	-2.80439049183286	-4.90439049183286	-4.76703210559719	-4.7499999190489
1.4870291388339e-05	-2.80506734863102	-4.90506734863102	-4.76733743820033	-4.74999988037965
1.50690951341281e-05	-2.80582796853415	-4.90582796853415	-4.76763271741062	-4.74999982550267
1.52637135858553e-05	-2.8066783969073	-4.9066783969073	-4.76791692055004	-4.74999974879929
1.54540506816768e-05	-2.80762430166561	-4.90762430166561	-4.76818909157031	-4.74999964324881
1.56400206593054e-05	-2.808670812548	-4.908670812548	-4.76844836645422	-4.74999950030387
1.58215480705087e-05	-2.80982235867281	-4.90982235867281	-4.76869399781791	-4.74999930984375
1.59985677558607e-05	-2.81108251127979	-4.91108251127979	-4.76892537723575	-4.74999906023776
1.61710247807995e-05	-2.81245383903541	-4.91245383903541	-4.76914205381039	-4.74999873854749
1.6338874334238e-05	-2.81393778323389	-4.91393778323389	-4.76934374766195	-4.74999833088741
1.65020815911584e-05	-2.81553455961054	-4.91553455961054	-4.76953035731259	-4.74999782294826
1.66606215407904e-05	-2.81724309230808	-4.91724309230808	-4.76970196036897	-4.74999720066903
1.68144787821278e-05	-2.81906098387994	-4.91906098387994	-4.76985880740991	-4.74999645102174
1.69636472886753e-05	-2.8209845232195	-4.9209845232195	-4.77000130950757	-4.74999556285432
1.71081301444388e-05	-2.82300873115904	-4.92300873115904	-4.77013002028238	-4.74999452772222
1.72479392532805e-05	-2.82512744139072	-4.92512744139072	-4.77024561375875	-4.74999334063314
1.73830950238417e-05	-2.82733341251944	-4.92733341251944	-4.77034885950989	-4.74999200063274
1.7513626032313e-05	-2.82961846561813	-4.92961846561813	-4.77044059664277	-4.74999051117214
1.76395686653783e-05	-2.83197364071807	-4.93197364071808	-4.7705217080867	-4.74998888021894
1.77609667456994e-05	-2.83438936526288	-4.93438936526288	-4.77059309644149	-4.74998712009868
1.78778711423234e-05	-2.83685562765522	-4.93685562765522	-4.7706556623541	-4.7499852470803
1.79903393683978e-05	-2.83936214955248	-4.93936214955248	-4.7707102860719	-4.7499832807419
1.80984351685664e-05	-2.84189855141182	-4.94189855141182	-4.77075781250507	-4.74998124317135
1.82022280983876e-05	-2.8444545068257	-4.9444545068257	-4.77079903985227	-4.74997915806594
1.83017930980732e-05	-2.84701988231037	-4.94701988231037	-4.77083471162065	-4.74997704979839
1.83972100627925e-05	-2.84958486031342	-4.94958486031342	-4.77086551171198	-4.74997494251162
1.84885634117104e-05	-2.85214004421842	-4.95214004421842	-4.77089206214902	-4.74997285929564
1.85759416578538e-05	-2.85467654499674	-4.95467654499674	-4.7709149229731	-4.74997082148645
1.86594369808038e-05	-2.85718604986495	-4.95718604986495	-4.77093459384305	-4.74996884811274
1.87391448041114e-05	-2.85966087384629	-4.95966087384629	-4.77095151689573	-4.7499669555021
1.88151633792278e-05	-2.86209399551663	-4.96209399551663	-4.7709660804777	-4.74996515704607
1.88875933776189e-05	-2.86447907845819	-4.96447907845819	-4.77097862341643	-4.74996346311319
1.89565374926163e-05	-2.86681048007113	-4.96681048007113	-4.77098943956088	-4.749961881092
1.90221000524273e-05	-2.86908324942881	-4.96908324942881	-4.77099878238024	-4.7499604155416
1.90843866455975e-05	-2.87129311582985	-4.97129311582985	-4.77100686946239	-4.74995906842498
1.91435037600854e-05	-2.87343646961907	-4.97343646961907	-4.77101388679969	-4.74995783940071
1.91995584369769e-05	-2.87551033673728	-4.97551033673729	-4.77101999278757	-4.74995672614984
1.92526579397321e-05	-2.87751234832981	-4.97751234832981	-4.77102532189163	-4.74995572471788
1.93029094397224e-05	-2.87944070660494	-4.97944070660494	-4.77102998796295	-4.74995482985476
1.93504197186884e-05	-2.8812941479952	-4.9812941479952	-4.77103408719847	-4.7499540353393
1.93952948886162e-05	-2.88307190453931	-4.98307190453931	-4.77103770075639	-4.74995333427827
1.9437640129408e-05	-2.8847736642757	-4.9847736642757	-4.77104089704491	-4.74995271937344
1.94775594446002e-05	-2.88639953132106	-4.98639953132106	-4.77104373370822	-4.74995218315269
1.9515155435267e-05	-2.88794998619966	-4.98794998619966	-4.77104625933676	-4.74995171816382
1.95505290921382e-05	-2.88942584689256	-4.98942584689256	-4.77104851492968	-4.74995131713162
1.95837796058539e-05	-2.89082823098934	-4.99082823098934	-4.77105053513769	-4.74995097308012
1.96150041951829e-05	-2.89215851924809	-4.99215851924809	-4.77105234931302	-4.74995067942297
1.96442979529399e-05	-2.89341832080205	-4.99341832080205	-4.77105398239191	-4.74995043002557
1.96717537092541e-05	-2.89460944019233	-4.99460944019233	-4.77105545563273	-4.74995021924287
1.96974619117628e-05	-2.89573384635456	-4.99573384635456	-4.77105678723075	-4.74995004193677
1.97215105222392e-05	-2.89679364364335	-4.99679364364335	-4.77105799282825	-4.74994989347704
1.97439849290975e-05	-2.89779104494038	-4.99779104494038	-4.7710590859365	-4.74994976972923
1.97649678751684e-05	-2.89872834685953	-4.99872834685953	-4.77106007828388	-4.7499496670329
1.97845394000897e-05	-2.89960790703566	-4.99960790703566	-4.77106098010257	-4.74994958217293
1.9802776796618e-05	-2.9004321234607	-5.0004321234607	-4.7710618003643	-4.74994951234635
1.9819754580136e-05	-2.90120341581239	-5.00120341581239	-4.77106254697428	-4.74994945512662
1.98355444706036e-05	-2.90192420870599	-5.00192420870599	-4.77106322693065	-4.74994940842705
1.98502153861855e-05	-2.90259691678754	-5.00259691678754	-4.77106384645588	-4.74994937046455
1.98638334477709e-05	-2.90322393157824	-5.00322393157824	-4.77106441110519	-4.74994933972465
1.98764619935996e-05	-2.9038076099731	-5.0038076099731	-4.77106492585652	-4.74994931492847
1.98881616032051e-05	-2.90435026429268	-5.00435026429268	-4.7710653951852	-4.74994929500205
1.98989901298907e-05	-2.90485415378396	-5.00485415378396	-4.77106582312655	-4.74994927904835
1.99090027409641e-05	-2.90532147746589	-5.00532147746589	-4.77106621332841	-4.74994926632195
1.99182519649691e-05	-2.90575436821512	-5.00575436821512	-4.77106656909573	-4.74994925620653
1.99267877451718e-05	-2.90615488798938	-5.00615488798938	-4.77106689342846	-4.74994924819495
1.99346574985774e-05	-2.90652502408809	-5.00652502408809	-4.77106718905418	-4.74994924187188
1.99419061797815e-05	-2.90686668635332	-5.00686668635332	-4.77106745845623	-4.74994923689871
1.99485763489825e-05	-2.90718170521797	-5.00718170521797	-4.77106770389825	-4.74994923300063
1.99547082435157e-05	-2.90747183051218	-5.00747183051219	-4.77106792744564	-4.74994922995557
1.99603398522947e-05	-2.90773873094402	-5.00773873094402	-4.77106813098448	-4.74994922758482
1.99655069925855e-05	-2.90798399417496	-5.00798399417496	-4.7710683162383	-4.74994922574518
1.99702433885653e-05	-2.90820912741601	-5.00820912741601	-4.77106848478302	-4.74994922432234
1.9974580751158e-05	-2.90841555847537	-5.00841555847537	-4.77106863806026	-4.74994922322546
1.99785488586694e-05	-2.90860463719341	-5.00860463719341	-4.77106877738934	-4.74994922238259
1.99821756377842e-05	-2.90877763720608	-5.00877763720608	-4.77106890397802	-4.74994922173698
1.99854872445172e-05	-2.90893575798248	-5.00893575798248	-4.77106901893222	-4.74994922124403
1.99885081447502e-05	-2.90908012708733	-5.00908012708733	-4.77106912326482	-4.74994922086884
1.99912611940178e-05	-2.9092118026235	-5.0092118026235	-4.77106921790359	-4.74994922058416
1.99937677162394e-05	-2.90933177581411	-5.00933177581411	-4.77106930369842	-4.74994922036884
1.99960475811267e-05	-2.9094409736881	-5.0094409736881	-4.77106938142788	-4.74994922020649
1.99981192800281e-05	-2.9095402618367	-5.0095402618367	-4.77106945180516	-4.74994922008444
2e-05	-2.90963044721233	-5.00963044721233	-4.77106951548353	-4.74994921999298
2.00025e-05	-2.92224693797812	-5.01599693797812	-4.77080977290473	-4.7499167481477
2.0005e-05	-2.93485713484925	-5.02235713484925	-4.77055042130193	-4.74988437310142
2.00075e-05	-2.9474616739747	-5.0287116739747	-4.77029142603987	-4.74985208490441
2.001e-05	-2.96006110145106	-5.03506110145105	-4.77003275318051	-4.7498198750389
2.00125e-05	-2.97265588923065	-5.04140588923065	-4.76977437293421	-4.74978773616187
2.0015e-05	-2.9852464477199	-5.04774644771991	-4.76951625930015	-4.74975566190222
2.00175e-05	-2.99783313585375	-5.05408313585374	-4.7692583895196	-4.74972364669932
2.002e-05	-3.01041626922302	-5.06041626922302	-4.76900074358452	-4.74969168567315
2.00225e-05	-3.02299612668429	-5.06674612668429	-4.76874330382413	-4.74965977451915
2.0025e-05	-3.03557295577515	-5.07307295577515	-4.76848605456179	-4.74962790942221
2.00275e-05	-3.0481469771816	-5.0793969771816	-4.76822898183036	-4.74959608698607
2.003e-05	-3.06071838844728	-5.08571838844727	-4.76797207313543	-4.74956430417472
2.00325e-05	-3.07328736707141	-5.09203736707141	-4.76771531725736	-4.74953255826361
2.0035e-05	-3.08585407311138	-5.09835407311139	-4.76745870408499	-4.74950084679883
2.00375e-05	-3.09841865138038	-5.10466865138038	-4.76720222447532	-4.7494691675626
2.004e-05	-3.11098123331271	-5.11098123331272	-4.76694587013447	-4.74943751854408
2.00425e-05	-3.12354193855488	-5.11729193855487	-4.76668963351617	-4.74940589791456
2.0045e-05	-3.13610087632834	-5.12360087632834	-4.76643350773494	-4.74937430400615
2.00475e-05	-3.14865814660251	-5.12990814660251	-4.76617748649139	-4.74934273529356
2.005e-05	-3.16121384110792	-5.13621384110792	-4.76592156400772	-4.74931119037832
2.00525e-05	-3.17376804421521	-5.14251804421521	-4.7656657349718	-4.74927966797514
2.0055e-05	-3.18632083370046	-5.14882083370046	-4.76540999448858	-4.74924816690004
2.00575e-05	-3.19887228141379	-5.15512228141379	-4.76515433803761	-4.74921668606
2.006e-05	-3.21142245386571	-5.16142245386571	-4.76489876143578	-4.74918522444389
2.00625e-05	-3.22397141274284	-5.16772141274284	-4.76464326080464	-4.74915378111446
2.0065e-05	-3.23651921536289	-5.17401921536289	-4.76438783254154	-4.74912235520138
2.00675e-05	-3.2490659150775	-5.1803159150775	-4.76413247329408	-4.74909094589498
2.007e-05	-3.26161156162964	-5.18661156162964	-4.76387717993751	-4.74905955244076
2.00725e-05	-3.2741562014717	-5.1929062014717	-4.76362194955456	-4.74902817413449
2.0075e-05	-3.2866998780494	-5.1991998780494	-4.76336677941748	-4.74899681031783
2.00775e-05	-3.29924263205566	-5.20549263205566	-4.76311166697197	-4.74896546037447
2.008e-05	-3.31178450165834	-5.21178450165834	-4.7628566098228	-4.74893412372656
2.00825e-05	-3.32432552270485	-5.21807552270485	-4.76260160572086	-4.74890279983163
2.0085e-05	-3.33686572890645	-5.22436572890645	-4.76234665255153	-4.74887148817976
2.00875e-05	-3.34940515200475	-5.23065515200475	-4.76209174832415	-4.74884018829099
2.009e-05	-3.36194382192206	-5.23694382192206	-4.76183689116252	-4.74880889971306
2.00925e-05	-3.37448176689793	-5.24323176689793	-4.76158207929628	-4.74877762201927
2.0095e-05	-3.38701901361295	-5.24951901361295	-4.76132731105315	-4.74874635480664
2.00975e-05	-3.39955558730138	-5.25580558730138	-4.76107258485175	-4.74871509769416
2.01e-05	-3.41209151185392	-5.26209151185392	-4.76081789919517	-4.74868385032122
2.01025e-05	-3.42462680991136	-5.26837680991136	-4.76056325266504	-4.74865261234619
2.0105e-05	-3.43716150295026	-5.27466150295026	-4.76030864391613	-4.7486213834451
2.01075e-05	-3.4496956113615	-5.2809456113615	-4.76005407167144	-4.74859016331044
2.011e-05	-3.46222915452215	-5.28722915452215	-4.75979953471762	-4.74855895165008
2.01125e-05	-3.47476215086166	-5.29351215086166	-4.75954503190082	-4.74852774818626
2.0115e-05	-3.48729461792264	-5.29979461792264	-4.75929056212288	-4.74849655265464
2.01175e-05	-3.4998265724168	-5.3060765724168	-4.75903612433779	-4.74846536480348
2.012e-05	-3.51235803027672	-5.31235803027672	-4.75878171754842	-4.74843418439282
2.01225e-05	-3.52488900670341	-5.31863900670341	-4.75852734080357	-4.74840301119378
2.0125e-05	-3.53741951621054	-5.32491951621055	-4.75827299319516	-4.74837184498788
2.01275e-05	-3.54994957266522	-5.33119957266522	-4.75801867385566	-4.74834068556643
2.013e-05	-3.56247918932579	-5.33747918932579	-4.75776438195569	-4.74830953272994
2.01325e-05	-3.57500837887703	-5.34375837887703	-4.75751011670189	-4.74827838628758
2.0135e-05	-3.5875371534627	-5.3500371534627	-4.75725587733478	-4.7482472460567
2.01375e-05	-3.60006552471592	-5.35631552471592	-4.75700166312692	-4.74821611186238
2.014e-05	-3.61259350378741	-5.36259350378741	-4.7567474733811	-4.74818498353697
2.01425e-05	-3.62512110137173	-5.36887110137173	-4.75649330742868	-4.74815386091973
2.0145e-05	-3.6376483277319	-5.3751483277319	-4.75623916462808	-4.7481227438564
2.01475e-05	-3.65017519272231	-5.38142519272231	-4.75598504436332	-4.74809163219893
2.015e-05	-3.66270170581003	-5.38770170581003	-4.75573094604269	-4.74806052580509
2.01525e-05	-3.67522787609501	-5.393977876095	-4.75547686909746	-4.74802942453819
2.0155e-05	-3.68775371232863	-5.40025371232863	-4.75522281298076	-4.74799832826681
2.01575e-05	-3.70027922293144	-5.40652922293144	-4.7549687771664	-4.74796723686451
2.016e-05	-3.71280441600958	-5.41280441600957	-4.75471476114791	-4.74793615020961
2.01625e-05	-3.72532929937013	-5.41907929937013	-4.75446076443754	-4.74790506818491
2.0165e-05	-3.73785388053585	-5.42535388053585	-4.75420678656533	-4.74787399067753
2.01675e-05	-3.75037816675862	-5.43162816675861	-4.75395282707829	-4.74784291757865
2.017e-05	-3.7629021650324	-5.4379021650324	-4.75369888553955	-4.74781184878336
2.01725e-05	-3.77542588210534	-5.44417588210534	-4.75344496152766	-4.74778078419044
2.0175e-05	-3.78794932449104	-5.45044932449104	-4.75319105463582	-4.74774972370223
2.01775e-05	-3.80047249847945	-5.45672249847945	-4.75293716447123	-4.74771866722444
2.018e-05	-3.81299541014686	-5.46299541014686	-4.75268329065447	-4.74768761466599
2.01825e-05	-3.82551806536556	-5.46926806536556	-4.75242943281887	-4.74765656593892
2.0185e-05	-3.83804046981285	-5.47554046981284	-4.75217559060997	-4.7476255209582
2.01875e-05	-3.85056262897951	-5.48181262897951	-4.75192176368496	-4.74759447964162
2.019e-05	-3.863084548178	-5.488084548178	-4.75166795171221	-4.74756344190973
2.01925e-05	-3.87560623255001	-5.49435623255001	-4.75141415437076	-4.74753240768563
2.0195e-05	-3.88812768707372	-5.50062768707372	-4.75116037134984	-4.74750137689498
2.01975e-05	-3.90064891657069	-5.50689891657069	-4.75090660234853	-4.74747034946582
2.02e-05	-3.91316992571231	-5.51316992571231	-4.75065284707526	-4.74743932532854
2.02021215173915e-05	-3.91318766216671	-5.51318766216671	-4.75065284707461	-4.74743932533628
2.02043470762794e-05	-3.91320626843592	-5.51320626843592	-4.75065284707388	-4.74743932534433
2.02066812145066e-05	-3.91322578245753	-5.51322578245753	-4.75065284707306	-4.74743932535269
2.02091286375226e-05	-3.91324624357036	-5.51324624357037	-4.75065284707212	-4.74743932536137
2.02116942230432e-05	-3.91326769255343	-5.51326769255343	-4.75065284707105	-4.74743932537036
2.02143830257665e-05	-3.91329017166535	-5.51329017166535	-4.75065284706983	-4.74743932537966
2.02172002821403e-05	-3.91331372468424	-5.51331372468424	-4.75065284706844	-4.74743932538928
2.02201514151802e-05	-3.91333839694797	-5.51333839694797	-4.75065284706686	-4.74743932539919
2.02232420393312e-05	-3.9133642353948	-5.5133642353948	-4.75065284706504	-4.74743932540939
2.02264779653721e-05	-3.9133912886044	-5.5133912886044	-4.75065284706297	-4.74743932541986
2.02298652053576e-05	-3.91341960683916	-5.51341960683916	-4.7506528470606	-4.74743932543059
2.02334099775918e-05	-3.91344924208577	-5.51344924208577	-4.75065284705789	-4.74743932544154
2.02371187116327e-05	-3.91348024809706	-5.51348024809707	-4.75065284705478	-4.7474393254527
2.02409980533181e-05	-3.91351268043402	-5.51351268043402	-4.75065284705123	-4.74743932546402
2.02450548698115e-05	-3.91354659650797	-5.51354659650797	-4.75065284704716	-4.74743932547545
2.02492962546605e-05	-3.91358205562288	-5.51358205562288	-4.75065284704251	-4.74743932548695
2.0253729532863e-05	-3.91361911901769	-5.51361911901769	-4.75065284703719	-4.74743932549846
2.02583622659347e-05	-3.9136578499087	-5.5136578499087	-4.7506528470311	-4.74743932550989
2.02632022569726e-05	-3.9136983135319	-5.5136983135319	-4.75065284702414	-4.74743932552117
2.02682575557065e-05	-3.91374057718518	-5.51374057718518	-4.75065284701618	-4.74743932553219
2.02735364635336e-05	-3.91378471027046	-5.51378471027046	-4.7506528470071	-4.74743932554283
2.0279047538528e-05	-3.91383078433552	-5.51383078433552	-4.75065284699672	-4.74743932555297
2.02847996004176e-05	-3.91387887311566	-5.51387887311566	-4.75065284698489	-4.74743932556245
2.0290801735522e-05	-3.91392905257495	-5.51392905257495	-4.7506528469714	-4.74743932557109
2.0297063301643e-05	-3.91398140094712	-5.51398140094712	-4.75065284695602	-4.74743932557869
2.03035939328984e-05	-3.91403599877598	-5.51403599877598	-4.75065284693852	-4.74743932558503
2.03104035444934e-05	-3.9140929289553	-5.5140929289553	-4.75065284691859	-4.74743932558984
2.03175023374176e-05	-3.91415227676809	-5.51415227676809	-4.75065284689594	-4.74743932559282
2.03249008030623e-05	-3.9142141299252	-5.5142141299252	-4.7506528468702	-4.74743932559365
2.03326097277455e-05	-3.91427857860314	-5.51427857860314	-4.75065284684097	-4.74743932559193
2.03406401971374e-05	-3.91434571548109	-5.51434571548109	-4.75065284680781	-4.74743932558725
2.03490036005767e-05	-3.91441563577697	-5.51441563577697	-4.75065284677021	-4.74743932557913
2.03577116352656e-05	-3.91448843728252	-5.51448843728252	-4.75065284672762	-4.74743932556701
2.03667763103368e-05	-3.91456422039733	-5.51456422039733	-4.75065284667941	-4.7474393255503
2.03762099507783e-05	-3.91464308816159	-5.51464308816159	-4.75065284662488	-4.7474393255283
2.03860252012092e-05	-3.91472514628771	-5.51472514628771	-4.75065284656325	-4.74743932550026
2.0396235029492e-05	-3.91481050319051	-5.51481050319051	-4.75065284649365	-4.74743932546533
2.04068527301737e-05	-3.91489927001595	-5.51489927001595	-4.75065284641513	-4.74743932542255
2.04178919277419e-05	-3.91499156066841	-5.51499156066841	-4.75065284632659	-4.74743932537086
2.04293665796864e-05	-3.91508749183625	-5.51508749183625	-4.75065284622684	-4.74743932530906
2.04412909793532e-05	-3.91518718301568	-5.51518718301568	-4.75065284611457	-4.74743932523586
2.04536797585804e-05	-3.91529075653277	-5.51529075653277	-4.75065284598829	-4.74743932514977
2.04665478901037e-05	-3.91539833756363	-5.51539833756363	-4.75065284584637	-4.74743932504917
2.04799106897192e-05	-3.91551005415242	-5.51551005415242	-4.750652845687	-4.74743932493227
2.04937838181924e-05	-3.91562603722733	-5.51562603722733	-4.75065284550818	-4.74743932479705
2.05081832828997e-05	-3.91574642061432	-5.51574642061432	-4.75065284530771	-4.74743932464131
2.05231254391918e-05	-3.91587134104851	-5.51587134104851	-4.75065284508312	-4.74743932446261
2.05386269914657e-05	-3.91600093818315	-5.51600093818315	-4.75065284483174	-4.74743932425823
2.05547049939331e-05	-3.91613535459601	-5.51613535459601	-4.75065284455058	-4.74743932402521
2.05713768510734e-05	-3.91627473579322	-5.51627473579322	-4.75065284423636	-4.74743932376026
2.05886603177581e-05	-3.91641923021025	-5.51641923021025	-4.75065284388549	-4.74743932345976
2.0606573499035e-05	-3.91656898921017	-5.51656898921017	-4.750652843494	-4.74743932311973
2.06251348495597e-05	-3.91672416707884	-5.51672416707884	-4.75065284305752	-4.7474393227358
2.0644363172662e-05	-3.91688492101715	-5.51688492101715	-4.75065284257128	-4.74743932230316
2.06642776190355e-05	-3.91705141113003	-5.51705141113003	-4.75065284203003	-4.74743932181656
2.06848976850381e-05	-3.91722380041226	-5.51722380041226	-4.75065284142801	-4.7474393212702
2.07062432105915e-05	-3.91740225473091	-5.51740225473091	-4.75065284075895	-4.74743932065778
2.07283343766687e-05	-3.91758694280432	-5.51758694280432	-4.75065284001593	-4.74743931997238
2.07511917023567e-05	-3.91777803617757	-5.51777803617758	-4.75065283919145	-4.74743931920643
2.07748360414851e-05	-3.91797570919427	-5.51797570919427	-4.75065283827728	-4.74743931835168
2.07992885788073e-05	-3.91818013896463	-5.51818013896463	-4.75065283726446	-4.74743931739914
2.08245708257256e-05	-3.91839150532974	-5.51839150532974	-4.75065283614321	-4.74743931633898
2.08507046155485e-05	-3.91860999082193	-5.51860999082193	-4.75065283490287	-4.74743931516051
2.08777120982709e-05	-3.91883578062109	-5.51883578062109	-4.75065283353188	-4.74743931385211
2.09056157348665e-05	-3.91906906250698	-5.51906906250698	-4.75065283201763	-4.74743931240114
2.09344382910846e-05	-3.91931002680738	-5.51931002680738	-4.75065283034645	-4.74743931079387
2.09642028307405e-05	-3.91955886634197	-5.51955886634197	-4.75065282850348	-4.7474393090154
2.09949327084928e-05	-3.91981577636195	-5.51981577636195	-4.75065282647263	-4.74743930704959
2.10266515620986e-05	-3.92008095448531	-5.52008095448531	-4.75065282423646	-4.74743930487896
2.10593833041388e-05	-3.92035460062766	-5.52035460062766	-4.7506528217761	-4.74743930248458
2.10931521132083e-05	-3.92063691692851	-5.52063691692851	-4.75065281907113	-4.74743929984599
2.11279824245622e-05	-3.92092810767317	-5.52092810767317	-4.7506528160995	-4.74743929694109
2.11638989202146e-05	-3.92122837920988	-5.52122837920988	-4.75065281283741	-4.74743929374604
2.12009265184832e-05	-3.92153793986247	-5.52153793986247	-4.75065280925919	-4.74743929023513
2.12390903629766e-05	-3.92185699983825	-5.52185699983825	-4.75065280533718	-4.74743928638066
2.12784158110182e-05	-3.92218577113124	-5.52218577113124	-4.7506528010416	-4.74743928215283
2.13189284215071e-05	-3.9225244674207	-5.5225244674207	-4.75065279634042	-4.74743927751959
2.13606539422099e-05	-3.92287330396486	-5.52287330396486	-4.75065279119925	-4.74743927244652
2.14036182964849e-05	-3.92323249748994	-5.52323249748994	-4.75065278558113	-4.74743926689666
2.14478475694351e-05	-3.92360226607441	-5.52360226607441	-4.75065277944644	-4.74743926083039
2.14933679934928e-05	-3.92398282902843	-5.52398282902843	-4.75065277275273	-4.74743925420528
2.15402059334345e-05	-3.92437440676861	-5.52437440676861	-4.75065276545454	-4.74743924697589
2.15883878708286e-05	-3.92477722068796	-5.52477722068796	-4.75065275750326	-4.74743923909366
2.16379403879183e-05	-3.92519149302117	-5.52519149302117	-4.75065274884693	-4.7474392305067
2.16888901509443e-05	-3.92561744670515	-5.52561744670515	-4.7506527394301	-4.74743922115961
2.17412638929091e-05	-3.92605530523499	-5.52605530523499	-4.75065272919362	-4.74743921099336
2.17950883957914e-05	-3.9265052925152	-5.5265052925152	-4.75065271807445	-4.74743919994503
2.18503904722146e-05	-3.9269676327065	-5.5269676327065	-4.7506527060055	-4.74743918794768
2.19071969465777e-05	-3.92744255006807	-5.52744255006808	-4.75065269291541	-4.74743917493012
2.19655346356568e-05	-3.92793026879536	-5.52793026879536	-4.75065267872837	-4.74743916081674
2.20254303286864e-05	-3.92843101285353	-5.52843101285353	-4.75065266336388	-4.7474391455273
2.20869107669306e-05	-3.92894500580674	-5.52894500580674	-4.75065264673662	-4.74743912897673
2.21500026227562e-05	-3.92947247064312	-5.52947247064312	-4.75065262875617	-4.74743911107493
2.22147324782192e-05	-3.9300136295958	-5.5300136295958	-4.75065260932685	-4.74743909172657
2.22811268031788e-05	-3.93056870395989	-5.53056870395989	-4.75065258834748	-4.74743907083086
2.23492119329532e-05	-3.93113791390571	-5.53113791390571	-4.75065256571121	-4.7474390482814
2.24190140455325e-05	-3.93172147828829	-5.53172147828829	-4.75065254130528	-4.74743902396592
2.24905591383653e-05	-3.93231961445327	-5.53231961445327	-4.75065251501082	-4.7474389977661
2.25638730047374e-05	-3.93293253803944	-5.53293253803944	-4.75065248670268	-4.74743896955737
2.26389812097595e-05	-3.93356046277797	-5.53356046277797	-4.75065245624919	-4.74743893920873
2.27159090659857e-05	-3.93420360028861	-5.53420360028862	-4.75065242351198	-4.74743890658253
2.2794681608682e-05	-3.9348621598729	-5.53486215987291	-4.7506523883458	-4.74743887153429
2.28753235707672e-05	-3.93553634830468	-5.53553634830468	-4.75065235059832	-4.74743883391254
2.29578593574484e-05	-3.93622636961801	-5.53622636961801	-4.75065231010998	-4.74743879355863
2.30423130205763e-05	-3.93693242489283	-5.53693242489283	-4.75065226671379	-4.74743875030658
2.31287082327429e-05	-3.93765471203834	-5.53765471203834	-4.75065222023524	-4.74743870398292
2.32170682611487e-05	-3.93839342557459	-5.53839342557459	-4.75065217049206	-4.74743865440653
2.33074159412662e-05	-3.93914875641226	-5.53914875641226	-4.75065211729417	-4.74743860138855
2.33997736503257e-05	-3.93992089163098	-5.53992089163098	-4.75065206044355	-4.74743854473225
2.3494163280654e-05	-3.94071001425648	-5.54071001425648	-4.75065199973411	-4.74743848423292
2.3590606212893e-05	-3.94151630303667	-5.54151630303667	-4.75065193495163	-4.74743841967782
2.36891232891305e-05	-3.94233993221699	-5.54233993221699	-4.75065186587371	-4.74743835084607
2.37897347859717e-05	-3.94318107131529	-5.54318107131529	-4.75065179226971	-4.74743827750866
2.38924603875852e-05	-3.9440398848965	-5.54403988489651	-4.75065171390071	-4.74743819942838
2.39973191587551e-05	-3.94491653234734	-5.54491653234734	-4.75065163051957	-4.74743811635989
2.41043295179715e-05	-3.94581116765132	-5.54581116765132	-4.75065154187091	-4.74743802804965
2.4213509210594e-05	-3.9467239391644	-5.5467239391644	-4.75065144769118	-4.74743793423607
2.43248752821222e-05	-3.94765498939154	-5.54765498939154	-4.75065134770874	-4.74743783464953
2.44384440516082e-05	-3.94860445476438	-5.54860445476438	-4.750651241644	-4.74743772901253
2.45542310852456e-05	-3.94957246542048	-5.54957246542048	-4.75065112920952	-4.74743761703978
2.46722511701723e-05	-3.95055914498428	-5.55055914498428	-4.75065101011022	-4.74743749843841
2.47925182885212e-05	-3.95156461035016	-5.55156461035016	-4.75065088404355	-4.74743737290817
2.49150455917577e-05	-3.9525889714679	-5.5525889714679	-4.7506507506998	-4.74743724014167
2.50398453753383e-05	-3.95363233113081	-5.55363233113081	-4.75065060976231	-4.74743709982461
2.51669290537296e-05	-3.95469478476689	-5.55469478476689	-4.75065046090783	-4.74743695163616
2.5296307135823e-05	-3.9557764202333	-5.5557764202333	-4.75065030380686	-4.74743679524925
2.54279892007839e-05	-3.95687731761443	-5.55687731761443	-4.75065013812405	-4.74743663033098
2.55619838743714e-05	-3.95799754902393	-5.55799754902393	-4.75064996351862	-4.74743645654303
2.56982988057672e-05	-3.95913717841102	-5.55913717841102	-4.75064977964483	-4.74743627354215
2.58369406449498e-05	-3.9602962613713	-5.5602962613713	-4.75064958615253	-4.74743608098062
2.59779150206513e-05	-3.96147484496248	-5.56147484496248	-4.75064938268766	-4.74743587850682
2.61212265189346e-05	-3.96267296752528	-5.56267296752528	-4.75064916889287	-4.74743566576579
2.62668786624265e-05	-3.9638906585098	-5.5638906585098	-4.75064894440815	-4.74743544239988
2.64148738902436e-05	-3.96512793830771	-5.56512793830772	-4.75064870887149	-4.74743520804938
2.65652135386464e-05	-3.96638481809051	-5.56638481809051	-4.75064846191962	-4.74743496235324
2.67178978224577e-05	-3.96766129965418	-5.56766129965418	-4.75064820318873	-4.7474347049498
2.68729258172792e-05	-3.96895737527049	-5.56895737527049	-4.75064793231527	-4.74743443547757
2.70302954425414e-05	-3.97027302754532	-5.57027302754532	-4.75064764893676	-4.74743415357604
2.719000344542e-05	-3.9716082292842	-5.5716082292842	-4.75064735269269	-4.74743385888651
2.73520453856509e-05	-3.97296294336533	-5.57296294336533	-4.75064704322536	-4.74743355105302
2.75164156212772e-05	-3.97433712262042	-5.57433712262042	-4.75064672018084	-4.74743322972321
2.76831072953578e-05	-3.97573070972363	-5.57573070972363	-4.75064638320988	-4.74743289454929
2.78521123236688e-05	-3.97714363708866	-5.57714363708866	-4.75064603196897	-4.74743254518902
2.80234213834261e-05	-3.97857582677454	-5.57857582677454	-4.75064566612126	-4.74743218130669
2.81970239030578e-05	-3.98002719040009	-5.58002719040009	-4.75064528533763	-4.74743180257417
2.8372908053053e-05	-3.98149762906744	-5.58149762906744	-4.75064488929774	-4.7474314086719
2.85510607379121e-05	-3.98298703329468	-5.58298703329468	-4.75064447769107	-4.74743099929002
2.87314675892243e-05	-3.98449528295807	-5.58449528295807	-4.75064405021802	-4.74743057412937
2.89141129598946e-05	-3.98602224724367	-5.58602224724367	-4.75064360659098	-4.74743013290264
2.90989799195415e-05	-3.98756778460897	-5.58756778460897	-4.75064314653543	-4.74742967533542
2.92860502510869e-05	-3.98913174275431	-5.58913174275431	-4.75064266979103	-4.74742920116731
2.94753044485559e-05	-3.9907139586045	-5.5907139586045	-4.75064217611271	-4.747428710153
2.96667217161047e-05	-3.99231425830071	-5.59231425830071	-4.75064166527176	-4.7474282020634
2.98602799682912e-05	-3.99393245720273	-5.59393245720273	-4.7506411370569	-4.74742767668667
3.00559558316029e-05	-3.99556835990172	-5.59556835990172	-4.75064059127535	-4.74742713382931
3.02537246472553e-05	-3.99722176024362	-5.59722176024362	-4.75064002775389	-4.74742657331722
3.04535604752692e-05	-3.99889244136327	-5.59889244136327	-4.75063944633981	-4.7474259949967
3.06554360998386e-05	-4.00058017572921	-5.60058017572921	-4.75063884690201	-4.7474253987355
3.08593230359935e-05	-4.00228472519947	-5.60228472519947	-4.75063822933186	-4.74742478442372
3.10651915375659e-05	-4.0040058410881	-5.6040058410881	-4.75063759354419	-4.7474241519748
3.12730106064588e-05	-4.00574326424269	-5.60574326424269	-4.75063693947815	-4.74742350132638
3.14827480032239e-05	-4.00749672513281	-5.60749672513281	-4.75063626709803	-4.74742283244117
3.16943702589441e-05	-4.00926594394934	-5.60926594394934	-4.75063557639408	-4.74742214530772
3.19078426884207e-05	-4.01105063071472	-5.61105063071472	-4.75063486738324	-4.7474214399412
3.21231294046606e-05	-4.01285048540406	-5.61285048540406	-4.75063414010979	-4.74742071638405
3.23401933346571e-05	-4.01466519807709	-5.61466519807709	-4.75063339464598	-4.7474199747066
3.25589962364568e-05	-4.01649444902081	-5.61649444902081	-4.75063263109259	-4.74741921500769
3.27794987175023e-05	-4.01833790890288	-5.61833790890288	-4.75063184957939	-4.74741843741505
3.30016602542393e-05	-4.02019523893552	-5.62019523893553	-4.75063105026552	-4.74741764208581
3.32254392129732e-05	-4.02206609104989	-5.62206609104989	-4.7506302333399	-4.74741682920678
3.34507928719611e-05	-4.02395010808075	-5.62395010808075	-4.75062939902137	-4.74741599899472
3.36776774447197e-05	-4.02584692396136	-5.62584692396136	-4.75062854755895	-4.74741515169653
3.39060481045315e-05	-4.02775616392835	-5.62775616392835	-4.75062767923186	-4.74741428758929
3.41358590101256e-05	-4.02967744473639	-5.62967744473639	-4.75062679434955	-4.74741340698032
3.4367063332512e-05	-4.03161037488257	-5.63161037488257	-4.75062589325158	-4.74741251020705
3.4599613282943e-05	-4.03355455484015	-5.63355455484015	-4.75062497630747	-4.74741159763686
3.48334601419745e-05	-4.03550957730151	-5.63550957730151	-4.75062404391637	-4.74741066966679
3.50685542896001e-05	-4.0374750274301	-5.6374750274301	-4.75062309650676	-4.7474097267232
3.53048452364254e-05	-4.03945048312103	-5.63945048312103	-4.75062213453597	-4.74740876926131
3.55422816558524e-05	-4.04143551527019	-5.64143551527019	-4.75062115848958	-4.74740779776464
3.5780811417239e-05	-4.04342968805143	-5.64342968805143	-4.75062016888086	-4.7474068127444
3.60203816199984e-05	-4.04543255920167	-5.64543255920167	-4.75061916625	-4.74740581473873
3.62609386286027e-05	-4.0474436803135	-5.6474436803135	-4.75061815116327	-4.7474048043119
3.65024281084502e-05	-4.0494625971351	-5.6494625971351	-4.75061712421216	-4.74740378205341
3.67447950625587e-05	-4.05148884987694	-5.65148884987694	-4.75061608601235	-4.74740274857696
3.69879838690426e-05	-4.05352197352515	-5.65352197352515	-4.75061503720267	-4.74740170451945
3.72319383193312e-05	-4.05556149816102	-5.65556149816102	-4.75061397844393	-4.74740065053977
3.74766016570859e-05	-4.05760694928634	-5.65760694928634	-4.75061291041767	-4.74739958731759
3.77219166177687e-05	-4.05965784815421	-5.65965784815421	-4.7506118338249	-4.74739851555205
3.796782546882e-05	-4.06171371210497	-5.66171371210497	-4.75061074938472	-4.74739743596042
3.82142700503945e-05	-4.06377405490673	-5.66377405490673	-4.75060965783288	-4.74739634927662
3.8461191816611e-05	-4.06583838710022	-5.66583838710022	-4.75060855992026	-4.74739525624979
3.87085318772648e-05	-4.06790621634754	-5.66790621634754	-4.75060745641141	-4.74739415764269
3.89562310399549e-05	-4.06997704778438	-5.66997704778438	-4.75060634808285	-4.74739305423013
3.92042298525741e-05	-4.07205038437516	-5.67205038437516	-4.75060523572152	-4.74739194679732
3.94524686461131e-05	-4.074125727271	-5.674125727271	-4.75060412012305	-4.74739083613822
3.97008875777254e-05	-4.07620257616966	-5.67620257616966	-4.75060300209008	-4.74738972305381
3.99494266740029e-05	-4.07828042967737	-5.67828042967737	-4.75060188243053	-4.74738860835036
4.01980258744084e-05	-4.08035878567197	-5.68035878567197	-4.75060076195583	-4.7473874928377
4.04466250748138e-05	-4.08243714166683	-5.68243714166683	-4.75059964147918	-4.74738637732742
4.06951641710913e-05	-4.08451499517535	-5.68451499517535	-4.75059852181378	-4.74738526263112
4.09435831027036e-05	-4.08659184407536	-5.68659184407536	-4.75059740377101	-4.74738414955867
4.11918218962426e-05	-4.08866718697309	-5.68866718697309	-4.75059628815875	-4.74738303891637
4.14398207088618e-05	-4.09074052356633	-5.69074052356633	-4.75059517577957	-4.74738193150528
4.16875198715519e-05	-4.09281135500619	-5.69281135500619	-4.75059406742901	-4.74738082811944
4.19348599322057e-05	-4.09487918425714	-5.69487918425714	-4.75059296389389	-4.74737972954418
4.21817816984222e-05	-4.09694351645486	-5.69694351645486	-4.75059186595062	-4.74737863655443
4.24282262799967e-05	-4.09900385926147	-5.69900385926147	-4.75059077436356	-4.7473775499131
4.2674135131048e-05	-4.10105972321775	-5.70105972321775	-4.75058968988345	-4.74737647036949
4.29194500917308e-05	-4.10311062209182	-5.70311062209182	-4.75058861324583	-4.74737539865772
4.31641134294855e-05	-4.10515607322406	-5.70515607322406	-4.75058754516958	-4.74737433549525
4.34080678797741e-05	-4.1071955978676	-5.7071955978676	-4.75058648635549	-4.74737328158146
4.3651256686258e-05	-4.10922872152428	-5.70922872152428	-4.75058543748483	-4.74737223759626
4.38936236403665e-05	-4.11125497427542	-5.71125497427543	-4.75058439921815	-4.74737120419881
4.4135113120214e-05	-4.1132738911072	-5.7132738911072	-4.75058337219397	-4.74737018202628
4.43756701288183e-05	-4.11528501223014	-5.71528501223015	-4.75058235702766	-4.7473691716927
4.46152403315777e-05	-4.11728788339247	-5.71728788339247	-4.75058135431036	-4.74736817378788
4.48537700929643e-05	-4.11928205618684	-5.71928205618685	-4.750580364608	-4.74736718887643
4.50912065123913e-05	-4.12126708835023	-5.72126708835023	-4.7505793884604	-4.74736621749684
4.53274974592166e-05	-4.12324254405656	-5.72324254405656	-4.75057842638041	-4.74736526016071
4.55625916068422e-05	-4.12520799420177	-5.72520799420177	-4.75057747885324	-4.74736431735194
4.57964384658737e-05	-4.12716301668106	-5.72716301668106	-4.75057654633577	-4.74736338952616
4.60289884163047e-05	-4.12910719665794	-5.72910719665794	-4.75057562925604	-4.74736247711014
4.62601927386911e-05	-4.13104012682488	-5.73104012682488	-4.75057472801276	-4.74736158050136
4.64900036442852e-05	-4.13296140765522	-5.73296140765522	-4.75057384297498	-4.74736070006765
4.6718374304097e-05	-4.13487064764613	-5.73487064764613	-4.75057297448179	-4.74735983614686
4.69452588768556e-05	-4.13676746355239	-5.73676746355239	-4.75057212284215	-4.74735898904677
4.71706125358435e-05	-4.1386514806107	-5.7386514806107	-4.75057128833479	-4.74735815904493
4.73943914945774e-05	-4.14052233275443	-5.74052233275443	-4.75057047120824	-4.74735734638869
4.76165530313144e-05	-4.14237966281845	-5.74237966281845	-4.75056967168087	-4.74735655129526
4.78370555123599e-05	-4.14422312273402	-5.74422312273402	-4.75056888994108	-4.74735577395189
4.80558584141596e-05	-4.14605237371345	-5.74605237371346	-4.75056812614754	-4.74735501451616
4.82729223441561e-05	-4.14786708642453	-5.74786708642453	-4.75056738042956	-4.74735427311623
4.8488209060396e-05	-4.14966694115438	-5.74966694115438	-4.75056665288744	-4.74735354985133
4.87016814898726e-05	-4.15145162796284	-5.75145162796284	-4.75056594359298	-4.7473528447922
4.89133037455928e-05	-4.15322084682515	-5.75322084682515	-4.75056525259006	-4.74735215798164
4.91230411423579e-05	-4.15497430776386	-5.75497430776386	-4.75056457989519	-4.74735148943514
4.93308602112508e-05	-4.15671173096997	-5.75671173096998	-4.75056392549826	-4.74735083914157
4.95367287128232e-05	-4.1584328469132	-5.7584328469132	-4.75056328936322	-4.7473502070639
4.97406156489781e-05	-4.16013739644124	-5.76013739644125	-4.75056267142892	-4.74734959313998
4.99424912735475e-05	-4.16182513086831	-5.76182513086831	-4.75056207160992	-4.74734899728344
5.01423271015614e-05	-4.16349581205253	-5.76349581205253	-4.75056148979738	-4.74734841938451
5.03400959172138e-05	-4.16514921246261	-5.76514921246261	-4.75056092586	-4.74734785931101
5.05357717805255e-05	-4.16678511523349	-5.76678511523349	-4.75056037964499	-4.74734731690924
5.0729330032712e-05	-4.16840331421126	-5.76840331421126	-4.75055985097905	-4.74734679200508
5.09207473002608e-05	-4.1700036139872	-5.7700036139872	-4.75055933966938	-4.74734628440491
5.11100014977298e-05	-4.17158582992124	-5.77158582992124	-4.75055884550478	-4.74734579389672
5.12970718292752e-05	-4.17314978815466	-5.77314978815466	-4.75055836825664	-4.74734532025117
5.14819387889221e-05	-4.17469532561242	-5.77469532561242	-4.75055790768009	-4.74734486322265
5.16645841595924e-05	-4.17622228999497	-5.77622228999497	-4.75055746351503	-4.74734442255038
5.18449910109047e-05	-4.17773053975991	-5.77773053975991	-4.75055703548727	-4.7473439979595
5.20231436957637e-05	-4.17921994409344	-5.77921994409344	-4.75055662330957	-4.74734358916216
5.21990278457589e-05	-4.1806903828719	-5.7806903828719	-4.7505562266828	-4.74734319585863
5.23726303653906e-05	-4.18214174661351	-5.78214174661351	-4.75055584529696	-4.74734281773837
5.25439394251479e-05	-4.18357393642049	-5.78357393642049	-4.75055547883229	-4.74734245448113
5.27129444534589e-05	-4.18498686391175	-5.78498686391175	-4.75055512696032	-4.74734210575796
5.28796361275395e-05	-4.1863804511464	-5.7863804511464	-4.75055478934493	-4.74734177123231
5.30440063631658e-05	-4.18775463053825	-5.78775463053826	-4.75055446564334	-4.74734145056104
5.32060483033967e-05	-4.18910934476151	-5.78910934476151	-4.75055415550717	-4.74734114339542
5.33657563062753e-05	-4.19044454664795	-5.79044454664795	-4.75055385858333	-4.74734084938207
5.35231259315376e-05	-4.19176019907585	-5.79176019907585	-4.75055357451507	-4.74734056816399
5.3678153926359e-05	-4.19305627485075	-5.79305627485075	-4.75055330294282	-4.74734029938142
5.38308382101703e-05	-4.19433275657858	-5.79433275657859	-4.7505530435051	-4.74734004267273
5.39811778585731e-05	-4.19558963653115	-5.79558963653115	-4.75055279583939	-4.7473397976753
5.41291730863902e-05	-4.19682691650445	-5.79682691650445	-4.75055255958295	-4.74733956402632
5.42748252298821e-05	-4.19804460766997	-5.79804460766997	-4.75055233437356	-4.74733934136359
5.44181367281654e-05	-4.19924273041938	-5.79924273041938	-4.75055211985032	-4.74733912932622
5.45591111038669e-05	-4.20042131420277	-5.80042131420277	-4.75055191565429	-4.7473389275554
5.46977529430495e-05	-4.20158039736082	-5.80158039736082	-4.75055172142924	-4.74733873569503
5.48340678744453e-05	-4.2027200269512	-5.8027200269512	-4.75055153682221	-4.74733855339234
5.49680625480328e-05	-4.20384025856946	-5.80384025856947	-4.75055136148411	-4.74733838029849
5.50997446129937e-05	-4.20494115616475	-5.80494115616476	-4.75055119507028	-4.74733821606911
5.52291226950871e-05	-4.20602279185065	-5.80602279185065	-4.750551037241	-4.74733806036483
5.53562063734784e-05	-4.20708524571147	-5.80708524571147	-4.75055088766196	-4.74733791285171
5.5481006157059e-05	-4.20812860560424	-5.80812860560424	-4.75055074600463	-4.74733777320169
5.56035334602955e-05	-4.20915296695686	-5.80915296695686	-4.75055061194676	-4.74733764109298
5.57238005786444e-05	-4.21015843256253	-5.81015843256253	-4.75055048517261	-4.74733751621038
5.58418206635711e-05	-4.21114511237088	-5.81114511237088	-4.75055036537335	-4.74733739824564
5.59576076972086e-05	-4.21211312327614	-5.81211312327614	-4.75055025224731	-4.7473372868977
5.60711764666945e-05	-4.21306258890261	-5.81306258890261	-4.75055014550021	-4.74733718187293
5.61825425382227e-05	-4.21399363938766	-5.81399363938767	-4.75055004484536	-4.74733708288538
5.62917222308452e-05	-4.21490641116278	-5.81490641116278	-4.75054995000388	-4.74733698965687
5.63987325900616e-05	-4.21580104673272	-5.81580104673272	-4.7505498607048	-4.74733690191723
5.65035913612315e-05	-4.21667769445326	-5.81667769445326	-4.75054977668518	-4.74733681940433
5.6606316962845e-05	-4.21753650830771	-5.81753650830771	-4.7505496976902	-4.74733674186419
5.67069284596862e-05	-4.21837764768256	-5.81837764768256	-4.75054962347321	-4.74733666905104
5.68054455359237e-05	-4.21920127714253	-5.81920127714253	-4.75054955379576	-4.74733660072736
5.69018884681628e-05	-4.22000756620526	-5.82000756620526	-4.75054948842762	-4.74733653666383
5.6996278098491e-05	-4.22079668911595	-5.82079668911595	-4.75054942714672	-4.74733647663935
5.70886358075505e-05	-4.22156882462228	-5.82156882462228	-4.75054936973915	-4.74733642044101
5.7178983487668e-05	-4.22232415574972	-5.82232415574972	-4.75054931599908	-4.74733636786397
5.72673435160738e-05	-4.22306286957768	-5.82306286957768	-4.75054926572868	-4.74733631871142
5.73537387282404e-05	-4.22378515701659	-5.82378515701659	-4.75054921873803	-4.7473362727945
5.74381923913683e-05	-4.22449121258624	-5.82449121258624	-4.75054917484499	-4.74733622993211
5.75207281780496e-05	-4.2251812341956	-5.82518123419561	-4.75054913387508	-4.74733618995087
5.76013701401347e-05	-4.22585542292434	-5.82585542292435	-4.75054909566137	-4.74733615268489
5.7680142682831e-05	-4.22651398280629	-5.82651398280629	-4.75054906004428	-4.74733611797569
5.77570705390572e-05	-4.22715712061503	-5.82715712061503	-4.75054902687142	-4.74733608567199
5.78321787440793e-05	-4.22778504565186	-5.82778504565186	-4.75054899599747	-4.74733605562954
5.79054926104514e-05	-4.22839796953626	-5.82839796953626	-4.75054896728393	-4.74733602771096
5.79770377032842e-05	-4.22899610599917	-5.82899610599917	-4.750548940599	-4.74733600178552
5.80468398158635e-05	-4.22957967067915	-5.82957967067915	-4.75054891581733	-4.74733597772898
5.81149249456379e-05	-4.2301488809216	-5.8301488809216	-4.75054889281986	-4.74733595542337
5.81813192705975e-05	-4.2307039555813	-5.8307039555813	-4.75054887149361	-4.74733593475679
5.82460491260605e-05	-4.23124511482835	-5.83124511482835	-4.75054885173146	-4.74733591562319
5.83091409818861e-05	-4.23177257995766	-5.83177257995766	-4.75054883343198	-4.74733589792221
5.83706214201303e-05	-4.23228657320211	-5.83228657320211	-4.7505488164992	-4.74733588155893
5.84305171131599e-05	-4.23278731754965	-5.83278731754965	-4.7505488008424	-4.74733586644368
5.8488854802239e-05	-4.23327503656421	-5.83327503656421	-4.75054878637593	-4.74733585249182
5.85456612766021e-05	-4.23374995421077	-5.83374995421077	-4.75054877301899	-4.74733583962356
5.86009633530253e-05	-4.2342122946846	-5.8342122946846	-4.75054876069541	-4.74733582776375
5.86547878559076e-05	-4.23466228224467	-5.83466228224467	-4.75054874933349	-4.74733581684164
5.87071615978724e-05	-4.23510014105154	-5.83510014105154	-4.7505487388658	-4.74733580679076
5.87581113608984e-05	-4.23552609500957	-5.83552609500957	-4.75054872922893	-4.74733579754866
5.88076638779882e-05	-4.23594036761367	-5.83594036761367	-4.75054872036338	-4.74733578905673
5.88558458153822e-05	-4.23634318180062	-5.83634318180062	-4.75054871221333	-4.74733578126006
5.89026837553239e-05	-4.23673475980496	-5.83673475980496	-4.75054870472647	-4.7473357741072
5.89482041793816e-05	-4.23711532301958	-5.83711532301958	-4.75054869785381	-4.74733576755002
5.89924334523318e-05	-4.23748509186095	-5.83748509186095	-4.75054869154955	-4.74733576154355
5.90353978066068e-05	-4.23784428563913	-5.83784428563914	-4.75054868577086	-4.74733575604577
5.90771233273096e-05	-4.23819312243248	-5.83819312243248	-4.75054868047778	-4.74733575101749
5.91176359377985e-05	-4.23853181896712	-5.83853181896712	-4.75054867563301	-4.74733574642216
5.91569613858402e-05	-4.23886059050121	-5.83886059050121	-4.75054867120179	-4.74733574222578
5.91951252303335e-05	-4.23917965071391	-5.83917965071391	-4.75054866715176	-4.74733573839668
5.92321528286021e-05	-4.23948921159918	-5.83948921159918	-4.75054866345282	-4.74733573490545
5.92680693242545e-05	-4.23978948336426	-5.83978948336426	-4.75054866007698	-4.74733573172475
5.93028996356084e-05	-4.24008067433293	-5.84008067433293	-4.75054865699825	-4.74733572882924
5.93366684446779e-05	-4.2403629908534	-5.8403629908534	-4.75054865419252	-4.74733572619543
5.93694001867181e-05	-4.24063663721091	-5.84063663721091	-4.75054865163743	-4.74733572380154
5.94011190403239e-05	-4.24090181554497	-5.84090181554497	-4.75054864931228	-4.74733572162744
5.94318489180763e-05	-4.24115872577114	-5.84115872577115	-4.75054864719792	-4.74733571965452
5.94616134577321e-05	-4.24140756550741	-5.84140756550741	-4.75054864527662	-4.74733571786559
5.94904360139502e-05	-4.24164853000497	-5.84164853000497	-4.75054864353202	-4.74733571624477
5.95183396505458e-05	-4.24188181208349	-5.84188181208349	-4.75054864194903	-4.74733571477746
5.95453471332682e-05	-4.24210760207075	-5.84210760207075	-4.75054864051371	-4.74733571345018
5.95714809230911e-05	-4.24232608774653	-5.84232608774653	-4.75054863921324	-4.74733571225053
5.95967631700094e-05	-4.24253745429074	-5.84253745429074	-4.75054863803579	-4.74733571116712
5.96212157073316e-05	-4.24274188423571	-5.84274188423571	-4.7505486369705	-4.74733571018948
5.964486004646e-05	-4.24293955742257	-5.84293955742257	-4.75054863600739	-4.747335709308
5.9667717372148e-05	-4.24313065096155	-5.84313065096155	-4.75054863513729	-4.74733570851389
5.96898085382252e-05	-4.24331533919632	-5.84331533919632	-4.75054863435178	-4.74733570779906
5.97111540637786e-05	-4.24349379367197	-5.84349379367197	-4.75054863364316	-4.74733570715613
5.97317741297812e-05	-4.2436661831069	-5.8436661831069	-4.75054863300437	-4.74733570657835
5.97516885761547e-05	-4.24383267336822	-5.84383267336822	-4.75054863242893	-4.74733570605956
5.9770916899257e-05	-4.24399342745077	-5.84399342745077	-4.75054863191095	-4.74733570559412
5.97894782497817e-05	-4.24414860545953	-5.84414860545954	-4.75054863144501	-4.74733570517689
5.98073914310586e-05	-4.24429836459545	-5.84429836459545	-4.75054863102621	-4.74733570480319
5.98246748977433e-05	-4.24444285914445	-5.84444285914445	-4.75054863065004	-4.74733570446878
5.98413467548836e-05	-4.24458224046965	-5.84458224046965	-4.75054863031241	-4.74733570416977
5.9857424757351e-05	-4.24471665700661	-5.84471665700661	-4.75054863000959	-4.74733570390264
5.98729263096249e-05	-4.2448462542615	-5.8448462542615	-4.75054862973819	-4.74733570366421
5.9887868465917e-05	-4.24497117481218	-5.84497117481218	-4.75054862949512	-4.74733570345156
5.99022679306243e-05	-4.24509155831197	-5.84509155831197	-4.75054862927758	-4.74733570326209
5.99161410590975e-05	-4.24520754149604	-5.84520754149604	-4.75054862908304	-4.74733570309341
5.9929503858713e-05	-4.24531925819044	-5.84531925819044	-4.75054862890919	-4.74733570294336
5.99423719902363e-05	-4.24542683932344	-5.84542683932344	-4.75054862875394	-4.74733570281002
5.99547607694635e-05	-4.24553041293927	-5.84553041293927	-4.7505486286154	-4.74733570269162
5.99666851691303e-05	-4.2456301042141	-5.8456301042141	-4.75054862849186	-4.74733570258658
5.99781598210748e-05	-4.2457260354741	-5.8457260354741	-4.75054862838178	-4.74733570249349
5.9989199018643e-05	-4.24581832621555	-5.84581832621555	-4.75054862828377	-4.74733570241104
5.99998167193247e-05	-4.24590709312688	-5.84590709312688	-4.75054862819655	-4.7473357023381
6.00100265476075e-05	-4.24599245011254	-5.84599245011254	-4.75054862811901	-4.74733570227361
6.00198417980384e-05	-4.24607450831858	-5.84607450831858	-4.75054862805012	-4.74733570221667
6.00292754384799e-05	-4.24615337615989	-5.8461533761599	-4.75054862798895	-4.74733570216641
6.00383401135511e-05	-4.24622915934896	-5.84622915934896	-4.75054862793468	-4.74733570212211
6.004704814824e-05	-4.24630196092607	-5.84630196092607	-4.75054862788657	-4.74733570208309
6.00554115516793e-05	-4.24637188129085	-5.84637188129085	-4.75054862784395	-4.74733570204874
6.00634420210712e-05	-4.24643901823513	-5.84643901823513	-4.75054862780622	-4.74733570201855
6.00711509457544e-05	-4.24650346697691	-5.84650346697691	-4.75054862777284	-4.74733570199202
6.00785494113991e-05	-4.24656532019544	-5.84656532019545	-4.75054862774334	-4.74733570196873
6.00856482043233e-05	-4.24662466806731	-5.84662466806731	-4.75054862771727	-4.74733570194831
6.00924578159183e-05	-4.24668159830342	-5.84668159830342	-4.75054862769427	-4.74733570193041
6.00989884471737e-05	-4.24673619618687	-5.84673619618687	-4.75054862767397	-4.74733570191474
6.01052500132947e-05	-4.24678854461148	-5.84678854461148	-4.75054862765609	-4.74733570190103
6.01112521483992e-05	-4.24683872412114	-5.84683872412114	-4.75054862764033	-4.74733570188904
6.01170042102887e-05	-4.24688681294964	-5.84688681294964	-4.75054862762647	-4.74733570187857
6.01225152852831e-05	-4.24693288706113	-5.84693288706113	-4.75054862761427	-4.74733570186943
6.01277941931102e-05	-4.24697702019095	-5.84697702019095	-4.75054862760356	-4.74733570186145
6.01328494918441e-05	-4.24701928388696	-5.84701928388696	-4.75054862759414	-4.74733570185449
6.0137689482882e-05	-4.24705974755113	-5.84705974755113	-4.75054862758588	-4.74733570184842
6.01423222159538e-05	-4.24709847848142	-5.84709847848142	-4.75054862757864	-4.74733570184314
6.01467554941562e-05	-4.24713554191387	-5.84713554191387	-4.75054862757229	-4.74733570183853
6.01509968790052e-05	-4.24717100106484	-5.84717100106485	-4.75054862756673	-4.74733570183452
6.01550536954986e-05	-4.24720491717334	-5.84720491717334	-4.75054862756187	-4.74733570183103
6.0158933037184e-05	-4.24723734954337	-5.84723734954337	-4.75054862755762	-4.74733570182799
6.01626417712249e-05	-4.24726835558632	-5.84726835558632	-4.7505486275539	-4.74733570182534
6.01661865434591e-05	-4.24729799086322	-5.84729799086322	-4.75054862755066	-4.74733570182303
6.01695737834446e-05	-4.24732630912696	-5.84732630912696	-4.75054862754782	-4.74733570182102
6.01728097094855e-05	-4.24735336236428	-5.84735336236428	-4.75054862754536	-4.74733570181926
6.01759003336365e-05	-4.2473792008376	-5.84737920083761	-4.75054862754321	-4.74733570181773
6.01788514666764e-05	-4.24740387312666	-5.84740387312666	-4.75054862754133	-4.74733570181638
6.01816687230502e-05	-4.24742742616975	-5.84742742616975	-4.75054862753971	-4.74733570181521
6.01843575257735e-05	-4.24744990530479	-5.84744990530479	-4.75054862753829	-4.74733570181417
6.01869231112941e-05	-4.24747135430993	-5.84747135430993	-4.75054862753706	-4.74733570181326
6.01893705343101e-05	-4.24749181544384	-5.84749181544384	-4.75054862753599	-4.74733570181246
6.01917046725373e-05	-4.24751132948556	-5.84751132948556	-4.75054862753507	-4.74733570181175
6.01939302314252e-05	-4.24752993577397	-5.84752993577397	-4.75054862753426	-4.74733570181112
6.01960517488167e-05	-4.24754767224668	-5.84754767224668	-4.75054862753357	-4.74733570181056
6.01980735995503e-05	-4.24756457547855	-5.84756457547855	-4.75054862753297	-4.74733570181006
6.02e-05	-4.24758068071963	-5.84758068071964	-4.75054862753244	-4.74733570180961
6.02025e-05	-4.25135164407397	-5.86010164407397	-4.75054191978268	-4.74708194938884
6.0205e-05	-4.25512273388673	-5.87262273388673	-4.75053521135662	-4.74682818908989
6.02075e-05	-4.25889395169288	-5.88514395169289	-4.750528502246	-4.74657442081696
6.021e-05	-4.26266529905544	-5.89766529905545	-4.75052179244244	-4.7463206444725
6.02125e-05	-4.26643677756632	-5.91018677756632	-4.75051508193735	-4.74606685995716
6.0215e-05	-4.2702083888469	-5.92270838884689	-4.75050837072202	-4.74581306716973
6.02175e-05	-4.27398013454883	-5.93523013454882	-4.75050165878756	-4.74555926600712
6.022e-05	-4.27775201635478	-5.94775201635477	-4.75049494612492	-4.7453054563643
6.02225e-05	-4.28152403597921	-5.96027403597922	-4.75048823272487	-4.74505163813424
6.0225e-05	-4.28529619516918	-5.97279619516918	-4.750481518578	-4.74479781120787
6.02275e-05	-4.28906849570517	-5.98531849570517	-4.75047480367474	-4.74454397547406
6.023e-05	-4.29284093940198	-5.99784093940197	-4.75046808800531	-4.7442901308195
6.02325e-05	-4.29661352810957	-6.01036352810956	-4.75046137155976	-4.74403627712869
6.0235e-05	-4.300386263714	-6.02288626371401	-4.75045465432792	-4.74378241428387
6.02375e-05	-4.30415914813836	-6.03540914813836	-4.75044793629944	-4.743528542165
6.024e-05	-4.30793218334377	-6.04793218334377	-4.75044121746376	-4.7432746606496
6.02425e-05	-4.31170537133036	-6.06045537133035	-4.75043449781011	-4.74302076961279
6.0245e-05	-4.31547871413834	-6.07297871413833	-4.75042777732749	-4.74276686892718
6.02475e-05	-4.31925221384907	-6.08550221384908	-4.75042105600469	-4.74251295846278
6.025e-05	-4.32302587258614	-6.09802587258615	-4.75041433383026	-4.74225903808698
6.02525e-05	-4.3267996925166	-6.1105496925166	-4.75040761079254	-4.74200510766445
6.0255e-05	-4.33057367585206	-6.12307367585205	-4.75040088687959	-4.74175116705705
6.02575e-05	-4.33434782485	-6.13559782484999	-4.75039416207925	-4.74149721612381
6.026e-05	-4.33812214181501	-6.14812214181502	-4.75038743637909	-4.74124325472077
6.02625e-05	-4.3418966291001	-6.1606466291001	-4.75038070976643	-4.74098928270096
6.0265e-05	-4.3456712891081	-6.1731712891081	-4.75037398222831	-4.7407352999143
6.02675e-05	-4.34944612429307	-6.18569612429306	-4.75036725375149	-4.74048130620749
6.027e-05	-4.35322113716175	-6.19822113716174	-4.75036052432245	-4.74022730142392
6.02725e-05	-4.3569963302751	-6.21074633027509	-4.75035379392738	-4.73997328540361
6.0275e-05	-4.36077170624989	-6.22327170624989	-4.75034706255214	-4.73971925798308
6.02775e-05	-4.36454726776026	-6.23579726776027	-4.75034033018232	-4.73946521899525
6.028e-05	-4.36832301753955	-6.24832301753955	-4.75033359680316	-4.73921116826933
6.02825e-05	-4.37209895838194	-6.26084895838193	-4.75032686239958	-4.73895710563073
6.0285e-05	-4.37587509314433	-6.27337509314431	-4.75032012695615	-4.73870303090094
6.02875e-05	-4.37965142474824	-6.28590142474825	-4.75031339045709	-4.73844894389737
6.029e-05	-4.38342795618176	-6.29842795618176	-4.75030665288628	-4.73819484443332
6.02925e-05	-4.3872046905016	-6.3109546905016	-4.75029991422719	-4.73794073231773
6.0295e-05	-4.39098163083526	-6.32348163083525	-4.75029317446293	-4.73768660735514
6.02975e-05	-4.39475878038317	-6.33600878038316	-4.75028643357621	-4.7374324693455
6.03e-05	-4.39853614242105	-6.34853614242103	-4.75027969154933	-4.73717831808408
6.03025e-05	-4.40231372030228	-6.36106372030228	-4.75027294836416	-4.73692415336126
6.0305e-05	-4.40609151746037	-6.37359151746037	-4.75026620400213	-4.73666997496237
6.03075e-05	-4.40986953741161	-6.3861195374116	-4.75025945844425	-4.73641578266761
6.031e-05	-4.41364778375772	-6.39864778375771	-4.75025271167102	-4.73616157625179
6.03125e-05	-4.41742626018871	-6.41117626018869	-4.75024596366249	-4.73590735548419
6.0315e-05	-4.42120497048578	-6.42370497048579	-4.75023921439821	-4.73565312012839
6.03175e-05	-4.42498391852439	-6.43623391852439	-4.7502324638572	-4.73539886994206
6.032e-05	-4.42876310827747	-6.44876310827747	-4.75022571201796	-4.73514460467675
6.03225e-05	-4.43254254381876	-6.46129254381876	-4.75021895885845	-4.73489032407769
6.0325e-05	-4.43632222932628	-6.47382222932626	-4.75021220435603	-4.73463602788357
6.03275e-05	-4.44010216908594	-6.48635216908595	-4.75020544848751	-4.73438171582635
6.033e-05	-4.44388236749536	-6.49888236749536	-4.75019869122907	-4.73412738763092
6.03325e-05	-4.44766282906784	-6.51141282906784	-4.75019193255626	-4.73387304301498
6.0335e-05	-4.45144355843648	-6.52394355843647	-4.75018517244396	-4.73361868168869
6.03375e-05	-4.45522456035843	-6.53647456035842	-4.75017841086641	-4.73336430335445
6.034e-05	-4.45900583971949	-6.5490058397195	-4.75017164779711	-4.73310990770659
6.03425e-05	-4.46278740153861	-6.56153740153862	-4.75016488320886	-4.73285549443112
6.0345e-05	-4.46656925097283	-6.57406925097283	-4.75015811707368	-4.73260106320542
6.03475e-05	-4.47035139332216	-6.58660139332215	-4.75015134936283	-4.73234661369797
6.035e-05	-4.47413383403469	-6.59913383403467	-4.75014458004675	-4.73209214556806
6.03525e-05	-4.4779165787117	-6.61166657871169	-4.75013780909505	-4.73183765846558
6.0355e-05	-4.48169963311286	-6.62419963311287	-4.75013103647644	-4.73158315203084
6.03575e-05	-4.48548300316113	-6.63673300316113	-4.75012426215879	-4.73132862589448
6.036e-05	-4.48926669494764	-6.64926669494764	-4.750117486109	-4.73107407967771
6.03625e-05	-4.49305071473585	-6.66180071473584	-4.75011070829306	-4.73081951299286
6.0365e-05	-4.496835068965	-6.67433506896499	-4.75010392867597	-4.73056492544464
6.03675e-05	-4.50061976425225	-6.68686976425226	-4.75009714722176	-4.73031031663278
6.037e-05	-4.50440480739279	-6.69940480739279	-4.7500903638935	-4.73005568615707
6.03725e-05	-4.50819020535722	-6.71194020535721	-4.75008357865327	-4.72980103362669
6.0375e-05	-4.51197596528462	-6.72447596528461	-4.75007679146222	-4.72954635867806
6.03775e-05	-4.5157620944697	-6.73701209446968	-4.75007000228066	-4.72929166100865
6.038e-05	-4.51954860034138	-6.74954860034137	-4.75006321106815	-4.72903694044262
6.03825e-05	-4.52333549042932	-6.76208549042932	-4.75005641778365	-4.72878219706122
6.0385e-05	-4.52712277231332	-6.77462277231332	-4.75004962238587	-4.72852743147117
6.03875e-05	-4.53091045354895	-6.78716045354894	-4.75004282483359	-4.72827264538356
6.039e-05	-4.53469854155946	-6.79969854155944	-4.7500360250863	-4.72801784294691
6.03925e-05	-4.53848704348094	-6.81223704348092	-4.75002922310501	-4.72776303412592
6.0395e-05	-4.54227596594192	-6.82477596594193	-4.75002241885343	-4.72750824464558
6.03975e-05	-4.54606531475164	-6.83731531475164	-4.75001561229969	-4.72725355393964
6.04e-05	-4.54985509446108	-6.84985509446108	-4.75000880341868	-4.72699934990019
6.04026298612438e-05	-4.5498971559638	-6.8498971559638	-4.75000880340941	-4.72700147031813
6.04057962056276e-05	-4.54994776208181	-6.84994776208181	-4.75000880339325	-4.72700402762105
6.04095937579626e-05	-4.55000840492326	-6.85000840492326	-4.75000880336544	-4.72700710095925
6.04141307674993e-05	-4.55008078240737	-6.85008078240738	-4.75000880331816	-4.72701078166551
6.04195302970464e-05	-4.55016681488703	-6.85016681488703	-4.75000880323876	-4.72701517478558
6.04259315126824e-05	-4.55026866049572	-6.85026866049572	-4.75000880310704	-4.72702040077035
6.04334909470069e-05	-4.55038872845179	-6.85038872845179	-4.75000880289121	-4.72702659735197
6.0442383704408e-05	-4.55052968942163	-6.85052968942163	-4.75000880254196	-4.72703392163154
6.04528045724544e-05	-4.55069448191295	-6.85069448191295	-4.75000880198395	-4.7270425524129
6.04649689993934e-05	-4.55088631354509	-6.85088631354509	-4.75000880110372	-4.7270526928244
6.0479113894055e-05	-4.55110865593519	-6.85110865593519	-4.75000879973315	-4.7270645732791
6.04954982014158e-05	-4.551365231856	-6.851365231856	-4.75000879762702	-4.72707845483314
6.0514403204874e-05	-4.55165999327681	-6.85165999327681	-4.75000879443364	-4.72709463301089
6.0536132505153e-05	-4.55199708890637	-6.85199708890638	-4.75000878965723	-4.7271134421744
6.05610116258865e-05	-4.55238081993213	-6.85238081993213	-4.7500087826115	-4.72713526052132
6.05893871975408e-05	-4.55281558280921	-6.85281558280921	-4.75000877236427	-4.72716051579976
6.06216256745797e-05	-4.55330579821191	-6.85330579821191	-4.7500087576745	-4.72718969182698
6.06581115458015e-05	-4.5538558256339	-6.8538558256339	-4.75000873692473	-4.72722333589013
6.06992450046713e-05	-4.55446986362274	-6.85446986362274	-4.7500087080543	-4.72726206708729
6.07454390552777e-05	-4.55515183626533	-6.85515183626533	-4.75000866850153	-4.72730658563074
6.07971160402164e-05	-4.55590526730271	-6.85590526730271	-4.750008615166	-4.72735768307771
6.08547035891553e-05	-4.55673314413383	-6.85673314413383	-4.75000854440487	-4.72741625336793
6.0918630000874e-05	-4.55763777494487	-6.85763777494487	-4.75000845207873	-4.72748330442668
6.09893190869422e-05	-4.55862064323575	-6.85862064323576	-4.75000833366259	-4.72755996992793
6.106718452155e-05	-4.55968226505405	-6.85968226505405	-4.75000818443465	-4.72764752059866
6.11526237589246e-05	-4.56082205521682	-6.86082205521682	-4.75000799974943	-4.72774737418046
6.1246011596763e-05	-4.56203820961558	-6.86203820961558	-4.75000777539167	-4.72786110285156
6.13476934806455e-05	-4.56332761125528	-6.86332761125528	-4.75000750799406	-4.72799043656635
6.14579786598834e-05	-4.56468576786498	-6.86468576786498	-4.75000719548676	-4.72813726042159
6.15771333191013e-05	-4.56610678862315	-6.86610678862315	-4.75000683753137	-4.72830360385726
6.17053738214554e-05	-4.56758340666454	-6.86758340666454	-4.75000643588127	-4.72849161931954
6.18428602081776e-05	-4.56910705250507	-6.86910705250507	-4.75000599460638	-4.72870354804373
6.19896901045916e-05	-4.57066798130959	-6.87066798130959	-4.75000552012668	-4.72894167096184
6.21458931844243e-05	-4.57225545407382	-6.87225545407382	-4.75000502101775	-4.72920824349829
6.23114263418038e-05	-4.57385796941864	-6.87385796941864	-4.75000450758003	-4.72950541425177
6.24861697135602e-05	-4.57546353902065	-6.87546353902065	-4.75000399119988	-4.72983512926451
6.26699236832675e-05	-4.57705999603624	-6.87705999603624	-4.75000348356556	-4.73019902564433
6.28624069829386e-05	-4.57863532260125	-6.87863532260125	-4.75000299582986	-4.73059832049551
6.30632559886635e-05	-4.58017798001801	-6.88017798001801	-4.75000253782374	-4.73103370308494
6.3272025283136e-05	-4.5816772239635	-6.8816772239635	-4.75000211741973	-4.73150523950158
6.34881895315124e-05	-4.58312338725418	-6.88312338725418	-4.75000174011984	-4.73201229936112
6.37111466880542e-05	-4.58450811450523	-6.88450811450523	-4.75000140890451	-4.73255351309625
6.39402225203398e-05	-4.58582453633381	-6.88582453633381	-4.75000112433723	-4.73312676601765
6.41746764063815e-05	-4.58706737526126	-6.88706737526126	-4.75000088488114	-4.73372923188402
6.44137083287072e-05	-4.58823298066714	-6.88823298066714	-4.75000068735804	-4.73435744469042
6.4656466959351e-05	-4.58931929542696	-6.88931929542696	-4.75000052747115	-4.73500740344078
6.49020587017047e-05	-4.59032576161128	-6.89032576161128	-4.75000040031802	-4.7356747014722
6.51495575302463e-05	-4.59125317632251	-6.89125317632251	-4.75000030083784	-4.73635466993999
6.53980154481049e-05	-4.59210351106888	-6.89210351106888	-4.7500002241598	-4.73704252457269
6.56464733659634e-05	-4.59287970891537	-6.89287970891538	-4.75000016584124	-4.73773350568244
6.5893972194505e-05	-4.59358547312104	-6.89358547312104	-4.75000012200248	-4.73842300334559
6.61395639368587e-05	-4.59422505934508	-6.89422505934508	-4.75000008937617	-4.73910666219347
6.63823225675025e-05	-4.59480308115332	-6.89480308115332	-4.75000006529398	-4.73978046290746
6.66213544898283e-05	-4.59532433587047	-6.89532433587047	-4.75000004763331	-4.74044077991378
6.68558083758699e-05	-4.59579365514785	-6.89579365514785	-4.75000003474318	-4.74108441667457
6.70848842081555e-05	-4.59621578221106	-6.89621578221106	-4.75000002536372	-4.74170862127046
6.73078413646973e-05	-4.59659527577924	-6.89659527577925	-4.75000001854884	-4.74231108568044
6.75240056130737e-05	-4.59693643917227	-6.89693643917227	-4.75000001359743	-4.74288993237789
6.77327749075462e-05	-4.59724327213657	-6.89724327213657	-4.75000000999541	-4.74344369170744
6.79336239132711e-05	-4.59751944236333	-6.89751944236333	-4.75000000736896	-4.7439712731156
6.81261072129423e-05	-4.59776827345831	-6.89776827345831	-4.75000000544786	-4.74447193279632
6.83098611826495e-05	-4.59799274615903	-6.89799274615903	-4.75000000403751	-4.74494523976722
6.8484604554406e-05	-4.59819550979533	-6.89819550979533	-4.75000000299806	-4.74539104187559
6.86501377117854e-05	-4.59837890128635	-6.89837890128635	-4.75000000222898	-4.74580943277935
6.88063407916182e-05	-4.59854496930721	-6.89854496930721	-4.7500000016579	-4.74620072057431
6.89531706880321e-05	-4.59869550160911	-6.89869550160911	-4.75000000123258	-4.74656539844724
6.90906570747544e-05	-4.59883205381556	-6.89883205381556	-4.75000000091509	-4.74690411751935
6.92188975771084e-05	-4.59895597833553	-6.89895597833553	-4.75000000067778	-4.74721766189623
6.93380522363263e-05	-4.59906845232619	-6.89906845232619	-4.75000000050037	-4.74750692584581
6.94483374155642e-05	-4.59917050390346	-6.89917050390346	-4.75000000036785	-4.74777289297397
6.95500192994467e-05	-4.59926303603621	-6.89926303603621	-4.75000000026906	-4.74801661724661
6.96434071372851e-05	-4.59934684777139	-6.89934684777139	-4.75000000019565	-4.74823920570691
6.97288463746597e-05	-4.59942265261967	-6.89942265261967	-4.75000000014133	-4.74844180275092
6.98067118092675e-05	-4.59949109408562	-6.89949109408562	-4.75000000010136	-4.74862557584485
6.98774008953357e-05	-4.59955275845066	-6.89955275845066	-4.75000000007212	-4.74879170259064
6.99413273070544e-05	-4.59960818501147	-6.89960818501147	-4.75000000005089	-4.74894135906826
6.99989148559933e-05	-4.59965787404309	-6.89965787404309	-4.75000000003559	-4.74907570940108
7.00505918409321e-05	-4.59970229279436	-6.89970229279436	-4.75000000002467	-4.74919589650485
7.00967858915384e-05	-4.59974187983979	-6.8997418798398	-4.75000000001693	-4.74930303398883
7.01379193504082e-05	-4.59977704810759	-6.89977704810759	-4.75000000001151	-4.74939819918174
7.017440522163e-05	-4.59980818688434	-6.89980818688434	-4.75000000000774	-4.74948242725422
7.0206643698669e-05	-4.59983566306713	-6.89983566306713	-4.75000000000516	-4.74955670640539
7.02350192703232e-05	-4.59985982189703	-6.89985982189703	-4.7500000000034	-4.74962197407451
7.02598983910567e-05	-4.59988098736836	-6.89988098736836	-4.75000000000222	-4.74967911413049
7.02816276913357e-05	-4.5998994624687	-6.8998994624687	-4.75000000000143	-4.74972895498289
7.03005326947939e-05	-4.59991552936736	-6.89991552936736	-4.75000000000091	-4.74977226855004
7.03169170021547e-05	-4.59992944963664	-6.89992944963664	-4.75000000000058	-4.74980977001145
7.03310618968163e-05	-4.59994146456142	-6.89994146456142	-4.75000000000036	-4.74984211826581
7.03432263237553e-05	-4.59995179556896	-6.89995179556896	-4.75000000000022	-4.74986991701107
7.03536471918017e-05	-4.59996064479212	-6.89996064479212	-4.75000000000014	-4.7498937163604
7.03625399492028e-05	-4.59996819576478	-6.89996819576478	-4.75000000000008	-4.74991401490701
7.03700993835273e-05	-4.59997461423839	-6.89997461423839	-4.75000000000005	-4.74993126215224
7.03765005991634e-05	-4.59998004910191	-6.89998004910191	-4.75000000000003	-4.74994586121401
7.03819001287104e-05	-4.59998463338334	-6.89998463338334	-4.75000000000002	-4.74995817173763
7.03864371382471e-05	-4.59998848530989	-6.89998848530989	-4.75000000000001	-4.74996851293634
7.03902346905821e-05	-4.59999170940339	-6.89999170940339	-4.75000000000001	-4.7499771666962
7.03934010349659e-05	-4.59999439758944	-6.89999439758944	-4.75	-4.74998438068718
7.03960308962097e-05	-4.5999966303003	-6.8999966303003	-4.75	-4.74999037143032
7.03982067405692e-05	-4.59999847755469	-6.89999847755469	-4.75	-4.74999532727871
7.04e-05	-4.6	-6.9	-4.75	-4.74999941127823
