Position  (cm)	V (V)	n (cm-3)	p (cm-3)
0	0	3.31747052067083	2.08964913019216e+17
2.12151739152832e-09	1.47306958616842e-17	3.31745049223479	2.08964913019216e+17
4.34707627935975e-09	3.01837980319783e-17	3.31742948158269	2.08964913019216e+17
6.68121450657862e-09	4.6390813230417e-17	3.31740744587448	2.08964913019215e+17
9.12863752259283e-09	6.33844144019025e-17	3.31738434068782	2.08964913019215e+17
1.16942230432444e-08	8.11984699805673e-17	3.31736011997404	2.08964913019215e+17
1.43830257664662e-08	9.98680767275108e-17	3.31733473601368	2.08964913019215e+17
1.72002821403399e-08	1.1942959757631e-16	3.31730813937143	2.08964913019215e+17
2.01514151801996e-08	1.39920691228096e-16	3.31728027885067	2.08964913019215e+17
2.32420393311509e-08	1.61381110146667e-16	3.31725110144756	2.08964913019214e+17
2.64779653721458e-08	1.83852116176366e-16	3.31722055230476	2.08964913019214e+17
2.9865205357556e-08	2.07375696016938e-16	3.31718857466476	2.08964913019214e+17
3.34099775918348e-08	2.31995286470322e-16	3.31715510982292	2.08964913019214e+17
3.71187116327228e-08	2.57755810126228e-16	3.31712009708023	2.08964913019214e+17
4.09980533181195e-08	2.84703728669021e-16	3.31708347369588	2.08964913019214e+17
4.50548698114988e-08	3.12887073661179e-16	3.31704517483961	2.08964913019213e+17
4.92962546604839e-08	3.42355485946345e-16	3.31700513354392	2.08964913019213e+17
5.37295328629467e-08	3.73160254781252e-16	3.31696328065632	2.08964913019213e+17
5.83622659346949e-08	4.05356074781418e-16	3.31691954479142	2.08964913019213e+17
6.32022569725685e-08	4.38999666025042e-16	3.31687385228316	2.08964913019212e+17
6.82575557064784e-08	4.74147959127068e-16	3.31682612713711	2.08964913019212e+17
7.35364635336391e-08	5.10859737290782e-16	3.31677629098294	2.08964913019212e+17
7.90475385279966e-08	5.49195681826046e-16	3.31672426302716	2.08964913019211e+17
8.47996004175491e-08	5.89218399579641e-16	3.31666996000607	2.08964913019211e+17
9.08017355220112e-08	6.30992488234989e-16	3.31661329613919	2.08964913019211e+17
9.70633016429694e-08	6.7458774519498e-16	3.3165541830831	2.0896491301921e+17
1.03593932898425e-07	7.20076555851419e-16	3.31649252988575	2.0896491301921e+17
1.10403544493356e-07	7.67530555836629e-16	3.3164282429415	2.0896491301921e+17
1.17502337417614e-07	8.17023639998145e-16	3.31636122594667	2.08964913019209e+17
1.24900803062315e-07	8.68632023053981e-16	3.31629137985606	2.08964913019209e+17
1.32609727745455e-07	9.22439020560736e-16	3.31621860284014	2.08964913019208e+17
1.40640197137427e-07	9.785311153807e-16	3.31614279024335	2.08964913019208e+17
1.49003600576674e-07	1.0369929362917e-15	3.31606383454328	2.08964913019207e+17
1.5771163526564e-07	1.09791173798144e-15	3.3159816253111	2.08964913019207e+17
1.66776310336782e-07	1.16137747293768e-15	3.31589604917318	2.08964913019206e+17
1.76209950778339e-07	1.22748998337409e-15	3.31580698977401	2.08964913019206e+17
1.86025201209182e-07	1.29635306794504e-15	3.31571432774057	2.08964913019205e+17
1.96235029491986e-07	1.36806690265736e-15	3.31561794064821	2.08964913019205e+17
2.06852730173672e-07	1.44274383158553e-15	3.3155177029882	2.08964913019204e+17
2.17891927741934e-07	1.52050089736205e-15	3.31541348613694	2.08964913019204e+17
2.29366579686445e-07	1.60145011113659e-15	3.31530515832709	2.08964913019203e+17
2.41290979353221e-07	1.68570694616229e-15	3.31519258462065	2.08964913019202e+17
2.53679758580406e-07	1.77340298431058e-15	3.315075626884	2.08964913019201e+17
2.66547890103673e-07	1.86467552271102e-15	3.31495414376526	2.08964913019201e+17
2.79910689719234e-07	1.95966883185595e-15	3.31482799067385	2.089649130192e+17
2.93783818192436e-07	2.05853357357471e-15	3.31469701976245	2.08964913019199e+17
3.08183282899734e-07	2.16141164093037e-15	3.31456107991154	2.08964913019198e+17
3.2312543919183e-07	2.26846766263018e-15	3.31442001671648	2.08964913019197e+17
3.38626991465696e-07	2.37987390819998e-15	3.31427367247745	2.08964913019197e+17
3.54704993933107e-07	2.49581220365821e-15	3.31412188619214	2.08964913019196e+17
3.71376851073405e-07	2.61647297219908e-15	3.3139644935515	2.08964913019195e+17
3.88660317758096e-07	2.74205721955796e-15	3.31380132693856	2.08964913019194e+17
4.06573499035004e-07	2.87277576874187e-15	3.31363221543049	2.08964913019193e+17
4.251348495597e-07	3.00885196154372e-15	3.31345698480391	2.08964913019191e+17
4.44363172662013e-07	3.15052045730721e-15	3.31327545754376	2.0896491301919e+17
4.64277619035532e-07	3.2980298627836e-15	3.31308745285567	2.08964913019189e+17
4.8489768503811e-07	3.45164155082573e-15	3.31289278668195	2.08964913019188e+17
5.06243210591526e-07	3.61163289525239e-15	3.31269127172147	2.08964913019187e+17
5.28334376668665e-07	3.77833530683382e-15	3.31248271745337	2.08964913019185e+17
5.51191702356702e-07	3.9520616935653e-15	3.31226693016479	2.08964913019184e+17
5.74836041485085e-07	4.13314431022956e-15	3.31204371298267	2.08964913019182e+17
5.99288578807283e-07	4.32198133532905e-15	3.31181286590983	2.08964913019181e+17
6.2457082572558e-07	4.51894817745733e-15	3.31157418586536	2.08964913019179e+17
6.50704615548521e-07	4.72444474768402e-15	3.3113274667293	2.08964913019178e+17
6.7771209827089e-07	4.93895208374678e-15	3.31107249939201	2.08964913019176e+17
7.05615734866513e-07	5.16298593693782e-15	3.31080907180801	2.08964913019174e+17
7.34438291084568e-07	5.39710004741409e-15	3.31053696905455	2.08964913019172e+17
7.64202830740457e-07	5.64188868591175e-15	3.31025597339496	2.0896491301917e+17
7.94932708492795e-07	5.89798877290475e-15	3.3099658643468	2.08964913019168e+17
8.2665156209855e-07	6.16608318598334e-15	3.30966641875505	2.08964913019166e+17
8.59383304138806e-07	6.44690436823314e-15	3.30935741087014	2.08964913019164e+17
8.93152113208286e-07	6.74123827328275e-15	3.3090386124312	2.08964913019161e+17
9.27982424562175e-07	7.04992792357274e-15	3.30870979275429	2.08964913019159e+17
9.63898920214557e-07	7.37387638600414e-15	3.30837071882596	2.08964913019156e+17
1.00092651848324e-06	7.71416113044613e-15	3.30802115540187	2.08964913019153e+17
1.03909036297655e-06	8.07194224660255e-15	3.30766086511081	2.08964913019151e+17
1.07841581101817e-06	8.4484753243092e-15	3.30728960856396	2.08964913019148e+17
1.11892842150705e-06	8.84510999270437e-15	3.30690714446951	2.08964913019144e+17
1.16065394220993e-06	9.26330321345485e-15	3.30651322975263	2.08964913019141e+17
1.20361829648488e-06	9.70461752742877e-15	3.30610761968078	2.08964913019137e+17
1.24784756943508e-06	1.01707381382367e-14	3.30569006799447	2.08964913019134e+17
1.29336799349282e-06	1.06636397064827e-14	3.3052603270433	2.0896491301913e+17
1.34020593343452e-06	1.11854532748589e-14	3.30481814792749	2.08964913019125e+17
1.38838787082855e-06	1.17384779135221e-14	3.30436328064466	2.08964913019121e+17
1.43794038791832e-06	1.23251918138994e-14	3.30389547424198	2.08964913019116e+17
1.48889015094427e-06	1.29484704433207e-14	3.30341447697367	2.08964913019111e+17
1.54126389290908e-06	1.36114136012822e-14	3.30292003646365	2.08964913019106e+17
1.59508839579139e-06	1.43173715146128e-14	3.30241189987347	2.089649130191e+17
1.65039047221459e-06	1.50701949368359e-14	3.3018898140754	2.08964913019094e+17
1.70719694657769e-06	1.58740436475687e-14	3.30135352583052	2.08964913019087e+17
1.76553463565681e-06	1.67334035111527e-14	3.30080278197188	2.08964913019081e+17
1.8254303286864e-06	1.76533937907863e-14	3.30023732959254	2.08964913019073e+17
1.88691076693063e-06	1.8639833511489e-14	3.29965691623844	2.08964913019065e+17
1.95000262275624e-06	1.96990092708837e-14	3.29906129010594	2.08964913019057e+17
2.01473247821923e-06	2.08377032842573e-14	3.298450200244	2.08964913019047e+17
2.08112680317883e-06	2.20635766442708e-14	3.29782339676077	2.08964913019037e+17
2.14921193295323e-06	2.33852494815691e-14	3.29718063103458	2.08964913019027e+17
2.21901404553247e-06	2.48120176400764e-14	3.296521655929	2.08964913019015e+17
2.29055913836531e-06	2.63543035275142e-14	3.29584622601205	2.08964913019003e+17
2.36387300473738e-06	2.80237510846303e-14	3.29515409777916	2.08964913018989e+17
2.43898120975948e-06	2.98333546465192e-14	3.29444502987988	2.08964913018975e+17
2.5159090659857e-06	3.17980499528917e-14	3.29371878334805	2.08964913018959e+17
2.59468160868202e-06	3.39344257307506e-14	3.29297512183527	2.08964913018942e+17
2.67532357076715e-06	3.6260881022797e-14	3.29221381184752	2.08964913018923e+17
2.75785935744839e-06	3.87977588371263e-14	3.29143462298453	2.08964913018902e+17
2.84231302057633e-06	4.1568090732759e-14	3.29063732818197	2.0896491301888e+17
2.92870823274291e-06	4.45978368389606e-14	3.28982170395594	2.08964913018855e+17
3.01706826114874e-06	4.79161893052155e-14	3.28898753064968	2.08964913018828e+17
3.10741594126617e-06	5.15558294806594e-14	3.28813459268221	2.08964913018799e+17
3.19977365032567e-06	5.55532635048309e-14	3.28726267879864	2.08964913018767e+17
3.29416328065395e-06	5.99505595022103e-14	3.28637158232189	2.08964913018731e+17
3.39060621289304e-06	6.47951482998629e-14	3.28546110140547	2.08964913018692e+17
3.48912328913053e-06	7.0140316341014e-14	3.28453103928719	2.08964913018649e+17
3.58973478597165e-06	7.6047331119687e-14	3.28358120454338	2.08964913018601e+17
3.69246038758518e-06	8.25853339323046e-14	3.28261141134331	2.08964913018548e+17
3.7973191587551e-06	8.98320571243245e-14	3.28162147970365	2.0896491301849e+17
3.90432951797149e-06	9.78763581004449e-14	3.28061123574247	2.08964913018425e+17
4.01350921059396e-06	1.06820185255929e-13	3.27958051193261	2.08964913018352e+17
4.12487528212218e-06	1.16779746929246e-13	3.27852914735403	2.08964913018272e+17
4.23844405160815e-06	1.27887818044088e-13	3.27745698794482	2.08964913018182e+17
4.35423108524561e-06	1.40296233454431e-13	3.27636388675048	2.08964913018082e+17
4.47225117017228e-06	1.54178686879128e-13	3.27524970417133	2.0896491301797e+17
4.59251828852124e-06	1.69734891759603e-13	3.2741143082074	2.08964913017844e+17
4.71504559175772e-06	1.8719404602721e-13	3.27295757470076	2.08964913017703e+17
4.83984537533834e-06	2.06821083410167e-13	3.27177938757472	2.08964913017544e+17
4.96692905372961e-06	2.28921023723445e-13	3.27057963906971	2.08964913017365e+17
5.09630713582301e-06	2.53845049262236e-13	3.26935822997533	2.08964913017164e+17
5.22798920078386e-06	2.81998450969488e-13	3.2681150698584	2.08964913016936e+17
5.36198387437138e-06	3.13850891230842e-13	3.26685007728646	2.08964913016679e+17
5.49829880576723e-06	3.49947627189243e-13	3.26556318004659	2.08964913016387e+17
5.63694064494978e-06	3.90920382894884e-13	3.26425431535895	2.08964913016056e+17
5.77791502065126e-06	4.37503823423837e-13	3.26292343008493	2.08964913015679e+17
5.92122651893456e-06	4.9055369887895e-13	3.26157048092935	2.08964913015251e+17
6.06687866242651e-06	5.51066696744214e-13	3.26019543463658	2.08964913014761e+17
6.21487389024361e-06	6.20205558106497e-13	3.25879826817999	2.08964913014203e+17
6.36521353864642e-06	6.99328269905106e-13	3.25737896894461	2.08964913013563e+17
6.51789782245768e-06	7.90023612088415e-13	3.25593753490261	2.0896491301283e+17
6.67292581727915e-06	8.94155614710306e-13	3.25447397478108	2.08964913011988e+17
6.8302954425414e-06	1.01391213288421e-12	3.25298830822218	2.0896491301102e+17
6.99000344541999e-06	1.15186167105245e-12	3.2514805659349	2.08964913009905e+17
7.15204538565092e-06	1.3110254658888e-12	3.24995078983845	2.08964913008619e+17
7.31641562127722e-06	1.49496437613222e-12	3.24839903319684	2.08964913007132e+17
7.48310729535781e-06	1.70788212327383e-12	3.24682536074436	2.08964913005411e+17
7.65211232366876e-06	1.95474398880282e-12	3.2452298488017	2.08964913003415e+17
7.82342138342606e-06	2.24142158835207e-12	3.24361258538244	2.08964913001098e+17
7.99702390305782e-06	2.57487092612021e-12	3.24197367028962	2.08964912998403e+17
8.17290805305299e-06	2.96333963612271e-12	3.24031321520217	2.08964912995263e+17
8.35106073791205e-06	3.4166208094642e-12	3.23863134375093	2.08964912991599e+17
8.5314675892243e-06	3.94636018685383e-12	3.23692819158402	2.08964912987317e+17
8.7141129598946e-06	4.56642153587602e-12	3.23520390642142	2.08964912982305e+17
8.89897991954149e-06	5.29332845713543e-12	3.23345864809847	2.08964912976429e+17
9.08605025108686e-06	6.14680007073012e-12	3.23169258859808	2.0896491296953e+17
9.27530444855591e-06	7.15039694185514e-12	3.22990591207165	2.08964912961418e+17
9.46672171610474e-06	8.33230058870436e-12	3.22809881484831	2.08964912951865e+17
9.66027996829117e-06	9.72625775105588e-12	3.22627150543247	2.08964912940597e+17
9.85595583160292e-06	1.1372726531257e-11	3.22442420448956	2.08964912927289e+17
1.00537246472553e-05	1.33202676036297e-11	3.22255714481977	2.08964912911546e+17
1.02535604752692e-05	1.56272271234301e-11	3.22067057131976	2.08964912892899e+17
1.04554360998386e-05	1.83637808130114e-11	3.21876474093228	2.08964912870779e+17
1.06593230359935e-05	2.16144205757743e-11	3.21683992258349	2.08964912844504e+17
1.08651915375659e-05	2.54809780395898e-11	3.21489639710821	2.0896491281325e+17
1.10730106064588e-05	3.008630668397e-11	3.21293445716281	2.08964912776024e+17
1.12827480032239e-05	3.55787595250533e-11	3.21095440712594	2.08964912731628e+17
1.14943702589441e-05	4.21376440372005e-11	3.208956562987	2.08964912678612e+17
1.17078426884207e-05	4.99798806639208e-11	3.20694125222246	2.08964912615222e+17
1.19231294046606e-05	5.93681167110046e-11	3.20490881366009	2.08964912539336e+17
1.21401933346571e-05	7.06206221131179e-11	3.20285959733119	2.0896491244838e+17
1.23589962364568e-05	8.41233851739629e-11	3.20079396431096	2.08964912339236e+17
1.25794987175023e-05	1.00344877427872e-10	3.1987122865471	2.08964912208115e+17
1.28016602542393e-05	1.19854091286905e-10	3.19661494667697	2.0896491205042e+17
1.30254392129732e-05	1.43342588441386e-10	3.19450233783332	2.0896491186056e+17
1.32507928719611e-05	1.7165145496284e-10	3.19237486343906	2.08964911631735e+17
1.34776774447197e-05	2.05804267832465e-10	3.19023293699121	2.08964911355674e+17
1.37060481045315e-05	2.47047413098036e-10	3.18807698183447	2.089649110223e+17
1.39358590101256e-05	2.96899411448567e-10	3.18590743092478	2.0896491061934e+17
1.4167063332512e-05	3.57211268988095e-10	3.18372472658333	2.08964910131832e+17
1.4399613282943e-05	4.30240317745031e-10	3.18152932024155	2.08964909541529e+17
1.46334601419745e-05	5.18740575945532e-10	3.17932167217774	2.0896490882617e+17
1.48685542896001e-05	6.26073322934743e-10	3.17710225124598	2.08964907958586e+17
1.51048452364254e-05	7.56342384210065e-10	3.17487153459827	2.08964906905605e+17
1.53422816558524e-05	9.14559649786748e-10	3.1726300074007	2.08964905626715e+17
1.5580811417239e-05	1.10684754118256e-09	3.17037816254496	2.08964904072427e+17
1.58203816199984e-05	1.34068663853236e-09	3.16811650035634	2.08964902182276e+17
1.60609386286027e-05	1.62521844988074e-09	3.16584552829992	2.0896489988237e+17
1.63024281084502e-05	1.97161548658177e-09	3.16356576068662	2.08964897082399e+17
1.65447950625587e-05	2.39353347088369e-09	3.16127771838142	2.08964893671983e+17
1.67879838690426e-05	2.907663654243e-09	3.15898192851614	2.08964889516204e+17
1.70319383193312e-05	3.53440710231303e-09	3.15667892420991	2.08964884450158e+17
1.72766016570859e-05	4.29869747117099e-09	3.15436924430088	2.08964878272303e+17
1.75219166177687e-05	5.23100440020619e-09	3.15205343309335	2.0896487073635e+17
1.776782546882e-05	6.36855642150373e-09	3.14973204012556	2.08964861541375e+17
1.80142700503945e-05	7.75683038741288e-09	3.14740561996406	2.08964850319784e+17
1.82611918166109e-05	9.45136417966427e-09	3.14507473203185	2.08964836622658e+17
1.85085318772648e-05	1.15199611580807e-08	3.14273994047908	2.08964819901934e+17
1.87562310399549e-05	1.40453687263929e-08	3.14040181410635	2.08964799488755e+17
1.90042298525741e-05	1.71285300725876e-08	3.13806092635301	2.08964774567187e+17
1.92524686461131e-05	2.08925279483844e-08	3.13571785536501	2.08964744142338e+17
1.95008875777254e-05	2.5487362942206e-08	3.13337318415967	2.08964707001739e+17
1.97494266740029e-05	3.10957366132342e-08	3.13102750090805	2.08964661668595e+17
1.99980258744083e-05	3.79400428906244e-08	3.12868139935953	2.08964606345276e+17
2.02466250748138e-05	4.62908101529359e-08	3.12633547943773	2.08964538845078e+17
2.04951641710913e-05	5.64768822757239e-08	3.12399034804242	2.08964456509933e+17
2.07435831027036e-05	6.88976808018242e-08	3.12164662009825	2.08964356111291e+17
2.09918218962426e-05	8.40379534550331e-08	3.11930491989859	2.08964233730914e+17
2.12398207088618e-05	1.0248548785849e-07	3.11696588280163	2.08964084617699e+17
2.14875198715519e-05	1.24952354931908e-07	3.11463015734538	2.0896390301597e+17
2.17348599322057e-05	1.52300345866597e-07	3.11229840786058	2.08963681959886e+17
2.19817816984222e-05	1.85571381508678e-07	3.10997131767325	2.08963413027654e+17
2.22282262799967e-05	2.26023805388441e-07	3.10764959300462	2.08963086048199e+17
2.2474135131048e-05	2.75175623691699e-07	3.10533396769365	2.08962688751687e+17
2.27194500917308e-05	3.34855929408104e-07	3.10302520888773	2.0896220635392e+17
2.29641134294855e-05	4.07265946060388e-07	3.10072412387012	2.08961621062999e+17
2.32080678797741e-05	4.95051351210329e-07	3.09843156821923	2.08960911494851e+17
2.3451256686258e-05	6.01387793929843e-07	3.09614845552374	2.08960051982164e+17
2.36936236403665e-05	7.30081805931854e-07	3.09387576891159	2.08959011758978e+17
2.3935113120214e-05	8.85689625472413e-07	3.0916145746872	2.08957754000599e+17
2.41756701288183e-05	1.07365680867762e-06	3.0893660384132	2.08956234695662e+17
2.44152403315777e-05	1.30048189633651e-06	3.08713144381838	2.0895440132398e+17
2.46537700929643e-05	1.57390783698829e-06	3.08491221496399	2.08952191310388e+17
2.48912065123913e-05	1.90314534012111e-06	3.08270994215539	2.08949530220975e+17
2.51274974592166e-05	2.29913284656015e-06	3.0805264121463	2.08946329664021e+17
2.53625916068422e-05	2.7748383558618e-06	3.0783636432469	2.08942484853558e+17
2.55964384658737e-05	3.34560894068765e-06	3.07622392601655	2.08937871788841e+17
2.58289884163047e-05	4.02957440221221e-06	3.07410987029541	2.08932343998071e+17
2.60601927386911e-05	4.84811217356229e-06	3.07202445940633	2.08925728789692e+17
2.62900036442852e-05	5.82638125291977e-06	3.06997111243956	2.08917822949366e+17
2.6518374304097e-05	6.99393363486177e-06	3.06795375561575	2.08908387815595e+17
2.67452588768556e-05	8.38541239581575e-06	3.06597690380798	2.08897143661864e+17
2.69706125358435e-05	1.0041346262238e-05	3.06404575338894	2.08883763308466e+17
2.71943914945774e-05	1.20090511303153e-05	3.06216628765409	2.08867864882869e+17
2.74165530313144e-05	1.43436495919823e-05	3.06034539615399	2.08849003643965e+17
2.76370555123599e-05	1.71092200285602e-05	3.05859100934751	2.08826662783006e+17
2.78558584141596e-05	2.03800872310982e-05	3.05691225006008	2.08800243112917e+17
2.80729223441561e-05	2.42422667620801e-05	3.05531960329652	2.08769051558279e+17
2.8288209060396e-05	2.87950753488677e-05	3.0538251060135	2.08732288361168e+17
2.85016814898726e-05	3.41529194532361e-05	3.05244255850134	2.08689032923686e+17
2.87133037455928e-05	4.04472737475837e-05	3.05118775905675	2.08638228217131e+17
2.89230411423579e-05	4.78288604969354e-05	3.05007876364642	2.085786637009e+17
2.91308602112508e-05	5.64700397433694e-05	3.04913617226497	2.08508956712327e+17
2.93367287128232e-05	6.6567418659698e-05	3.04838344368047	2.0842753231245e+17
2.95406156489781e-05	7.83446864237975e-05	3.04784724023643	2.08332601603225e+17
2.97424912735475e-05	9.20556784045736e-05	3.04755780434414	2.08222138569816e+17
2.99423271015614e-05	0.000107987670286125	3.0475493682557	2.08093855548489e+17
3.01400959172138e-05	0.000126464898931272	3.04786059866138	2.07945177477162e+17
3.03357717805255e-05	0.000147852302246358	3.04853507761166	2.07773215153033e+17
3.0529330032712e-05	0.000172559465009702	3.04962182123238	2.07574737800607e+17
3.07207473002608e-05	0.000201044751529479	3.05117583769127	2.07346145344874e+17
3.09100014977298e-05	0.000233819599079307	3.05325872589796	2.07083440888519e+17
3.10970718292752e-05	0.0002714529383144	3.05593931649122	2.06782204009277e+17
3.12819387889221e-05	0.000314575698312755	3.05929435680283	2.06437565623051e+17
3.14645841595924e-05	0.000363885344555643	3.06340924170409	2.06044185299263e+17
3.16449910109046e-05	0.000420150388133787	3.06837879255729	2.05596232064699e+17
3.18231436957637e-05	0.000484214793852565	3.07430808692948	2.05087369887573e+17
3.19990278457589e-05	0.00055700220386882	3.08131334229872	2.04510749189819e+17
3.21726303653906e-05	0.000639519882232793	3.08952285771214	2.03859005886222e+17
3.23439394251479e-05	0.000732862274498284	3.09907801825711	2.03124269585426e+17
3.25129444534589e-05	0.000838214065732392	3.11013436829656	2.02298182699659e+17
3.26796361275395e-05	0.000956852610200805	3.12286276070686	2.01371932284469e+17
3.28440063631658e-05	0.00109014959719126	3.13745059084892	2.00336296452082e+17
3.30060483033967e-05	0.0012395718104005	3.15410312570057	1.99181707155642e+17
3.31657563062753e-05	0.00140668083364366	3.17304494047627	1.97898331008739e+17
3.33231259315375e-05	0.00159313155399501	3.19452147714489	1.96476169567124e+17
3.3478153926359e-05	0.00180066931551338	3.21880074150997	1.9490518014002e+17
3.36308382101703e-05	0.00203112558313009	3.24617515790905	1.93175417702376e+17
3.37811778585731e-05	0.00228641198774009	3.27696360308514	1.91277197836563e+17
3.39291730863902e-05	0.00256851264062907	3.31151364333878	1.89201279839473e+17
3.40748252298821e-05	0.00287947462856258	3.35020400163151	1.86939068195105e+17
3.42181367281654e-05	0.00322139663045391	3.39344728382143	1.84482829552239e+17
3.43591111038669e-05	0.00359641563257945	3.44169299560132	1.81825921194404e+17
3.44977529430495e-05	0.00400669176158786	3.4954308839074	1.78963025793563e+17
3.46340678744453e-05	0.00445439130247438	3.55519463849124	1.75890386064123e+17
3.47680625480328e-05	0.00494166802128654	3.62156599091508	1.72606031858778e+17
3.48997446129937e-05	0.00547064296820725	3.69517924935048	1.69109991362404e+17
3.50291226950871e-05	0.00604338299402079	3.77672630813568	1.65404477440352e+17
3.51562063734784e-05	0.00666187826962929	3.86696217097775	1.61494039976661e+17
3.5281006157059e-05	0.00732801915176401	3.96671102586291	1.57385675278481e+17
3.54035334602955e-05	0.00804357278564232	4.0768729080492	1.53088884385954e+17
3.55238005786444e-05	0.00881015987432588	4.1984309848401	1.48615673441006e+17
3.56418206635711e-05	0.00962923207232076	4.33245949204711	1.43980491122355e+17
3.57576076972086e-05	0.0105020504752334	4.48013234701287	1.39200100489607e+17
3.58711764666945e-05	0.0114296656762653	4.64273245664425	1.342933852911e+17
3.59825425382227e-05	0.0124128998428926	4.82166173095725	1.29281093728682e+17
3.60917222308452e-05	0.0134523312329587	5.01845180302297	1.24185525654046e+17
3.61987325900616e-05	0.0145482815192388	5.234775444791	1.19030171991973e+17
3.63035913612315e-05	0.015700806226896	5.47245865493515	1.13839317640714e+17
3.6406316962845e-05	0.0169096885115616	5.73349337951079	1.0863762100249e+17
3.65069284596862e-05	0.0181744364202419	6.02005080877047	1.0344968449941e+17
3.66054455359237e-05	0.0194942836865971	6.3344951739202	9.82996308377447e+16
3.67018884681627e-05	0.0208681940203824	6.67939794594694	9.32106993665587e+16
3.6796278098491e-05	0.0222948687620488	7.05755231499875	8.82048756728812e+16
3.68886358075505e-05	0.0237727576914646	7.47198780333453	8.33025656655725e+16
3.6978983487668e-05	0.0253000727077553	7.92598483784665	7.8522322976441e+16
3.70673435160738e-05	0.0268748040379918	8.4230890799785	7.38806357376581e+16
3.71537387282404e-05	0.0284947385876707	8.96712528199605	6.93917758825224e+16
3.72381923913683e-05	0.030157480016536	9.5622104096385	6.5067711261242e+16
3.73207281780496e-05	0.0318604701093296	10.2127657428987	6.09180782418438e+16
3.74013701401347e-05	0.0336010110117509	10.9235276399082	5.69502102201937e+16
3.7480142682831e-05	0.0353762879158412	11.6995566245782	5.31692156899865e+16
3.75570705390572e-05	0.0371833918042428	12.5462444378084	4.95780982741499e+16
3.76321787440793e-05	0.0390193418970567	13.469318675819	4.6177910399419e+16
3.77054926104514e-05	0.0408811074859477	14.4748446286212	4.29679320734239e+16
3.77770377032842e-05	0.0427656288853169	15.5692239279401	3.994586643653e+16
3.78468398158635e-05	0.0446698372775436	16.7591896181205	3.71080443274536e+16
3.79149249456379e-05	0.0465906732765135	18.0517972766618	3.44496309314775e+16
3.79813192705975e-05	0.0485251040792115	19.4544118338832	3.19648285814781e+16
3.80460491260605e-05	0.050470139117759	20.9746897744462	2.96470708700338e+16
3.81091409818861e-05	0.0524228441629581	22.6205564474762	2.7489204332108e+16
3.81706214201303e-05	0.0543803538645211	24.4001782669013	2.54836550131536e+16
3.82305171131599e-05	0.056339882742439	26.3219296491945	2.36225782031133e+16
3.8288854802239e-05	0.0582987346682522	28.394354611342	2.18979904639126e+16
3.83456612766021e-05	0.0602543108945316	30.6261230366654	2.03018837910201e+16
3.84009633530253e-05	0.0622041167059109	33.0259817087574	1.88263223241182e+16
3.84547878559076e-05	0.0641457667759691	35.6027003125955	1.7463522462102e+16
3.85071615978724e-05	0.0660769893215797	38.3650127048402	1.62059175540037e+16
3.85581113608984e-05	0.0679956291505555	41.3215538601441	1.50462085444222e+16
3.86076638779882e-05	0.0698996497000009	44.4807930044527	1.39774020661373e+16
3.86558458153822e-05	0.0717871341622148	47.8509635470824	1.29928375108335e+16
3.87026837553239e-05	0.0736562857927381	51.4399905181027	1.20862045876726e+16
3.87482041793816e-05	0.0755054274915611	55.2554163034234	1.12515528139487e+16
3.87924334523318e-05	0.077333000744006	59.3043255444636	1.04832942854654e+16
3.88353978066068e-05	0.0791375640026344	63.5932701298703	9.77620095784281e+15
3.88771233273096e-05	0.0809177905859589	68.1281952513659	9.12539754287145e+15
3.89176359377985e-05	0.0826724661639864	72.9143675227157	8.52635099349091e+15
3.89569613858401e-05	0.0844004858948231	77.956306168705	7.97485742244946e+15
3.89951252303335e-05	0.0861008512708681	83.2577182791113	7.46702717712677e+15
3.90321528286021e-05	0.0877726667276185	88.8214390907524	6.99926867900135e+15
3.90680693242545e-05	0.0894151360628299	94.6493782089783	6.56827153242913e+15
3.91028996356084e-05	0.0910275587088279	100.742472609466	6.17098931452986e+15
3.91366684446779e-05	0.0926093258961262	107.100647173143	5.80462237622282e+15
3.91694001867181e-05	0.0941599167422027	113.722783403402	5.46660091351705e+15
3.92011190403239e-05	0.0956788942953382	120.60669685782	5.15456850743897e+15
3.92318489180762e-05	0.0971659015597838	127.749123698907	4.86636627968466e+15
3.92616134577321e-05	0.0986206575252493	135.145716633061	4.60001776829627e+15
3.92904360139502e-05	0.100042953220692	142.791050366711	4.3537145924555e+15
3.93183396505458e-05	0.101432647809694	150.678636567014	4.12580294690746e+15
3.93453471332682e-05	0.10278966474228	158.800948174366	3.91477094368306e+15
3.93714809230911e-05	0.104113987975853	167.149452778471	3.71923680084282e+15
3.93967631700094e-05	0.105405658275954	175.714654641647	3.53793786415181e+15
3.94212157073316e-05	0.10666476960582	184.48614483475	3.36972043723683e+15
3.944486004646e-05	0.107891465612147	193.452658845149	3.21353038826394e+15
3.9467717372148e-05	0.10908593621309	202.602140923905	3.0684044959919e+15
3.94898085382252e-05	0.110248414293284	211.921814362558	2.93346249474561e+15
3.95111540637786e-05	0.111379172509609	221.398256829309	2.80789977603614e+15
3.95317741297812e-05	0.112478520210413	231.017479850631	2.69098070390494e+15
3.95516885761547e-05	0.113546800470114	240.765011497496	2.5820325013199e+15
3.9570916899257e-05	0.114584387240286	250.62598132504	2.48043966588046e+15
3.95894782497817e-05	0.115591682617732	260.58520662028	2.3856388745111e+15
3.96073914310586e-05	0.11656911422943	270.627279032879	2.29711433859774e+15
3.96246748977433e-05	0.117517132733751	280.736650698398	2.21439357302246e+15
3.96413467548836e-05	0.118436209436895	290.897719009795	2.1370435446947e+15
3.9657424757351e-05	0.119326834023138	301.094909249943	2.06466716838183e+15
3.96729263096249e-05	0.120189512397095	311.312754363757	1.99690011985629e+15
3.9687868465917e-05	0.121024764635996	321.535971221201	1.93340793855751e+15
3.97022679306243e-05	0.121833123049668	331.749532800516	1.87388339408264e+15
3.97161410590975e-05	0.122615130345741	341.938735802123	1.81804409285106e+15
3.9729503858713e-05	0.123371337897431	352.089263286896	1.76563030321562e+15
3.97423719902363e-05	0.124102304111099	362.187242015537	1.71640297911268e+15
3.97547607694635e-05	0.12480859289067	372.219294247458	1.67014196404732e+15
3.97666851691303e-05	0.12549077219593	382.172583837051	1.626644358796e+15
3.97781598210748e-05	0.126149412691624	392.034856540448	1.58572303768231e+15
3.9789199018643e-05	0.126785086484257	401.794474516763	1.54720529964075e+15
3.97998167193247e-05	0.127398365943436	411.440445073158	1.51093164153544e+15
3.98100265476075e-05	0.127989822604618	420.962443762547	1.47675464234981e+15
3.98198417980384e-05	0.128560026150096	430.350831995685	1.44453794791557e+15
3.98292754384799e-05	0.129109543465075	439.596669375786	1.41415534681095e+15
3.98383401135511e-05	0.129638937765711	448.691721003559	1.38548992893431e+15
3.984704814824e-05	0.130148767796034	457.628460033488	1.35843331905807e+15
3.98554115516793e-05	0.130639587090679	466.400065788634	1.33288497839318e+15
3.98634420210712e-05	0.131111943300439	475.000417761579	1.30875156785364e+15
3.98711509457544e-05	0.131566377577674	483.424085843394	1.28594636730782e+15
3.98785494113991e-05	0.132003424018688	491.666317131136	1.26438874564624e+15
3.98856482043233e-05	0.13242360916024	499.72301966838	1.24400367698494e+15
3.98924578159183e-05	0.132827451527438	507.590743472318	1.22472129876812e+15
3.98989884471737e-05	0.133215461230305	515.266659195817	1.20647650793622e+15
3.99052500132947e-05	0.133588139606426	522.748534764826	1.18920859168753e+15
3.99112521483992e-05	0.133945978907117	530.034710319419	1.17286088969111e+15
3.99170042102887e-05	0.134289462024654	537.124071773026	1.15738048490503e+15
3.99225152852831e-05	0.134619062258203	544.016023288283	1.14271792042179e+15
3.99277941931102e-05	0.134935243116116	550.710458949688	1.1288269400062e+15
3.99328494918441e-05	0.135238458152397	557.207733894771	1.1156642502088e+15
3.9937689482882e-05	0.135529150835185	563.508635145398	1.10318930213618e+15
3.99423222159538e-05	0.135807754445201	569.614352360408	1.09136409113877e+15
3.99467554941562e-05	0.136074692002174	575.526448710672	1.08015297283723e+15
3.99509968790052e-05	0.136330376217358	581.246832056997	1.06952249405538e+15
3.99550536954986e-05	0.136575209470302	586.777726591501	1.05944123735926e+15
3.9958933037184e-05	0.13680958380815	592.121645083452	1.0498796780214e+15
3.99626417712249e-05	0.137033880965797	597.281361852232	1.04081005233698e+15
3.99661865434591e-05	0.137248472405304	602.259886571733	1.03220623631672e+15
3.99695737834446e-05	0.137453719373067	607.060438993895	1.02404363386952e+15
3.99728097094855e-05	0.137649972973294	611.686424663296	1.01629907366764e+15
3.99759003336365e-05	0.137837574256408	616.141411679723	1.00895071396005e+15
3.99788514666764e-05	0.138016854321078	620.42910855204	1.0019779546654e+15
3.99816687230502e-05	0.138188134428641	624.553343174451	995361356134715
3.99843575257735e-05	0.138351726128731	628.518042944408	989082564029199
3.99869231112941e-05	0.138507931395022	632.327216031735	983124239806153
3.99893705343101e-05	0.138657042770014	635.984933798692	977469996351777
3.99917046725373e-05	0.138799343517887	639.495314363312	972104338338733
3.99939302314252e-05	0.138935107784486	642.862507290603	967012606924041
3.99960517488167e-05	0.13906460076355	646.090679390458	962180928435520
3.99980735995503e-05	0.139188078868362	649.184001595495	957596166725788
4e-05	0.139305789908058	652.146636888025	953245878899799
4.00034517417677e-05	0.139516745435788	657.490004900054	945498879803620
4.00070158163882e-05	0.139734535608102	663.052427998638	937566933148358
4.00106954841334e-05	0.139959356670518	668.843790959505	929448710460381
4.00144940857683e-05	0.140191409572888	674.874503942748	921143060217473
4.0018415044063e-05	0.140430900048685	681.155535932275	912649019336912
4.00224618653172e-05	0.140678038694375	687.698450642612	903965824849792
4.00266381408981e-05	0.140933041048826	694.515445097166	895092925731398
4.00309475487893e-05	0.141196127672688	701.619391100866	886029994853949
4.00353938551529e-05	0.141467524227692	709.023879850184	876776941025172
4.00399809159017e-05	0.141747461555774	716.743269946382	867333921072266
4.00447126782826e-05	0.142036175757995	724.792739102618	857701351927337
4.00495931824704e-05	0.142333908273146	733.18833986281	847879922666860
4.00546265631711e-05	0.14264090595599	741.947059680232	837870606454199
4.00598170512345e-05	0.142957421155047	751.086885737541	827674672329956
4.00651689752749e-05	0.143283711789851	760.626874926143	817293696792014
4.00706867633003e-05	0.143620041427593	770.587229443948	806729575102822
4.00763749443485e-05	0.143966679359049	780.989378515132	795984532258400
4.00822381501299e-05	0.144323900673731	791.856066785716	785061133549570
4.00882811166764e-05	0.144691986334136	803.211450003462	773962294643072
4.00945086859951e-05	0.145071223249013	815.081198652074	762691291106666
4.0100925807727e-05	0.145461904345553	827.492610277353	751251767299544
4.01075375408088e-05	0.145864328640372	840.474731318289	739647744546692
4.01143490551381e-05	0.146278801309215	854.058489339693	727883628513489
4.01213656332403e-05	0.146705633755235	868.276836656233	715964215694729
4.01285926719372e-05	0.147145143675757	883.164906441159	703894698930764
4.01360356840151e-05	0.147597655127395	898.760182528321	691680671862466
4.01437002998935e-05	0.148063498589409	915.102684245287	679328132235677
4.01515922692917e-05	0.148543011025163	932.235167757922	666843483966621
4.01597174628924e-05	0.149036535941566	950.20334556822	654233537879538
4.01680818740033e-05	0.149544423446359	969.056125985699	641505511029697
4.01766916202132e-05	0.150067030303103	988.845874593242	628667024526926
4.01855529450429e-05	0.150604719983739	1009.62869995279	615726099777681
4.019467221959e-05	0.151157862718557	1031.4647660481	602691153067280
4.02040559441653e-05	0.151726835543446	1054.41863424332	589570988408946
4.02137107499217e-05	0.152312022344243	1078.55963785353	576374788591566
4.0223643400472e-05	0.152913813898053	1103.962292779	563112104364799
4.02338607934964e-05	0.153532607911352	1130.70674805534	549792841707857
4.0244369962338e-05	0.15416880905472	1158.8792806227	536427247136526
4.02551780775841e-05	0.154822828994032	1188.57283912454	523025891013185
4.02662924486338e-05	0.155495086417929	1219.88764212033	509599648834670
4.02777205252485e-05	0.156186007061384	1252.93183674222	496159680485029
4.02894698990865e-05	0.156896023725197	1287.82222455819	482717407452431
4.0301548305218e-05	0.157625576291209	1324.68506222961	469284488023722
4.03139636236206e-05	0.158375111733058	1363.65694548931	455872790483963
4.03267238806536e-05	0.159145084122279	1404.88578602652	442494364364321
4.03398372505094e-05	0.159935954629539	1448.53189207056	429161409797412
4.03533120566411e-05	0.160748191520811	1494.76916483268	415886245056194
4.03671567731642e-05	0.161582270148272	1543.78642452232	402681272369597
4.03813800262314e-05	0.162438672935722	1595.78888142402	389558942126025
4.03959905953794e-05	0.163317889358287	1650.99976953957	376531715593675
4.04109974148447e-05	0.164220415916214	1709.66216260271	363612026304477
4.04264095748488e-05	0.165146756102499	1772.04099490092	350812240266677
4.04422363228496e-05	0.166097420364152	1838.42531234571	338144615188307
4.04584870647587e-05	0.167072926056842	1909.13078267143	325621258910931
4.04751713661218e-05	0.1680737973927	1984.50249758331	313254087269456
4.04922989532618e-05	0.169100565381035	2064.91810419741	301054781608736
4.05098797143819e-05	0.170153767761717	2150.79130830466	289034746202107
4.05279237006276e-05	0.171233948930992	2242.57579796225	277205065829194
4.05464411271062e-05	0.172341659859465	2340.7696427842	265576463781470
4.05654423738613e-05	0.173477458002014	2445.92023222299	254159260572712
4.05849379868013e-05	0.174641907199365	2558.62982526993	242963333638223
4.06049386785797e-05	0.175835577571083	2679.56179455594	231998078311137
4.0625455329426e-05	0.177059045399719	2809.44766004414	221272370365571
4.06464989879251e-05	0.178312893005838	2949.0950216423	210794530415459
4.06680808717433e-05	0.179597708613681	3099.39651645819	200572290453757
4.06902123682996e-05	0.180914086207193	3261.33994545226	190612762809699
4.07129050353799e-05	0.182262625376138	3436.01973636832	180922411791449
4.07361706016934e-05	0.183643931152049	3624.64993557551	171507028268106
4.07600209673677e-05	0.185058613833747	3828.57895146948	162371707428340
4.0784468204383e-05	0.186507288802139	4049.30630710651	153520829933210
4.08095245569408e-05	0.187990576324053	4288.50170067778	144958046657720
4.0835202441769e-05	0.189509101344829	4548.02672032343	136686267189946
4.08615144483575e-05	0.1910634932694	4829.95961590241	128707652228031
4.08884733391255e-05	0.192654385731602	5136.62359617822	121023609984222
4.09160920495178e-05	0.194282416351434	5470.61919723442	113634796671964
4.09443836880276e-05	0.19594822648003	5834.86135895172	106541121116836
4.09733615361451e-05	0.197652460932058	6232.62195360298	99741753495633.5
4.10030390482291e-05	0.199395767705301	6667.57863714097	93235138170150.5
4.10334298513006e-05	0.201178797687159	7143.87104322893	87019010544040.6
4.10645477447565e-05	0.203002204347826	7666.16551693322	81090417832741.6
4.10964067000008e-05	0.20486664341989	8239.72979456751	75445743598579.5
4.11290208599929e-05	0.206772772564106	8870.51928487183	70080735866170.4
4.11624045387097e-05	0.208721251021117	9565.27690226093	64990538597709.4
4.11965722205217e-05	0.210712739248878	10331.648754623	60169726274317.9
4.12315385594788e-05	0.212747898545554	11178.3184074301	55612341298563.2
4.12673183785073e-05	0.214827390657673	12115.1629464192	51311933905364
4.13039266685128e-05	0.216951877373325	13153.4346594939	47261604243947.8
4.13413785873909e-05	0.219122020100171	14305.9728749889	43454046272891.2
4.13796894589412e-05	0.221338479428097	15587.451352696	39881593093833.5
4.14188747716847e-05	0.22360191467629	17014.6676560841	36536263337538.1
4.14589501775823e-05	0.225912983424555	18606.8821756576	33409808208764.6
4.14999314906534e-05	0.228272341028711	20386.2159692557	30493758794055.5
4.15418346854916e-05	0.230680640119879	22378.1183902228	27779473239153.1
4.15846758956784e-05	0.23313853008751	24611.9176562512	25258183410199.4
4.16284714120912e-05	0.235646656546017	27121.4701530871	22921040665177.4
4.16732376811053e-05	0.238205660784848	29945.9274701925	20759160378886
4.17189913026885e-05	0.240816179201905	33130.6440554831	18763664885939.2
4.17657490283866e-05	0.243478842720169	36728.2531085299	16925724531423.6
4.18135277591979e-05	0.246194276187448	40799.9440978866	15236596547542.9
4.18623445433376e-05	0.248963097759143	45416.9823259603	13687661506331.3
4.1912216573888e-05	0.251785918263985	50662.5195686246	12270457132789.9
4.19631611863355e-05	0.254663340552641	56633.7553524271	10976709299023.2
4.2015195855992e-05	0.257595958829188	63444.5213551045	9798360057496.23
4.20683381953007e-05	0.260584357965397	71228.3772923662	8727592609810.07
4.21226059510241e-05	0.263629112797822	80142.3261937583	7756853145739.72
4.21780170013141e-05	0.266730787407697	90371.281058031	6878869525105.93
4.2234589352663e-05	0.269889934383669	102133.444622198	6086666811759.08
4.22923411367341e-05	0.273107094067388	115686.800768413	5373579703987.86
4.23512906070724e-05	0.276382793782038	131336.961674939	4733261938514.34
4.24114561356927e-05	0.27971754704386	149446.671388306	4159692775460.17
4.24728562095463e-05	0.283111852756792	170447.336821143	3647180698869.98
4.25355094268649e-05	0.286566194390315	194853.044756831	3190364491258.05
4.25994344933801e-05	0.29008103914068	223277.632683589	2784211860951.87
4.2664650218421e-05	0.293656837075647	256455.517775618	2424015817602.79
4.27311755108853e-05	0.297294020262945	295267.15917497	2105389004027.05
4.2799029375088e-05	0.300993001882655	340770.242903941	1824256201542.49
4.28682309064835e-05	0.304754175323746	394237.947700037	1576845231247.68
4.29387992872643e-05	0.308577913265035	457205.988393263	1359676475398.21
4.30107537818331e-05	0.312464566740843	531530.559736573	1169551241378.39
4.30841137321512e-05	0.316414464191674	619459.841617362	1003539186002.56
4.31588985529608e-05	0.320427910500239	723722.40672103	858965010323.51
4.3235127726883e-05	0.324505186013209	847636.732945327	733394625109.544
4.33128207993909e-05	0.328646545549076	995247.115162535	624620975050.968
4.33919973736582e-05	0.332852217392552	1171492.65853494	530649695948.718
4.34726771052846e-05	0.337122402275965	1382417.80117001	449684764011.462
4.35548796968964e-05	0.34145727234812	1635435.06397709	380114280325.293
4.36386248926255e-05	0.345856970131148	1939653.59761406	320496516929.693
4.37239324724652e-05	0.35032160746588	2306290.76798821	269546334086.11
4.38108222465056e-05	0.354851264446324	2749188.72269002	226122061579.061
4.38993140490471e-05	0.359445988343845	3285463.90864393	189212920536.289
4.39894277325954e-05	0.364105792521692	3936325.25225181	157927046543.681
4.40811831617368e-05	0.368830655340524	4728106.66873564	131480159977.935
4.41746002068972e-05	0.37362051905566	5693572.38910931	109184915657.013
4.42696987379841e-05	0.378475288706759	6873570.12964426	90440951249.0968
4.43664986179134e-05	0.383394831000715	8319128.48536353	74725642478.1369
4.44650196960239e-05	0.388378973188554	10094122.5480087	61585563074.6461
4.45652818013785e-05	0.393427501937166	12278667.5128749	50628638666.1
4.46673047359559e-05	0.398540162196731	14973446.4085493	41516976373.0046
4.47711082677341e-05	0.403716656064742	18305238.2776928	33960345738.1282
4.48767121236657e-05	0.408956641647541	22433991.3694994	27710281708.6653
4.49841359825501e-05	0.41425973192034	27561887.6965126	22554776636.4294
4.5093399467802e-05	0.419625493586706	33944977.8991144	18313525567.7524
4.5204522140119e-05	0.425053445938547	41908138.247843	14833687360.6397
4.53175234900522e-05	0.430543059717641	51864327.2649242	11986123283.6478
4.54324229304791e-05	0.436093755979808	64339414.2380482	9662074608.09746
4.55492397889842e-05	0.441704904962833	80004237.349507	7770241192.15353
4.56679933001477e-05	0.447375824959286	99716053.5366117	6234224064.67593
4.57887025977468e-05	0.453105781195434	124572202.72262	4990296446.5572
4.59113867068702e-05	0.458893984717428	155979674.613212	3985469402.49346
4.6036064535951e-05	0.464739591286024	195745401.152378	3175820310.04856
4.6162754868719e-05	0.470641700281087	246193586.54452	2525054487.81622
4.62914763560766e-05	0.476599353617171	310318340.674526	2003272572.36211
4.64222475079013e-05	0.48261153467151	391982446.964447	1585918515.96312
4.65550866847773e-05	0.488677167225738	496176464.260193	1252885344.93559
4.66900120896605e-05	0.494795114422725	629356786.486375	987758031.569279
4.68270417594804e-05	0.500964177739921	799887094.596843	777174959.785858
4.69661935566812e-05	0.50718309598062	1018615266.92352	610291481.745808
4.7107485160707e-05	0.513450544284567	1299627835.16545	478330952.726179
4.72509340594346e-05	0.519765133159406	1661237228.29491	374210383.683977
4.73965575405569e-05	0.526125407534399	2127274308.36571	292229459.150602
4.75443726829224e-05	0.53252984583795	2728781340.04092	227813130.897636
4.76943963478328e-05	0.538976859100428	3506230203.34271	177299317.093252
4.78466451703049e-05	0.545464790083825	4512429506.88158	137764417.082993
4.80011355502987e-05	0.551991912439801	5816335076.28062	106880400.203221
4.81578836439187e-05	0.558556429897669	7508044690.10618	82798151.364397
4.83169053545896e-05	0.565156475483896	9705344573.36413	64052565.6813571
4.84782163242141e-05	0.571790110774715	12562288033.061	49485588.8646046
4.86418319243143e-05	0.57845532518344	16280433421.8699	38184009.2809139
4.88077672471633e-05	0.585150035284118	21123559170.4674	29429331.2959316
4.8976037096911e-05	0.591872084173131	27436920438.7696	22657507.1533442
4.91466559807087e-05	0.598619240870413	35672430834.9284	17426685.1663537
4.93196380998372e-05	0.605389199761952	46421563588.6685	13391453.7436432
4.94949973408438e-05	0.612179580085281	60458294534.3643	10282331.4251901
4.96727472666925e-05	0.618987925459693	78795085365.6763	7889479.64601826
4.98529011079329e-05	0.62581170346297	102755768304.005	6049803.65560731
5.00354717538921e-05	0.632648305256477	134070289681.517	4636763.48344212
5.02204717438955e-05	0.639495045260562	174997657162.511	3552345.98223344
5.04079132585216e-05	0.646349160882314	228485182094.572	2720755.10467976
5.05978081108946e-05	0.653207812297882	298374296242.783	2083464.41014147
5.07901677380224e-05	0.660068082291793	389665946078.822	1595346.56669116
5.09850031921829e-05	0.666926976155936	508861937067.572	1221652.05675886
5.11823251323654e-05	0.673781421651292	664402737546.208	935655.740992982
5.13821438157721e-05	0.680628269035937	867227290419.912	716827.350181514
5.15844690893846e-05	0.687464291163485	1131486461131.67	549412.006594796
5.17893103816015e-05	0.694286183656971	1475449011153.17	421330.897144735
5.19966766939518e-05	0.7010905651642	1922647553403.28	323331.369650373
5.22065765928901e-05	0.707873977701998	2503321914687.29	248330.938966935
5.24190182016787e-05	0.714632887098509	3256228740460.81	190911.741978488
5.26340091923625e-05	0.72136368354493	4230898980805.76	146931.498390699
5.28515567778414e-05	0.728062682270863	5490438914256.94	113224.529080661
5.30716677040462e-05	0.734726124361002	7114985233932.02	87372.2691358134
5.32943482422239e-05	0.74135017773521	9205939824075.29	67527.3219887882
5.35196041813364e-05	0.747930938319469	11891124254632.8	52278.7017591403
5.37474408205798e-05	0.754464431441763	15331006367590.8	40548.716925921
5.39778629620288e-05	0.76094661349492	19726159777224.4	31514.1301307631
5.42108749034112e-05	0.767373373917984	25326119238513.7	24545.9214552968
5.44464804310188e-05	0.773740537558985	32439787601852.1	19163.2928750968
5.468468281276e-05	0.780043867495073	41447529762597.3	14998.5640840896
5.49254847913585e-05	0.786279068401129	52815051316659.4	11770.3907830341
5.51688885777044e-05	0.792441790574885	67109099763469.2	9263.33777203113
5.54148958443626e-05	0.79852763474537	85014939068571.5	7312.30137024038
5.56635077192434e-05	0.804532157811567	107355429455163	5790.630443398
5.59147247794413e-05	0.810450879679065	135111389547312	4601.06724864576
5.61685470452461e-05	0.816279291383193	169442725262730	3668.83748515468
5.6424973974332e-05	0.822012864706457	211709579756276	2936.37813305105
5.66840044561294e-05	0.827647063514316	263492495873391	2359.31327498411
5.69456368063848e-05	0.833177357044343	326610296953148	1903.38091318845
5.7209868761913e-05	0.838599235387119	403134099970705	1542.08458189938
5.74766974755468e-05	0.843908227389932	495395600978561	1254.89750389027
5.77461195112886e-05	0.849099921193314	605987548440758	1025.88813328692
5.8018130839669e-05	0.854169987572649	737754184296456	842.667214308378
5.82927268333164e-05	0.859114206199473	893769429416705	695.58029936718
5.85699022627425e-05	0.863928494857524	1.07730076481693e+15	577.08779143412
5.88496512923473e-05	0.868608941545776	1.29175715363531e+15	481.288363985557
5.91319674766489e-05	0.873151839274939	1.5406199912128e+15	403.552103373923
5.94168437567413e-05	0.8775537232175	1.82735697181512e+15	340.237702329604
5.9704272456985e-05	0.881811409708902	2.15531990312796e+15	288.474110246425
5.99942452819329e-05	0.885922036426087	2.52762883182675e+15	245.991672908977
6.02867533134977e-05	0.889883102899146	2.94704627588567e+15	210.991318863468
6.05817870083617e-05	0.893692510353936	3.41584676680283e+15	182.043035831882
6.08793361956348e-05	0.897348599751766	3.93568813533614e+15	158.00692913019
6.11793900747628e-05	0.900850186800238	4.5074918636275e+15	137.971717479949
6.14819372136895e-05	0.904196592669942	5.13134022022212e+15	121.206715775225
6.17869655472765e-05	0.907387669175225	5.8063976721159e+15	107.124267336591
6.20944623759825e-05	0.910423817270173	6.53086316728776e+15	95.2502868759048
6.24044143648061e-05	0.913305997874424	7.30195831630273e+15	85.2011106903306
6.27168075424935e-05	0.91603573427288	8.11595437118798e+15	76.6652612009864
6.30316273010156e-05	0.918615105618028	8.96823838206973e+15	69.3890482990128
6.3348858395315e-05	0.921046731387323	9.85341624564319e+15	63.1651724824723
6.36684849433256e-05	0.923333746990698	1.0765447812853e+16	57.8236815460057
6.39904904262683e-05	0.925479771062356	1.16978070571682e+16	53.2247766493962
6.43148576892228e-05	0.927488865284111	1.26436587360507e+16	49.2530748840023
6.46415689419781e-05	0.929365487854599	1.35960421487649e+16	45.8130215730934
6.49706057601638e-05	0.931114441923614	1.45480525539573e+16	42.8252122921507
6.53019490866628e-05	0.93274082044327	1.54930115170438e+16	40.2234364251455
6.56355792333072e-05	0.934249948943461	1.64246187858118e+16	37.952294391325
6.5971475882858e-05	0.935647327720175	1.7337080060902e+16	35.965272100109
6.63096180912701e-05	0.936938574839	1.82252070266711e+16	34.2231807296718
6.66499842902426e-05	0.938129371214355	1.90844880304771e+16	32.6928891247344
6.69925522900562e-05	0.939225408841702	1.99111296654229e+16	31.3462911632807
6.73372992826962e-05	0.940232343050666	2.07020710883764e+16	30.1594622705517
6.76842018452632e-05	0.941155749426487	2.14549741093872e+16	29.1119685731023
6.803323594367e-05	0.942001085828931	2.21681928897691e+16	28.1862995366427
6.83843769366256e-05	0.942773659732732	2.28407274976911e+16	27.3674007459588
6.87375995799053e-05	0.943478600930065	2.34721656386911e+16	26.6422880951377
6.90928780309062e-05	0.944120839478835	2.4062616671024e+16	25.9997283198261
6.94501858534886e-05	0.94470508865352	2.46126416076313e+16	25.4299737215092
6.98094960231003e-05	0.945235832558271	2.51231822720012e+16	24.9245412640245
7.01707809321844e-05	0.945717317993662	2.55954921804318e+16	24.4760280876334
7.05340123958691e-05	0.946153550126228	2.60310711221659e+16	24.0779569824007
7.08991616579365e-05	0.946548291490269	2.6431604841817e+16	23.7246465660758
7.1266199397071e-05	0.946905063850413	2.67989107222949e+16	23.4111018817474
7.16350957333833e-05	0.947227152467308	2.71348899361276e+16	23.1329219142927
7.20058202352097e-05	0.947517612333762	2.74414861841455e+16	22.886221159235
7.23783419261825e-05	0.947779275981279	2.77206508712839e+16	22.6675628925457
7.27526292925715e-05	0.948014762494467	2.79743143732985e+16	22.473902208594
7.31286502908912e-05	0.948226487410681	2.82043629161573e+16	22.3025372345065
7.35063723557738e-05	0.948416673222668	2.84126205111825e+16	22.1510672075587
7.3885762408102e-05	0.948587360241446	2.86008353529888e+16	22.0173563297897
7.42667868634013e-05	0.948740417614063	2.87706700838667e+16	21.8995025003925
7.46494116404858e-05	0.948877554325604	2.89236953486237e+16	21.7958101792881
7.50336021703564e-05	0.94900033004637	2.9061386100466e+16	21.7047667608413
7.54193234053454e-05	0.949110165713371	2.91851201651611e+16	21.6250219399661
7.58065398285058e-05	0.949208353760088	2.92961786226387e+16	21.5553696379434
7.61952154632387e-05	0.949296067930019	2.93957476187349e+16	21.4947321254666
7.65853138831577e-05	0.949374372627937	2.94849212723588e+16	21.4421460384103
7.69767982221826e-05	0.949444231778391	2.95647053931542e+16	21.3967500297935
7.73696311848604e-05	0.949506517173891	2.96360217706462e+16	21.357773841159
7.77637750569074e-05	0.949562016305916	2.9699712837273e+16	21.3245286095933
7.81591917159684e-05	0.949611439680434	2.9756546544378e+16	21.2963982540539
7.85558426425863e-05	0.949655427626458	2.98072213222096e+16	21.2728318075378
7.89536889313802e-05	0.949694556611451	2.98523710224593e+16	21.2533365807305
7.93526913024221e-05	0.949729345081357	2.98925697651903e+16	21.2374720587647
7.97528101128113e-05	0.949760258845955	2.99283366315573e+16	21.2248444461507
8.01540053684369e-05	0.949787716032196	2.9960140159916e+16	21.2151017862478
8.05562367359259e-05	0.949812091629415	2.9988402616176e+16	21.2079295912059
8.0959463554768e-05	0.949833721650946	3.00135040199693e+16	21.2030469264072
8.1363644849614e-05	0.949852906936796	3.00357859167548e+16	21.2002029003431
8.17687393427387e-05	0.949869916621791	3.00555548926939e+16	21.1991735167512
8.21747054666647e-05	0.949884991293044	3.00730858343161e+16	21.1997588509054
8.25815013769384e-05	0.949898345859848	3.00886249389065e+16	21.201780516311
8.29890849650534e-05	0.949910172158142	3.0102392484417e+16	21.2050793918368
8.33974138715134e-05	0.949920641310639	3.01145853697315e+16	21.2095135826015
8.38064454990287e-05	0.949929905862607	3.01253794374585e+16	21.2149565908018
8.4216137025839e-05	0.949938101712096	3.01349315922305e+16	21.2212956751871
8.46264454191558e-05	0.949945349852229	3.0143381727872e+16	21.2284303801029
8.50373274487173e-05	0.949951757942018	3.01508544768488e+16	21.2362712169851
8.54487397004482e-05	0.949957421720973	3.01574607952204e+16	21.244738482927
8.58606385902185e-05	0.949962426281687	3.01632993959328e+16	21.2537612024891
8.62729803776922e-05	0.949966847213477	3.01684580427823e+16	21.2632761803031
8.66857211802607e-05	0.949970751629128	3.01730147167773e+16	21.2732271532591
8.70988169870511e-05	0.949974199085842	3.01770386659643e+16	21.2835640321738
8.75122236730045e-05	0.949977242410522	3.01805913490955e+16	21.2942422238368
8.79258970130142e-05	0.9499799284387	3.01837272828128e+16	21.3052220252276
8.83397926961188e-05	0.949982298675591	3.01864948013229e+16	21.3164680825063
8.87538663397406e-05	0.949984389886997	3.01889367368554e+16	21.3279489081122
8.91680735039626e-05	0.949986234627099	3.01910910285377e+16	21.3396364499623
8.95823697058364e-05	0.949987861709526	3.01929912666863e+16	21.3515057073391
8.99967104337131e-05	0.949989296627494	3.019466717892e+16	21.3635343885959
9.04110511615899e-05	0.949990561928251	3.01961450639366e+16	21.3757026062927
9.08253473634637e-05	0.949991677546589	3.01974481782696e+16	21.3879926058199
9.12395545276857e-05	0.949992661101694	3.01985970808528e+16	21.400388523961
9.16536281713075e-05	0.949993528161195	3.01996099397687e+16	21.4128761742082
9.20675238544121e-05	0.949994292475911	3.02005028051372e+16	21.4254428559684
9.24811971944218e-05	0.949994966188407	3.02012898517206e+16	21.4380771850909
9.28946038803752e-05	0.949995560018186	3.02019835944668e+16	21.4507689434126
9.33076996871656e-05	0.94999608342605	3.02025950798921e+16	21.4635089452564
9.37204404897341e-05	0.949996544759883	3.02031340559135e+16	21.4762889190319
9.41327822772078e-05	0.949996951383905	3.02036091224732e+16	21.4891014022853
9.45446811669781e-05	0.949997309793207	3.02040278650562e+16	21.5019396487139
9.4956093418709e-05	0.949997625715197	3.02043969729852e+16	21.5147975458252
9.53669754482705e-05	0.949997904199412	3.02047223441756e+16	21.5276695420551
9.57772838415873e-05	0.949998149697005	3.02050091778598e+16	21.5405505822915
9.61869753683976e-05	0.949998366131047	3.02052620566249e+16	21.5534360508594
9.65960069959129e-05	0.949998556958696	3.02054850189654e+16	21.5663217211303
9.70043359023729e-05	0.949998725226152	3.02056816234221e+16	21.5792037110048
9.74119194904879e-05	0.949998873617204	3.02058550052609e+16	21.5920784436053
9.78187154007616e-05	0.94999900449612	3.02060079265415e+16	21.6049426125825
9.82246815246876e-05	0.949999119945513	3.02061428203317e+16	21.6177931515109
9.86297760178123e-05	0.949999221799765	3.0206261829739e+16	21.630627206904
9.90339573126583e-05	0.949999311674524	3.02063668423564e+16	21.6434421144309
9.94371841315004e-05	0.94999939099273	3.02064595206523e+16	21.6562353779677
9.98394154989894e-05	0.949999461007556	3.02065413287758e+16	21.6690046511527
0.000100240610754615	0.949999522822653	3.02066135561916e+16	21.6817477211557
0.000100640729565004	0.949999577409983	3.02066773385181e+16	21.6944624944031
0.000101039731936046	0.949999625625545	3.02067336758916e+16	21.7071469840298
0.00010143757822484	0.949999668223225	3.02067834491509e+16	21.7197992988561
0.000101834229151458	0.949999705867006	3.02068274340945e+16	21.7324176337093
0.000102229645810519	0.949999739141714	3.02068663140405e+16	21.7450002609318
0.000102623789682566	0.949999768562491	3.02069006908883e+16	21.7575455229353
0.000103016622645244	0.949999794583128	3.02069310948593e+16	21.7700518256771
0.000103408106984269	0.94999981760341	3.02069579930735e+16	21.7825176329478
0.000103798205404188	0.949999837975578	3.02069817971001e+16	21.7949414613754
0.000104186881038921	0.949999856010019	3.02070028696047e+16	21.8073218760576
0.000104574097462081	0.949999871980269	3.02070215301998e+16	21.8196574867492
0.00010495981869707	0.949999886127426	3.02070380605938e+16	21.8319469445351
0.000105344009226941	0.949999898664026	3.02070527091236e+16	21.844188938933
0.000105726634004025	0.949999909777459	3.02070656947423e+16	21.8563821953712
0.000106107658459324	0.949999919632966	3.02070772105298e+16	21.8685254729973
0.000106487048511653	0.949999928376295	3.02070874267808e+16	21.8806175627759
0.000106864770576535	0.949999936136012	3.02070964937231e+16	21.8926572858417
0.000107240791574855	0.949999943025563	3.02071045439096e+16	21.9046434920742
0.000107615078941244	0.949999949145064	3.02071116943233e+16	21.9165750588681
0.000107987600632217	0.949999954582893	3.02071180482294e+16	21.9284508900738
0.000108358325134043	0.949999959417082	3.02071236968057e+16	21.9402699150877
0.000108727221470355	0.949999963716548	3.02071287205778e+16	21.9520310880717
0.00010909425920949	0.949999967542172	3.0207133190682e+16	21.9637333872872
0.000109459408471557	0.949999970947747	3.02071371699768e+16	21.975375814527
0.000109822639935242	0.949999973980826	3.02071407140219e+16	21.9869573946338
0.000110183924844326	0.949999976683447	3.020714387194e+16	21.9984771750919
0.000110543235013938	0.949999979092793	3.02071466871755e+16	22.0099342256851
0.00011090054283652	0.949999981241755	3.02071491981629e+16	22.0213276382085
0.000111255821287521	0.949999983159444	3.02071514389155e+16	22.0326565262289
0.000111609043930801	0.949999984871628	3.02071534395433e+16	22.0439200248862
0.000111960184923756	0.949999986401128	3.02071552267106e+16	22.0551172907294
0.000112309219022163	0.949999987768158	3.02071568240384e+16	22.0662475015826
0.00011265612158473	0.949999988990634	3.02071582524586e+16	22.0773098564358
0.00011300086857737	0.949999990084435	3.02071595305278e+16	22.0883035753564
0.000113343436577184	0.949999991063646	3.02071606747022e+16	22.0992278994186
0.000113683802776156	0.949999991940762	3.02071616995813e+16	22.1100820906465
0.000114021944984568	0.94999999272687	3.02071626181224e+16	22.1208654319683
0.000114357841634119	0.949999993431818	3.02071634418296e+16	22.1315772271805
0.000114691471780763	0.94999999406435	3.02071641809215e+16	22.1422168009173
0.000115022815107263	0.949999994632237	3.0207164844478e+16	22.1527834986265
0.000115351851925448	0.949999995142387	3.02071654405709e+16	22.1632766865476
0.000115678563178204	0.949999995600944	3.02071659763787e+16	22.1736957516921
0.000116002930441158	0.949999996013373	3.02071664582884e+16	22.1840401018243
0.000116324935924101	0.949999996384541	3.02071668919854e+16	22.1943091654417
0.000116644562472111	0.94999999671878	3.02071672825324e+16	22.2045023917535
0.000116961793566411	0.949999997019951	3.020716763444e+16	22.2146192506575
0.000117276613324933	0.949999997291494	3.02071679517288e+16	22.224659232713
0.00011758900650262	0.949999997536478	3.02071682379839e+16	22.2346218491109
0.000117898958491444	0.94999999775764	3.02071684964042e+16	22.2445066316388
0.00011820645532015	0.949999997957424	3.02071687298448e+16	22.2543131326421
0.000118511483653737	0.949999998138012	3.02071689408555e+16	22.2640409249796
0.000118814030792664	0.949999998301353	3.02071691317145e+16	22.2736896019736
0.000119114084671792	0.949999998449191	3.02071693044583e+16	22.2832587773548
0.000119411633859065	0.949999998583085	3.02071694609082e+16	22.2927480852007
0.000119706667553929	0.949999998704428	3.0207169602694e+16	22.3021571798682
0.000119999175585493	0.949999998814471	3.02071697312749e+16	22.3114857359198
0.000120289148410441	0.949999998914331	3.02071698479579e+16	22.3207334480435
0.000120576577110685	0.949999999005011	3.02071699539143e+16	22.3299000309659
0.000120861453390777	0.949999999087409	3.02071700501943e+16	22.3389852193594
0.000121143769575079	0.949999999162333	3.02071701377404e+16	22.347988767742
0.000121423518604684	0.949999999230506	3.02071702173981e+16	22.3569104503709
0.00012170069403411	0.949999999292578	3.02071702899273e+16	22.3657500611297
0.000121975290027757	0.949999999349134	3.02071703560104e+16	22.3745074134087
0.000122247301356138	0.949999999400698	3.02071704162611e+16	22.3831823399786
0.000122516723391879	0.949999999447743	3.02071704712316e+16	22.3917746928577
0.000122783552105513	0.949999999490694	3.02071705214187e+16	22.4002843431734
0.000123047784061042	0.949999999529934	3.02071705672698e+16	22.4087111810158
0.000123309416411297	0.949999999565809	3.02071706091883e+16	22.4170551152865
0.000123568446893094	0.949999999598629	3.02071706475376e+16	22.4253160735408
0.00012382487382218	0.949999999628676	3.02071706826455e+16	22.433494001823
0.000124078696087985	0.949999999656201	3.02071707148082e+16	22.4415888644969
0.000124329913148183	0.949999999681435	3.02071707442929e+16	22.4496006440698
0.000124578525023064	0.949999999704583	3.0207170771341e+16	22.4575293410107
0.000124824532289722	0.949999999725833	3.0207170796171e+16	22.4653749735633
0.000125067936076068	0.949999999745354	3.02071708189804e+16	22.4731375775531
0.000125308738054666	0.949999999763299	3.02071708399479e+16	22.4808172061895
0.000125546940436407	0.949999999779805	3.02071708592356e+16	22.4884139298626
0.000125782545964015	0.949999999795	3.02071708769901e+16	22.4959278359348
0.000126015557905397	0.949999999808997	3.02071708933445e+16	22.5033590285278
0.000126245980046847	0.949999999821898	3.02071709084195e+16	22.5107076283047
0.00012647381668609	0.949999999833799	3.02071709223247e+16	22.5179737722472
0.000126699072625202	0.949999999844783	3.02071709351596e+16	22.5251576134295
0.00012692175316338	0.949999999854929	3.02071709470146e+16	22.5322593207861
0.000127141864089585	0.949999999864306	3.0207170957972e+16	22.5392790788776
0.000127359411675064	0.94999999987298	3.02071709681066e+16	22.5462170876508
0.000127574402665748	0.949999999881007	3.02071709774866e+16	22.5530735621961
0.000127786844274536	0.949999999888442	3.0207170986174e+16	22.559848732501
0.000127996744173474	0.949999999895333	3.02071709942254e+16	22.5665428432001
0.000128204110485825	0.949999999901723	3.02071710016923e+16	22.5731561533217
0.000128408951778042	0.949999999907654	3.02071710086219e+16	22.579688936032
0.000128611277051654	0.949999999913161	3.0207171015057e+16	22.5861414783752
0.000128811095735061	0.949999999918279	3.02071710210371e+16	22.5925140810123
0.000129008417675243	0.949999999923038	3.02071710265979e+16	22.598807057956
0.000129203253129404	0.949999999927466	3.02071710317723e+16	22.6050207363042
0.000129395612756532	0.94999999993159	3.02071710365903e+16	22.6111554559705
0.000129585507608905	0.949999999935432	3.02071710410795e+16	22.6172115694131
0.000129772949123531	0.949999999939014	3.0207171045265e+16	22.6231894413617
0.000129957949113534	0.949999999942356	3.020717104917e+16	22.6290894485427
0.000130140519759493	0.949999999945476	3.02071710528156e+16	22.6349119794028
0.000130320673600734	0.94999999994839	3.02071710562213e+16	22.6406574338309
0.000130498423526583	0.949999999951115	3.0207171059405e+16	22.6463262228796
0.000130673782767589	0.949999999953664	3.0207171062383e+16	22.6519187684847
0.000130846764886718	0.949999999956049	3.02071710651705e+16	22.6574355031841
0.000131017383770515	0.949999999958284	3.02071710677814e+16	22.6628768698368
0.000131185653620263	0.949999999960378	3.02071710702283e+16	22.6682433213396
0.000131351588943112	0.949999999962342	3.02071710725232e+16	22.6735353203451
0.000131515204543212	0.949999999964185	3.02071710746767e+16	22.6787533389784
0.000131676515512837	0.949999999965916	3.0207171076699e+16	22.6838978585541
0.000131835537223508	0.949999999967542	3.02071710785992e+16	22.688969369293
0.000131992285317128	0.949999999969071	3.02071710803858e+16	22.6939683700397
0.000132146775697121	0.949999999970509	3.02071710820668e+16	22.6988953679793
0.000132299024519593	0.949999999971864	3.02071710836492e+16	22.7037508783562
0.000132449048184504	0.94999999997314	3.020717108514e+16	22.708535424192
0.000132596863326869	0.949999999974342	3.02071710865452e+16	22.7132495360052
0.000132742486807992	0.949999999975477	3.02071710878706e+16	22.7178937515313
0.000132885935706719	0.949999999976547	3.02071710891215e+16	22.722468615444
0.000133027227310745	0.949999999977558	3.02071710903029e+16	22.7269746790778
0.000133166379107946	0.949999999978514	3.02071710914193e+16	22.7314125001519
0.000133303408777766	0.949999999979417	3.0207171092475e+16	22.7357826424949
0.000133438334182649	0.949999999980272	3.02071710934738e+16	22.740085675772
0.000133571173359525	0.949999999981081	3.02071710944195e+16	22.7443221752135
0.00013370194451135	0.949999999981848	3.02071710953153e+16	22.7484927213444
0.000133830665998707	0.949999999982575	3.02071710961646e+16	22.7525978997172
0.000133957356331475	0.949999999983264	3.02071710969701e+16	22.7566383006458
0.000134082034160556	0.949999999983918	3.02071710977346e+16	22.7606145189417
0.00013420471826968	0.94999999998454	3.02071710984607e+16	22.7645271536528
0.000134325427567279	0.94999999998513	3.02071710991506e+16	22.7683768078041
0.000134444181078442	0.949999999985692	3.02071710998067e+16	22.7721640881412
0.000134560997936947	0.949999999986226	3.02071711004308e+16	22.7758896048758
0.000134675897377374	0.949999999986734	3.0207171101025e+16	22.7795539714348
0.000134788898727307	0.949999999987219	3.02071711015911e+16	22.7831578042112
0.000134900021399624	0.94999999998768	3.02071711021306e+16	22.7867017223183
0.000135009284884876	0.949999999988121	3.02071711026451e+16	22.7901863473465
0.000135116708743761	0.949999999988541	3.02071711031361e+16	22.7936123031235
0.000135222312599692	0.949999999988942	3.02071711036049e+16	22.7969802154772
0.00013532611613147	0.949999999989326	3.02071711040529e+16	22.8002907120019
0.000135428139066048	0.949999999989692	3.0207171104481e+16	22.8035444218277
0.000135528401171402	0.949999999990043	3.02071711048906e+16	22.806741975393
0.000135626922249513	0.949999999990378	3.02071711052825e+16	22.8098840042209
0.000135723722129442	0.949999999990699	3.02071711056579e+16	22.8129711406979
0.000135818820660529	0.949999999991007	3.02071711060175e+16	22.8160040178576
0.00013591223770569	0.949999999991302	3.02071711063622e+16	22.8189832691664
0.000136003993134831	0.949999999991585	3.02071711066929e+16	22.8219095283136
0.000136094106818379	0.949999999991857	3.02071711070102e+16	22.8247834290054
0.000136182598620921	0.949999999992117	3.02071711073149e+16	22.8276056047616
0.000136269488394961	0.949999999992368	3.02071711076076e+16	22.8303766887168
0.000136354795974801	0.949999999992609	3.0207171107889e+16	22.833097313425
0.00013643854117053	0.94999999999284	3.02071711081596e+16	22.8357681106681
0.000136520743762142	0.949999999993063	3.020717110842e+16	22.8383897112683
0.000136601423493768	0.949999999993278	3.02071711086706e+16	22.840962744904
0.000136680600068035	0.949999999993484	3.0207171108912e+16	22.8434878399299
0.000136758293140543	0.949999999993683	3.02071711091446e+16	22.8459656232012
0.000136834522314466	0.949999999993875	3.02071711093688e+16	22.8483967199008
0.000136909307135275	0.94999999999406	3.02071711095851e+16	22.8507817533717
0.000136982667085593	0.949999999994239	3.02071711097938e+16	22.8531213449524
0.000137054621580162	0.949999999994411	3.02071711099952e+16	22.8554161138165
0.000137125189960943	0.949999999994578	3.02071711101898e+16	22.8576666768167
0.000137194391492338	0.949999999994739	3.02071711103777e+16	22.8598736483319
0.000137262245356541	0.949999999994894	3.02071711105594e+16	22.8620376401196
0.000137328770649005	0.949999999995044	3.0207171110735e+16	22.8641592611707
0.000137393986374046	0.94999999999519	3.02071711109049e+16	22.8662391175696
0.000137457911440561	0.94999999999533	3.02071711110693e+16	22.8682778123578
0.00013752056465788	0.949999999995467	3.02071711112285e+16	22.8702759454012
0.000137581964731734	0.949999999995599	3.02071711113826e+16	22.8722341132619
0.000137642130260354	0.949999999995726	3.02071711115319e+16	22.8741529090735
0.000137701079730692	0.94999999999585	3.02071711116765e+16	22.8760329224209
0.000137758831514763	0.94999999999597	3.02071711118167e+16	22.8778747392231
0.000137815403866112	0.949999999996087	3.02071711119527e+16	22.8796789416213
0.000137870814916402	0.949999999996199	3.02071711120845e+16	22.8814461078693
0.000137925082672126	0.949999999996309	3.02071711122124e+16	22.8831768122291
0.000137978225011434	0.949999999996415	3.02071711123365e+16	22.8848716248697
0.000138030259681091	0.949999999996518	3.0207171112457e+16	22.8865311117699
0.000138081204293538	0.949999999996618	3.0207171112574e+16	22.8881558346246
0.000138131076324089	0.949999999996715	3.02071711126876e+16	22.8897463507556
0.000138179893108228	0.94999999999681	3.02071711127979e+16	22.891303213025
0.00013822767183904	0.949999999996902	3.02071711129052e+16	22.8928269697539
0.000138274429564738	0.949999999996991	3.02071711130093e+16	22.8943181646428
0.000138320183186321	0.949999999997078	3.02071711131106e+16	22.8957773366974
0.000138364949455335	0.949999999997162	3.0207171113209e+16	22.8972050201572
0.000138408744971748	0.949999999997244	3.02071711133047e+16	22.8986017444273
0.000138451586181935	0.949999999997323	3.02071711133978e+16	22.8999680340146
0.000138493489376773	0.949999999997401	3.02071711134883e+16	22.9013044084669
0.000138534470689844	0.949999999997476	3.02071711135764e+16	22.9026113823154
0.000138574546095742	0.949999999997549	3.02071711136621e+16	22.9038894650211
0.000138613731408485	0.949999999997621	3.02071711137454e+16	22.9051391609238
0.000138652042280035	0.94999999999769	3.02071711138266e+16	22.9063609691948
0.000138689494198913	0.949999999997758	3.02071711139055e+16	22.9075553837934
0.000138726102488919	0.949999999997824	3.02071711139824e+16	22.9087228934251
0.000138761882307947	0.949999999997888	3.02071711140572e+16	22.909863981505
0.000138796848646905	0.94999999999795	3.020717111413e+16	22.9109791261219
0.000138831016328717	0.949999999998011	3.02071711142009e+16	22.912068800008
0.000138864400007433	0.94999999999807	3.02071711142699e+16	22.9131334705094
0.000138897014167426	0.949999999998127	3.02071711143371e+16	22.9141735995609
0.00013892887312267	0.949999999998183	3.02071711144026e+16	22.9151896436629
0.000138959991016126	0.949999999998238	3.02071711144663e+16	22.916182053862
0.000138990381819197	0.949999999998291	3.02071711145284e+16	22.9171512757335
0.000139020059331281	0.949999999998343	3.02071711145888e+16	22.9180977493669
0.000139049037179399	0.949999999998393	3.02071711146477e+16	22.9190219093546
0.000139077328817909	0.949999999998442	3.02071711147051e+16	22.9199241847821
0.000139104947528301	0.94999999999849	3.02071711147609e+16	22.9208049992221
0.000139131906419069	0.949999999998536	3.02071711148153e+16	22.9216647707298
0.000139158218425657	0.949999999998582	3.02071711148683e+16	22.9225039118419
0.000139183896310485	0.949999999998626	3.02071711149199e+16	22.9233228295766
0.000139208952663043	0.949999999998669	3.02071711149701e+16	22.9241219254373
0.000139233399900059	0.949999999998711	3.02071711150191e+16	22.9249015954177
0.000139257250265733	0.949999999998752	3.02071711150668e+16	22.9256622300092
0.000139280515832046	0.949999999998791	3.02071711151132e+16	22.9264042142106
0.000139303208499127	0.94999999999883	3.02071711151584e+16	22.9271279275403
0.000139325339995683	0.949999999998868	3.02071711152025e+16	22.9278337440495
0.000139346921879501	0.949999999998904	3.02071711152453e+16	22.9285220323387
0.000139367965538	0.94999999999894	3.02071711152871e+16	22.9291931555746
0.000139388482188847	0.949999999998975	3.02071711153278e+16	22.9298474715106
0.000139408482880625	0.949999999999009	3.02071711153674e+16	22.9304853325076
0.000139427978493565	0.949999999999042	3.02071711154059e+16	22.9311070855571
0.00013944697974032	0.949999999999074	3.02071711154435e+16	22.9317130723066
0.000139465497166799	0.949999999999105	3.020717111548e+16	22.9323036290857
0.000139483541153044	0.949999999999136	3.02071711155156e+16	22.9328790869341
0.000139501121914164	0.949999999999166	3.02071711155503e+16	22.9334397716315
0.000139518249501304	0.949999999999194	3.0207171115584e+16	22.9339860037285
0.000139534933802668	0.949999999999222	3.02071711156168e+16	22.934518098579
0.000139551184544577	0.94999999999925	3.02071711156488e+16	22.9350363663746
0.000139567011292577	0.949999999999276	3.02071711156799e+16	22.9355411121791
0.000139582423452582	0.949999999999302	3.02071711157102e+16	22.9360326359653
0.000139597430272047	0.949999999999327	3.02071711157396e+16	22.9365112326525
0.000139612040841195	0.949999999999352	3.02071711157683e+16	22.9369771921458
0.000139626264094262	0.949999999999376	3.02071711157962e+16	22.9374307993753
0.000139640108810785	0.949999999999399	3.02071711158233e+16	22.9378723343375
0.000139653583616917	0.949999999999422	3.02071711158497e+16	22.9383020721371
0.000139666696986773	0.949999999999444	3.02071711158754e+16	22.9387202830304
0.000139679457243806	0.949999999999465	3.02071711159003e+16	22.9391272324682
0.000139691872562208	0.949999999999486	3.02071711159246e+16	22.9395231811417
0.00013970395096834	0.949999999999506	3.02071711159483e+16	22.9399083850269
0.000139715700342178	0.949999999999526	3.02071711159712e+16	22.9402830954318
0.000139727128418792	0.949999999999545	3.02071711159936e+16	22.9406475590427
0.000139738242789842	0.949999999999563	3.02071711160153e+16	22.9410020179725
0.000139749050905088	0.949999999999581	3.02071711160364e+16	22.9413467098085
0.00013975956007393	0.949999999999599	3.02071711160569e+16	22.9416818676616
0.000139769777466954	0.949999999999616	3.02071711160769e+16	22.942007720216
0.000139779710117505	0.949999999999633	3.02071711160963e+16	22.9423244917785
0.000139789364923261	0.949999999999649	3.02071711161151e+16	22.9426324023297
0.000139798748647836	0.949999999999664	3.02071711161334e+16	22.9429316675742
0.000139807867922383	0.94999999999968	3.02071711161512e+16	22.9432224989926
0.000139816729247213	0.949999999999695	3.02071711161685e+16	22.9435051038923
0.000139825338993423	0.949999999999709	3.02071711161853e+16	22.94377968546
0.000139833703404534	0.949999999999723	3.02071711162016e+16	22.9440464428138
0.000139841828598135	0.949999999999736	3.02071711162175e+16	22.9443055710556
0.000139849720567533	0.94999999999975	3.02071711162328e+16	22.9445572613234
0.000139857385183411	0.949999999999762	3.02071711162478e+16	22.944801700845
0.000139864828195489	0.949999999999775	3.02071711162623e+16	22.9450390729899
0.000139872055234186	0.949999999999787	3.02071711162764e+16	22.9452695573233
0.000139879071812288	0.949999999999799	3.02071711162901e+16	22.9454933296585
0.000139885883326617	0.94999999999981	3.02071711163033e+16	22.9457105621109
0.000139892495059699	0.949999999999821	3.02071711163162e+16	22.9459214231503
0.000139898912181431	0.949999999999832	3.02071711163287e+16	22.946126077655
0.00013990513975075	0.949999999999842	3.02071711163409e+16	22.9463246869641
0.000139911182717296	0.949999999999852	3.02071711163526e+16	22.9465174089315
0.000139917045923078	0.949999999999862	3.0207171116364e+16	22.9467043979782
0.000139922734104126	0.949999999999871	3.02071711163751e+16	22.9468858051453
0.000139928251892151	0.94999999999988	3.02071711163859e+16	22.9470617781473
0.000139933603816192	0.949999999999889	3.02071711163963e+16	22.9472324614238
0.000139938794304255	0.949999999999898	3.02071711164064e+16	22.9473979961928
0.000139943827684956	0.949999999999906	3.02071711164162e+16	22.9475585205021
0.000139948708189144	0.949999999999915	3.02071711164257e+16	22.9477141692819
0.000139953439951525	0.949999999999923	3.02071711164349e+16	22.9478650743958
0.000139958027012273	0.94999999999993	3.02071711164439e+16	22.948011364693
0.000139962473318637	0.949999999999938	3.02071711164525e+16	22.9481531660588
0.000139966782726528	0.949999999999945	3.02071711164609e+16	22.9482906014659
0.000139970959002109	0.949999999999952	3.02071711164691e+16	22.9484237910244
0.000139975005823363	0.949999999999958	3.0207171116477e+16	22.9485528520324
0.000139978926781658	0.949999999999965	3.02071711164846e+16	22.9486778990256
0.000139982725383293	0.949999999999971	3.0207171116492e+16	22.9487990438267
0.000139986405051038	0.949999999999978	3.02071711164992e+16	22.9489163955945
0.000139989969125659	0.949999999999984	3.02071711165061e+16	22.9490300608726
0.000139993420867426	0.949999999999989	3.02071711165128e+16	22.9491401436372
0.000139996763457618	0.949999999999995	3.02071711165193e+16	22.9492467453457
0.00014	0.95	3.02071711165256e+16	22.949349964983
