Position  (cm)	Ecb (eV)	Evb (eV)	Efn (eV)	Efp (eV)
0	-3.8	-5.4	-5.00000000278731	-5
2.12151739152832e-09	-3.80004243073242	-5.40004243073242	-5.00000228838145	-4.99999999999047
4.34707627935975e-09	-3.8000869423129	-5.4000869423129	-5.00000468225088	-4.99999999997948
6.68121450657862e-09	-3.80013362549902	-5.40013362549902	-5.0000071887232	-4.99999999996679
9.12863752259283e-09	-3.80018257440051	-5.40018257440051	-5.00000981224689	-4.99999999995217
1.16942230432444e-08	-3.80023388657242	-5.40023388657243	-5.00001255739108	-4.99999999993532
1.43830257664662e-08	-3.80028766310951	-5.40028766310951	-5.00001542884485	-4.99999999991593
1.72002821403399e-08	-3.80034400874151	-5.40034400874151	-5.00001843141624	-4.99999999989363
2.01514151801996e-08	-3.80040303192955	-5.40040303192955	-5.00002157003085	-4.99999999986799
2.32420393311509e-08	-3.80046484496335	-5.40046484496335	-5.00002484972998	-4.99999999983854
2.64779653721458e-08	-3.80052956405934	-5.40052956405934	-5.00002827566833	-4.99999999980474
2.9865205357556e-08	-3.80059730945946	-5.40059730945946	-5.00003185311121	-4.99999999976597
3.34099775918348e-08	-3.80066820553068	-5.40066820553068	-5.00003558743119	-4.99999999972154
3.71187116327228e-08	-3.80074238086504	-5.40074238086505	-5.00003948410426	-4.99999999967065
4.09980533181195e-08	-3.80081996838022	-5.40081996838022	-5.00004354870528	-4.99999999961241
4.50548698114988e-08	-3.80090110542039	-5.40090110542039	-5.00004778690296	-4.99999999954581
4.92962546604839e-08	-3.80098593385744	-5.40098593385744	-5.00005220445397	-4.9999999994697
5.37295328629467e-08	-3.80107460019226	-5.40107460019226	-5.00005680719658	-4.99999999938278
5.83622659346949e-08	-3.80116725565613	-5.40116725565613	-5.00006160104334	-4.9999999992836
6.32022569725685e-08	-3.80126405631192	-5.40126405631192	-5.00006659197313	-4.99999999917049
6.82575557064784e-08	-3.80136516315521	-5.40136516315521	-5.00007178602237	-4.99999999904162
7.35364635336391e-08	-3.80147074221491	-5.40147074221491	-5.00007718927534	-4.99999999889487
7.90475385279966e-08	-3.80158096465345	-5.40158096465345	-5.00008280785366	-4.9999999987279
8.47996004175491e-08	-3.80169600686637	-5.40169600686637	-5.00008864790483	-4.99999999853805
9.08017355220112e-08	-3.80181605058103	-5.40181605058103	-5.00009471558986	-4.99999999832235
9.70633016429694e-08	-3.80194128295441	-5.40194128295441	-5.00010101706988	-4.99999999807746
1.03593932898425e-07	-3.80207189666983	-5.40207189666983	-5.0001075584918	-4.99999999779961
1.10403544493356e-07	-3.80220809003232	-5.40220809003232	-5.00011434597284	-4.99999999748462
1.17502337417614e-07	-3.80235006706262	-5.40235006706262	-5.00012138558413	-4.99999999712777
1.24900803062315e-07	-3.80249803758944	-5.40249803758944	-5.00012868333315	-4.99999999672379
1.32609727745455e-07	-3.80265221734003	-5.40265221734003	-5.00013624514514	-4.99999999626679
1.40640197137427e-07	-3.80281282802867	-5.40281282802867	-5.00014407684333	-4.99999999575019
1.49003600576674e-07	-3.80298009744297	-5.40298009744297	-5.00015218412818	-4.99999999516663
1.5771163526564e-07	-3.80315425952776	-5.40315425952776	-5.00016057255543	-4.99999999450792
1.66776310336782e-07	-3.80333555446646	-5.40333555446646	-5.00016924751308	-4.99999999376492
1.76209950778339e-07	-3.80352422875957	-5.40352422875957	-5.00017821419729	-4.99999999292744
1.86025201209182e-07	-3.80372053530014	-5.40372053530014	-5.00018747758725	-4.99999999198417
1.96235029491986e-07	-3.80392473344605	-5.40392473344605	-5.00019704241894	-4.9999999909225
2.06852730173672e-07	-3.80413708908882	-5.40413708908882	-5.000206913158	-4.99999998972844
2.17891927741934e-07	-3.8043578747187	-5.4043578747187	-5.00021709397154	-4.99999998838645
2.29366579686445e-07	-3.80458736948595	-5.40458736948595	-5.00022758869918	-4.99999998687931
2.41290979353221e-07	-3.80482585925786	-5.40482585925786	-5.0002384008232	-4.99999998518791
2.53679758580406e-07	-3.80507363667149	-5.40507363667149	-5.00024953343797	-4.99999998329111
2.66547890103673e-07	-3.80533100118177	-5.40533100118177	-5.00026098921872	-4.9999999811655
2.79910689719234e-07	-3.80559825910477	-5.40559825910477	-5.00027277038984	-4.99999997878521
2.93783818192436e-07	-3.80587572365582	-5.40587572365582	-5.00028487869267	-4.99999997612166
3.08183282899734e-07	-3.80616371498241	-5.40616371498241	-5.00029731535304	-4.9999999731433
3.2312543919183e-07	-3.80646256019138	-5.40646256019138	-5.00031008104872	-4.99999996981534
3.38626991465696e-07	-3.80677259337039	-5.40677259337039	-5.00032317587679	-4.99999996609944
3.54704993933107e-07	-3.80709415560331	-5.40709415560331	-5.00033659932127	-4.99999996195337
3.71376851073405e-07	-3.8074275949792	-5.4074275949792	-5.00035035022111	-4.99999995733071
3.88660317758096e-07	-3.80777326659487	-5.40777326659487	-5.00036442673876	-4.9999999521804
4.06573499035004e-07	-3.80813153255052	-5.40813153255052	-5.00037882632955	-4.99999994644637
4.251348495597e-07	-3.80850276193834	-5.40850276193835	-5.00039354571204	-4.99999994006709
4.44363172662013e-07	-3.80888733082392	-5.40888733082392	-5.00040858083972	-4.99999993297511
4.64277619035532e-07	-3.80928562221993	-5.40928562221993	-5.00042392687416	-4.99999992509651
4.8489768503811e-07	-3.80969802605221	-5.40969802605221	-5.00043957815996	-4.99999991635039
5.06243210591526e-07	-3.81012493911772	-5.41012493911772	-5.00045552820175	-4.99999990664827
5.28334376668665e-07	-3.81056676503427	-5.41056676503427	-5.00047176964352	-4.99999989589344
5.51191702356702e-07	-3.81102391418183	-5.41102391418183	-5.00048829425054	-4.99999988398034
5.74836041485085e-07	-3.81149680363503	-5.41149680363503	-5.00050509289422	-4.99999987079378
5.99288578807283e-07	-3.81198585708684	-5.41198585708684	-5.00052215554011	-4.99999985620823
6.2457082572558e-07	-3.81249150476304	-5.41249150476304	-5.00053947123938	-4.99999984008694
6.50704615548521e-07	-3.81301418332738	-5.41301418332738	-5.00055702812409	-4.99999982228114
6.7771209827089e-07	-3.81355433577716	-5.41355433577716	-5.00057481340642	-4.99999980262907
7.05615734866513e-07	-3.81411241132911	-5.41411241132912	-5.00059281338224	-4.99999978095502
7.34438291084568e-07	-3.81468886529534	-5.41468886529534	-5.00061101343915	-4.99999975706827
7.64202830740457e-07	-3.81528415894908	-5.41528415894908	-5.00062939806941	-4.99999973076201
7.94932708492795e-07	-3.81589875938032	-5.41589875938032	-5.00064795088764	-4.99999970181217
8.2665156209855e-07	-3.81653313934086	-5.41653313934086	-5.00066665465383	-4.99999966997618
8.59383304138806e-07	-3.81718777707885	-5.41718777707885	-5.00068549130158	-4.99999963499168
8.93152113208286e-07	-3.81786315616257	-5.41786315616257	-5.00070444197173	-4.99999959657516
9.27982424562175e-07	-3.81855976529339	-5.41855976529339	-5.00072348705152	-4.99999955442051
9.63898920214557e-07	-3.81927809810777	-5.41927809810777	-5.00074260621921	-4.9999995081975
1.00092651848324e-06	-3.82001865296811	-5.42001865296811	-5.00076177849426	-4.99999945755024
1.03909036297655e-06	-3.82078193274254	-5.42078193274254	-5.00078098229289	-4.99999940209549
1.07841581101817e-06	-3.82156844457342	-5.42156844457343	-5.00080019548903	-4.9999993414209
1.11892842150705e-06	-3.82237869963455	-5.42237869963455	-5.00081939548038	-4.99999927508326
1.16065394220993e-06	-3.82321321287701	-5.42321321287701	-5.00083855925939	-4.99999920260657
1.20361829648488e-06	-3.82407250276367	-5.42407250276368	-5.00085766348897	-4.99999912348009
1.24784756943508e-06	-3.82495709099231	-5.42495709099231	-5.00087668458236	-4.9999990371563
1.29336799349282e-06	-3.82586750220723	-5.42586750220723	-5.00089559878706	-4.99999894304877
1.34020593343452e-06	-3.82680426369964	-5.42680426369964	-5.00091438227204	-4.99999884053
1.38838787082855e-06	-3.82776790509662	-5.42776790509662	-5.00093301121802	-4.99999872892911
1.43794038791832e-06	-3.82875895803876	-5.42875895803876	-5.00095146190998	-4.99999860752956
1.48889015094427e-06	-3.82977795584666	-5.42977795584666	-5.00096971083145	-4.9999984755667
1.54126389290908e-06	-3.83082543317623	-5.43082543317623	-5.00098773475987	-4.9999983322253
1.59508839579139e-06	-3.831901925663	-5.431901925663	-5.00100551086226	-4.99999817663707
1.65039047221459e-06	-3.83300796955546	-5.43300796955546	-5.00102301679057	-4.99999800787801
1.70719694657769e-06	-3.83414410133777	-5.43414410133777	-5.00104023077578	-4.99999782496578
1.76553463565681e-06	-3.83531085734175	-5.43531085734175	-5.00105713172012	-4.99999762685705
1.8254303286864e-06	-3.83650877334854	-5.43650877334854	-5.00107369928656	-4.99999741244472
1.88691076693063e-06	-3.83773838418002	-5.43773838418003	-5.0010899139847	-4.99999718055515
1.95000262275624e-06	-3.83900022328034	-5.43900022328034	-5.00110575725238	-4.99999692994541
2.01473247821923e-06	-3.84029482228759	-5.44029482228759	-5.00112121153219	-4.99999665930043
2.08112680317883e-06	-3.84162271059615	-5.44162271059615	-5.00113626034216	-4.99999636723018
2.14921193295323e-06	-3.84298441490977	-5.44298441490978	-5.0011508883399	-4.99999605226685
2.21901404553247e-06	-3.8443804587859	-5.4443804587859	-5.0011650813796	-4.99999571286204
2.29055913836531e-06	-3.84581136217135	-5.44581136217135	-5.00117882656127	-4.99999534738396
2.36387300473738e-06	-3.84727764092994	-5.44727764092994	-5.00119211227172	-4.99999495411468
2.43898120975948e-06	-3.84877980636222	-5.44877980636222	-5.00120492821686	-4.99999453124741
2.5159090659857e-06	-3.85031836471787	-5.45031836471787	-5.00121726544489	-4.99999407688384
2.59468160868202e-06	-3.85189381670104	-5.45189381670104	-5.00122911636034	-4.9999935890316
2.67532357076715e-06	-3.8535066569692	-5.4535066569692	-5.0012404747285	-4.99999306560175
2.75785935744839e-06	-3.85515737362584	-5.45515737362584	-5.0012513356705	-4.99999250440638
2.84231302057633e-06	-3.85684644770756	-5.45684644770756	-5.00126169564884	-4.99999190315641
2.92870823274291e-06	-3.85857435266603	-5.45857435266603	-5.00127155244365	-4.99999125945943
3.01706826114874e-06	-3.86034155384533	-5.46034155384533	-5.00128090512005	-4.99999057081777
3.10741594126617e-06	-3.86214850795522	-5.46214850795522	-5.00128975398665	-4.99998983462669
3.19977365032567e-06	-3.86399566254083	-5.46399566254083	-5.00129810054603	-4.99998904817284
3.29416328065395e-06	-3.86588345544944	-5.46588345544944	-5.0013059474375	-4.99998820863287
3.39060621289304e-06	-3.86781231429483	-5.46781231429483	-5.00131329837283	-4.99998731307231
3.48912328913053e-06	-3.8697826559199	-5.4697826559199	-5.00132015806577	-4.99998635844467
3.58973478597165e-06	-3.87179488585806	-5.47179488585806	-5.00132653215596	-4.9999853415909
3.69246038758518e-06	-3.87384939779418	-5.47384939779418	-5.00133242712819	-4.99998425923903
3.7973191587551e-06	-3.87594657302555	-5.47594657302555	-5.00133785022788	-4.99998310800421
3.90432951797149e-06	-3.87808677992376	-5.47808677992376	-5.00134280937354	-4.99998188438909
4.01350921059396e-06	-3.88027037339789	-5.48027037339789	-5.00134731306735	-4.99998058478452
4.12487528212218e-06	-3.88249769435993	-5.48249769435993	-5.00135137030457	-4.99997920547064
4.23844405160815e-06	-3.88476906919302	-5.48476906919302	-5.0013549904828	-4.99997774261836
4.35423108524561e-06	-3.88708480922319	-5.48708480922319	-5.00135818331203	-4.99997619229132
4.47225117017228e-06	-3.88944521019543	-5.48944521019543	-5.00136095872611	-4.9999745504482
4.59251828852124e-06	-3.89185055175468	-5.49185055175468	-5.00136332679682	-4.99997281294552
4.71504559175772e-06	-3.89430109693255	-5.49430109693255	-5.00136529765089	-4.99997097554095
4.83984537533834e-06	-3.89679709164051	-5.49679709164051	-5.00136688139101	-4.99996903389703
4.96692905372961e-06	-3.89933876417022	-5.49933876417022	-5.0013680880212	-4.99996698358544
5.09630713582301e-06	-3.90192632470184	-5.50192632470184	-5.00136892737731	-4.99996482009178
5.22798920078386e-06	-3.90455996482099	-5.50455996482099	-5.00136940906288	-4.99996253882089
5.36198387437138e-06	-3.90723985704514	-5.50723985704514	-5.00136954239099	-4.99996013510261
5.49829880576723e-06	-3.90996615436019	-5.50996615436019	-5.00136933633222	-4.99995760419824
5.63694064494978e-06	-3.91273898976789	-5.51273898976789	-5.00136879946901	-4.99995494130739
5.77791502065126e-06	-3.91555847584505	-5.51555847584505	-5.00136793995654	-4.99995214157548
5.92122651893456e-06	-3.91842470431503	-5.51842470431503	-5.0013667654902	-4.99994920010177
6.06687866242651e-06	-3.92133774563238	-5.52133774563239	-5.00136528327958	-4.99994611194793
6.21487389024361e-06	-3.92429764858141	-5.52429764858141	-5.00136350002894	-4.99994287214715
6.36521353864642e-06	-3.92730443988921	-5.52730443988921	-5.00136142192392	-4.99993947571381
6.51789782245768e-06	-3.93035812385405	-5.53035812385405	-5.00135905462436	-4.99993591765368
6.67292581727915e-06	-3.93345868198971	-5.53345868198971	-5.00135640326285	-4.99993219297464
6.8302954425414e-06	-3.93660607268645	-5.53660607268645	-5.00135347244877	-4.99992829669789
6.99000344541999e-06	-3.93980023088938	-5.53980023088938	-5.00135026627747	-4.99992422386967
7.15204538565092e-06	-3.94304106779472	-5.54304106779472	-5.00134678834404	-4.99991996957344
7.31641562127722e-06	-3.94632847056476	-5.54632847056476	-5.0013430417615	-4.99991552894252
7.48310729535781e-06	-3.94966230206203	-5.54966230206203	-5.00133902918279	-4.99991089717309
7.65211232366876e-06	-3.95304240060335	-5.55304240060335	-5.00133475282621	-4.99990606953766
7.82342138342606e-06	-3.95646857973424	-5.55646857973424	-5.00133021450382	-4.99990104139885
7.99702390305782e-06	-3.95994062802442	-5.55994062802442	-5.00132541565246	-4.99989580822348
8.17290805305299e-06	-3.96345830888476	-5.56345830888476	-5.00132035736682	-4.99989036559695
8.35106073791205e-06	-3.96702136040629	-5.56702136040629	-5.00131504043428	-4.9998847092379
8.5314675892243e-06	-3.97062949522176	-5.57062949522176	-5.00130946537105	-4.99987883501298
8.7141129598946e-06	-3.97428240039021	-5.57428240039021	-5.00130363245926	-4.99987273895186
8.89897991954149e-06	-3.97797973730486	-5.57797973730486	-5.00129754178462	-4.99986641726227
9.08605025108686e-06	-3.98172114162499	-5.58172114162499	-5.00129119327435	-4.99985986634513
9.27530444855591e-06	-3.98550622323189	-5.58550622323189	-5.00128458673513	-4.99985308280961
9.46672171610474e-06	-3.98933456620944	-5.58933456620944	-5.00127772189064	-4.99984606348823
9.66027996829117e-06	-3.9932057288495	-5.5932057288495	-5.00127059841864	-4.99983880545173
9.85595583160292e-06	-3.99711924368254	-5.59711924368254	-5.00126321598717	-4.9998313060238
1.00537246472553e-05	-4.00107461753352	-5.60107461753352	-5.00125557428985	-4.9998235627956
1.02535604752692e-05	-4.0050713316035	-5.6050713316035	-5.00124767308004	-4.99981557363992
1.04554360998386e-05	-4.00910884157699	-5.60910884157699	-5.00123951220359	-4.99980733672503
1.06593230359935e-05	-4.0131865777552	-5.6131865777552	-5.00123109163031	-4.99979885052801
1.08651915375659e-05	-4.01730394521538	-5.61730394521538	-5.00122241148384	-4.9997901138477
1.10730106064588e-05	-4.02146032399616	-5.62146032399616	-5.00121347206988	-4.99978112581701
1.12827480032239e-05	-4.02565506930917	-5.62565506930917	-5.00120427390282	-4.99977188591464
1.14943702589441e-05	-4.02988751177663	-5.62988751177663	-5.0011948177305	-4.99976239397611
1.17078426884207e-05	-4.03415695769515	-5.63415695769515	-5.00118510455732	-4.99975265020409
1.19231294046606e-05	-4.03846268932542	-5.63846268932542	-5.00117513566542	-4.99974265517783
1.21401933346571e-05	-4.0428039652079	-5.6428039652079	-5.00116491263409	-4.99973240986186
1.23589962364568e-05	-4.04718002050407	-5.64718002050407	-5.0011544373573	-4.99972191561368
1.25794987175023e-05	-4.05159006736337	-5.65159006736337	-5.00114371205935	-4.99971117419055
1.28016602542393e-05	-4.05603329531528	-5.65603329531528	-5.00113273930873	-4.99970018775522
1.30254392129732e-05	-4.0605088716865	-5.6605088716865	-5.00112152203007	-4.99968895888059
1.32507928719611e-05	-4.06501594204276	-5.66501594204276	-5.00111006351424	-4.99967749055337
1.34776774447197e-05	-4.06955363065497	-5.66955363065497	-5.00109836742672	-4.99966578617646
1.37060481045315e-05	-4.0741210409894	-5.6741210409894	-5.00108643781406	-4.99965384957027
1.39358590101256e-05	-4.07871725622123	-5.67871725622123	-5.0010742791086	-4.99964168497278
1.4167063332512e-05	-4.08334133977128	-5.68334133977128	-5.00106189613148	-4.99962929703836
1.4399613282943e-05	-4.08799233586522	-5.68799233586522	-5.00104929409384	-4.99961669083537
1.46334601419745e-05	-4.0926692701148	-5.6926692701148	-5.00103647859638	-4.99960387184253
1.48685542896001e-05	-4.09737115012052	-5.69737115012052	-5.00102345562725	-4.99959084594392
1.51048452364254e-05	-4.10209696609515	-5.70209696609515	-5.00101023155827	-4.99957761942279
1.53422816558524e-05	-4.10684569150739	-5.70684569150739	-5.00099681313965	-4.99956419895404
1.5580811417239e-05	-4.11161628374505	-5.71161628374506	-5.00098320749303	-4.99955059159548
1.58203816199984e-05	-4.11640768479709	-5.71640768479709	-5.00096942210317	-4.9995368047778
1.60609386286027e-05	-4.1212188219536	-5.7212188219536	-5.00095546480807	-4.99952284629326
1.63024281084502e-05	-4.12604860852326	-5.72604860852326	-5.00094134378769	-4.99950872428329
1.65447950625587e-05	-4.13089594456711	-5.73089594456711	-5.0009270675514	-4.99949444722478
1.67879838690426e-05	-4.13575971764813	-5.73575971764813	-5.00091264492408	-4.99948002391529
1.70319383193312e-05	-4.14063880359564	-5.74063880359564	-5.00089808503094	-4.99946546345715
1.72766016570859e-05	-4.14553206728356	-5.74553206728356	-5.00088339728125	-4.99945077524046
1.75219166177687e-05	-4.15043836342186	-5.75043836342186	-5.00086859135092	-4.99943596892513
1.776782546882e-05	-4.15535653736008	-5.75535653736008	-5.00085367716405	-4.99942105442195
1.80142700503945e-05	-4.16028542590203	-5.76028542590203	-5.00083866487353	-4.99940604187278
1.82611918166109e-05	-4.16522385813084	-5.76522385813084	-5.00082356484069	-4.99939094162988
1.85085318772648e-05	-4.17017065624314	-5.77017065624314	-5.00080838761429	-4.99937576423454
1.87562310399549e-05	-4.17512463639166	-5.77512463639166	-5.00079314390857	-4.99936052039501
1.90042298525741e-05	-4.180084609535	-5.780084609535	-5.00077784458086	-4.99934522096383
1.92524686461131e-05	-4.18504938229372	-5.78504938229372	-5.00076250060851	-4.99932987691461
1.95008875777254e-05	-4.19001775781165	-5.79001775781165	-5.00074712306539	-4.99931449931844
1.97494266740029e-05	-4.19498853662138	-5.79498853662138	-5.00073172309801	-4.99929909931992
1.99980258744083e-05	-4.19996051751291	-5.79996051751291	-5.00071631190133	-4.99928368811288
2.02466250748138e-05	-4.20493249840445	-5.80493249840445	-5.00070090069444	-4.99926827691603
2.04951641710913e-05	-4.20990327721417	-5.80990327721417	-5.00068550069604	-4.99925287694843
2.07435831027036e-05	-4.21487165273211	-5.81487165273211	-5.00067012309997	-4.99923749940504
2.09918218962426e-05	-4.21983642549083	-5.81983642549083	-5.00065477905083	-4.99922215543238
2.12398207088618e-05	-4.22479639863417	-5.82479639863417	-5.00063947961972	-4.99920685610429
2.14875198715519e-05	-4.22975037878269	-5.82975037878269	-5.00062423578024	-4.99919161239811
2.17348599322057e-05	-4.23469717689499	-5.83469717689499	-5.00060905838495	-4.99917643517114
2.19817816984222e-05	-4.2396356091238	-5.8396356091238	-5.00059395814209	-4.99916133513763
2.22282262799967e-05	-4.24456449766575	-5.84456449766575	-5.00057894559294	-4.99914632284628
2.2474135131048e-05	-4.24948267160396	-5.84948267160396	-5.00056403108979	-4.99913140865843
2.27194500917308e-05	-4.25438896774227	-5.85438896774227	-5.00054922477449	-4.9991166027269
2.29641134294855e-05	-4.25928223143019	-5.85928223143019	-5.00053453655781	-4.99910191497577
2.32080678797741e-05	-4.26416131737769	-5.86416131737769	-5.00051997609969	-4.99908735508089
2.3451256686258e-05	-4.26902509045872	-5.86902509045872	-5.00050555279021	-4.99907293245148
2.36936236403665e-05	-4.27387242650257	-5.87387242650257	-5.00049127573171	-4.99905865621268
2.3935113120214e-05	-4.27870221307222	-5.87870221307222	-5.00047715372175	-4.99904453518927
2.41756701288183e-05	-4.28351335022874	-5.88351335022874	-5.00046319523722	-4.99903057789053
2.44152403315777e-05	-4.28830475128077	-5.88830475128077	-5.00044940841953	-4.99901679249631
2.46537700929643e-05	-4.29307534351843	-5.89307534351843	-5.00043580106098	-4.99900318684447
2.48912065123913e-05	-4.29782406893067	-5.89782406893067	-5.00042238059224	-4.99898976841959
2.51274974592166e-05	-4.3025498849053	-5.9025498849053	-5.00040915407111	-4.99897654434313
2.53625916068422e-05	-4.30725176491102	-5.90725176491102	-5.0003961281725	-4.99896352136506
2.55964384658737e-05	-4.3119286991606	-5.9119286991606	-5.00038330917966	-4.99895070585694
2.58289884163047e-05	-4.31657969525453	-5.91657969525453	-5.00037070297668	-4.99893810380659
2.60601927386911e-05	-4.32120377880458	-5.92120377880458	-5.00035831504226	-4.99892572081435
2.62900036442852e-05	-4.32579999403641	-5.92579999403641	-5.00034615044477	-4.99891356209092
2.6518374304097e-05	-4.33036740437083	-5.93036740437083	-5.00033421383858	-4.99890163245693
2.67452588768556e-05	-4.33490509298305	-5.93490509298305	-5.00032250946168	-4.99888993634413
2.69706125358435e-05	-4.33941216333929	-5.93941216333929	-5.00031104113445	-4.99887847779838
2.71943914945774e-05	-4.34388773971051	-5.94388773971051	-5.00029981225983	-4.99886726048434
2.74165530313144e-05	-4.34833096766241	-5.94833096766241	-5.00028882582449	-4.99885628769199
2.76370555123599e-05	-4.3527410145217	-5.95274101452171	-5.00027808440136	-4.99884556234486
2.78558584141596e-05	-4.35711706981787	-5.95711706981787	-5.00026759015319	-4.99883508701021
2.80729223441561e-05	-4.36145834570033	-5.96145834570033	-5.00025734483722	-4.99882486391092
2.8288209060396e-05	-4.36576407733059	-5.9657640773306	-5.00024734981096	-4.99881489493931
2.85016814898726e-05	-4.3700335232491	-5.9700335232491	-5.00023760603893	-4.99880518167281
2.87133037455928e-05	-4.37426596571654	-5.97426596571654	-5.00022811410041	-4.99879572539141
2.89230411423579e-05	-4.37846071102952	-5.97846071102953	-5.00021887419804	-4.99878652709706
2.91308602112508e-05	-4.38261708981028	-5.98261708981028	-5.00020988616735	-4.99877758753484
2.93367287128232e-05	-4.38673445727043	-5.98673445727043	-5.00020114948704	-4.99876890721595
2.95406156489781e-05	-4.39081219344861	-5.99081219344861	-5.00019266329002	-4.99876048644254
2.97424912735475e-05	-4.39484970342206	-5.99484970342206	-5.00018442637512	-4.99875232533418
2.99423271015614e-05	-4.398846417492	-5.998846417492	-5.00017643721945	-4.99874442385615
3.01400959172138e-05	-4.40280179134292	-6.00280179134292	-5.00016869399125	-4.99873678184919
3.03357717805255e-05	-4.40671530617589	-6.00671530617589	-5.00016119456332	-4.99872939906091
3.0529330032712e-05	-4.41058646881589	-6.01058646881589	-5.00015393652682	-4.99872227517852
3.07207473002608e-05	-4.41441481179336	-6.01441481179336	-5.00014691720544	-4.99871540986292
3.09100014977298e-05	-4.41819989340016	-6.01819989340016	-5.00014013366993	-4.99870880278392
3.10970718292752e-05	-4.42194129772019	-6.02194129772019	-5.00013358275278	-4.99870245365637
3.12819387889221e-05	-4.42563863463472	-6.02563863463472	-5.0001272610632	-4.99869636227721
3.14645841595924e-05	-4.42929153980303	-6.02929153980303	-5.00012116500208	-4.99869052856292
3.16449910109046e-05	-4.43289967461835	-6.03289967461835	-5.00011529077716	-4.99868495258737
3.18231436957637e-05	-4.43646272613971	-6.03646272613971	-5.0001096344181	-4.99867963461974
3.19990278457589e-05	-4.43998040699984	-6.03998040699984	-5.00010419179157	-4.99867457516205
3.21726303653906e-05	-4.4434524552898	-6.0434524552898	-5.0000989586162	-4.99866977498623
3.23439394251479e-05	-4.44687863442044	-6.04687863442044	-5.0000939304774	-4.99866523517019
3.25129444534589e-05	-4.45025873296147	-6.05025873296147	-5.00008910284197	-4.99866095713257
3.26796361275395e-05	-4.45359256445842	-6.05359256445842	-5.00008447107254	-4.99865694266577
3.28440063631658e-05	-4.4568799672281	-6.0568799672281	-5.00008003044162	-4.99865319396694
3.30060483033967e-05	-4.46012080413303	-6.06012080413303	-5.0000757761454	-4.9986497136663
3.31657563062753e-05	-4.46331496233551	-6.06331496233551	-5.00007170331718	-4.99864650485254
3.33231259315375e-05	-4.46646235303175	-6.06646235303176	-5.00006780704043	-4.99864357109486
3.3478153926359e-05	-4.46956291116685	-6.06956291116686	-5.00006408236139	-4.99864091646103
3.36308382101703e-05	-4.47261659513108	-6.07261659513108	-5.00006052430126	-4.99863854553125
3.37811778585731e-05	-4.47562338643819	-6.07562338643819	-5.00005712786792	-4.99863646340729
3.39291730863902e-05	-4.47858328938646	-6.07858328938646	-5.00005388806714	-4.99863467571659
3.40748252298821e-05	-4.48149633070298	-6.08149633070298	-5.00005079991331	-4.99863318861079
3.42181367281654e-05	-4.48436255917204	-6.08436255917204	-5.0000478584396	-4.99863200875867
3.43591111038669e-05	-4.48718204524819	-6.08718204524819	-5.0000450587077	-4.9986311433329
3.44977529430495e-05	-4.48995488065479	-6.08995488065479	-5.00004239581685	-4.99863059999059
3.46340678744453e-05	-4.49268117796863	-6.09268117796863	-5.00003986491248	-4.99863038684744
3.47680625480328e-05	-4.49536107019147	-6.09536107019147	-5.00003746119421	-4.99863051244526
3.48997446129937e-05	-4.49799471030918	-6.09799471030918	-5.00003517992331	-4.99863098571306
3.50291226950871e-05	-4.50058227083924	-6.10058227083924	-5.00003301642967	-4.99863181592155
3.51562063734784e-05	-4.50312394336726	-6.10312394336726	-5.00003096611808	-4.99863301263127
3.5281006157059e-05	-4.50561993807338	-6.10561993807338	-5.00002902447416	-4.99863458563466
3.54035334602955e-05	-4.50807048324927	-6.10807048324927	-5.00002718706959	-4.99863654489214
3.55238005786444e-05	-4.51047582480639	-6.11047582480639	-5.00002544956692	-4.9986389004628
3.56418206635711e-05	-4.51283622577633	-6.11283622577633	-5.0000238077238	-4.99864166243008
3.57576076972086e-05	-4.51515196580404	-6.11515196580404	-5.00002225739677	-4.99864484082296
3.58711764666945e-05	-4.51742334063448	-6.11742334063448	-5.0000207945445	-4.99864844553334
3.59825425382227e-05	-4.51965066159369	-6.11965066159369	-5.00001941523062	-4.99865248623028
3.60917222308452e-05	-4.5218342550648	-6.1218342550648	-5.00001811562605	-4.99865697227184
3.61987325900616e-05	-4.52397446195979	-6.12397446195979	-5.00001689201094	-4.99866191261535
3.63035913612315e-05	-4.52607163718774	-6.12607163718774	-5.00001574077613	-4.99866731572701
3.6406316962845e-05	-4.52812614912022	-6.12812614912022	-5.00001465842426	-4.99867318949154
3.65069284596862e-05	-4.53013837905453	-6.13013837905453	-5.00001364157049	-4.99867954112304
3.66054455359237e-05	-4.53210872067552	-6.13210872067552	-5.00001268694287	-4.99868637707775
3.67018884681627e-05	-4.53403757951662	-6.13403757951662	-5.00001179138231	-4.99869370296975
3.6796278098491e-05	-4.5359253724207	-6.1359253724207	-5.00001095184235	-4.99870152349048
3.68886358075505e-05	-4.53777252700155	-6.13777252700155	-5.0000101653885	-4.9987098423329
3.6978983487668e-05	-4.53957948110643	-6.13957948110643	-5.00000942919743	-4.99871866212115
3.70673435160738e-05	-4.54134668228049	-6.14134668228049	-5.00000874055577	-4.99872798434656
3.71537387282404e-05	-4.54307458723348	-6.14307458723348	-5.0000080968588	-4.99873780931053
3.72381923913683e-05	-4.54476366130947	-6.14476366130947	-5.00000749560884	-4.99874813607509
3.73207281780496e-05	-4.54641437796014	-6.14641437796014	-5.00000693441348	-4.99875896242164
3.74013701401347e-05	-4.54802721822208	-6.14802721822208	-5.00000641098363	-4.99877028481831
3.7480142682831e-05	-4.5496026701988	-6.1496026701988	-5.0000059231314	-4.99878209839624
3.75570705390572e-05	-4.55114122854775	-6.15114122854775	-5.00000546876784	-4.99879439693524
3.76321787440793e-05	-4.5526433939731	-6.1526433939731	-5.00000504590056	-4.99880717285879
3.77054926104514e-05	-4.55410967272452	-6.15410967272452	-5.00000465263129	-4.99882041723846
3.77770377032842e-05	-4.55554057610257	-6.15554057610258	-5.00000428715321	-4.99883411980787
3.78468398158635e-05	-4.55693661997107	-6.15693661997107	-5.00000394774841	-4.99884826898581
3.79149249456379e-05	-4.55829832427686	-6.15829832427686	-5.00000363278509	-4.99886285190838
3.79813192705975e-05	-4.55962621257735	-6.15962621257736	-5.00000334071484	-4.99887785446988
3.80460491260605e-05	-4.56092081157634	-6.16092081157634	-5.00000307006987	-4.99889326137182
3.81091409818861e-05	-4.5621826506682	-6.1621826506682	-5.00000281946014	-4.99890905617974
3.81706214201303e-05	-4.56341226149103	-6.16341226149103	-5.00000258757057	-4.99892522138714
3.82305171131599e-05	-4.56461017748898	-6.16461017748898	-5.00000237315824	-4.99894173848594
3.8288854802239e-05	-4.56577693348395	-6.16577693348395	-5.00000217504952	-4.99895858804269
3.83456612766021e-05	-4.56691306525709	-6.16691306525709	-5.0000019921373	-4.99897574977996
3.84009633530253e-05	-4.56801910914023	-6.16801910914023	-5.00000182337824	-4.99899320266192
3.84547878559076e-05	-4.56909560161753	-6.16909560161753	-5.00000166779001	-4.99901092498357
3.85071615978724e-05	-4.57014307893751	-6.17014307893751	-5.00000152444862	-4.9990288944626
3.85581113608984e-05	-4.57116207673569	-6.17116207673569	-5.00000139248576	-4.99904708833326
3.86076638779882e-05	-4.57215312966801	-6.17215312966801	-5.00000127108621	-4.99906548344135
3.86558458153822e-05	-4.57311677105506	-6.17311677105506	-5.00000115948533	-4.99908405633964
3.87026837553239e-05	-4.57405353253747	-6.17405353253747	-5.00000105696656	-4.99910278338287
3.87482041793816e-05	-4.57496394374231	-6.17496394374231	-5.00000096285904	-4.99912164082177
3.87924334523318e-05	-4.5758485319608	-6.1758485319608	-5.00000087653525	-4.99914060489532
3.88353978066068e-05	-4.57670782183729	-6.17670782183729	-5.00000079740877	-4.99915965192068
3.88771233273096e-05	-4.57754233506952	-6.17754233506952	-5.00000072493208	-4.99917875838022
3.89176359377985e-05	-4.5783525901204	-6.1783525901204	-5.00000065859445	-4.99919790100507
3.89569613858401e-05	-4.57913910194103	-6.17913910194103	-5.00000059791986	-4.99921705685489
3.89951252303335e-05	-4.5799023817052	-6.1799023817052	-5.0000005424651	-4.99923620339324
3.90321528286021e-05	-4.5806429365553	-6.1806429365553	-5.00000049181785	-4.99925531855842
3.90680693242545e-05	-4.58136126935945	-6.18136126935945	-5.00000044559485	-4.99927438082929
3.91028996356084e-05	-4.58205787848009	-6.18205787848009	-5.00000040344019	-4.99929336928605
3.91366684446779e-05	-4.58273325755367	-6.18273325755367	-5.00000036502367	-4.99931226366568
3.91694001867181e-05	-4.58338789528156	-6.18338789528156	-5.00000033003917	-4.9993310444119
3.92011190403239e-05	-4.58402227523208	-6.18402227523208	-5.00000029820319	-4.99934969271974
3.92318489180762e-05	-4.58463687565338	-6.18463687565338	-5.00000026925335	-4.99936819057453
3.92616134577321e-05	-4.58523216929726	-6.18523216929726	-5.00000024294709	-4.99938652078548
3.92904360139502e-05	-4.58580862325371	-6.18580862325371	-5.00000021906034	-4.99940466701385
3.93183396505458e-05	-4.586366698796	-6.186366698796	-5.00000019738629	-4.99942261379581
3.93453471332682e-05	-4.58690685123622	-6.18690685123622	-5.00000017773423	-4.99944034656025
3.93714809230911e-05	-4.58742952979112	-6.18742952979112	-5.00000015992843	-4.99945785164156
3.93967631700094e-05	-4.587935177458	-6.187935177458	-5.00000014380714	-4.99947511628769
3.94212157073316e-05	-4.58842423090063	-6.18842423090063	-5.00000012922158	-4.99949212866372
3.944486004646e-05	-4.58889712034478	-6.18889712034478	-5.00000011603503	-4.99950887785112
3.9467717372148e-05	-4.58935426948343	-6.18935426948343	-5.00000010412193	-4.99952535384302
3.94898085382252e-05	-4.58979609539123	-6.18979609539123	-5.0000000933671	-4.99954154753574
3.95111540637786e-05	-4.59022300844812	-6.19022300844812	-5.00000008366498	-4.99955745071682
3.95317741297812e-05	-4.59063541227195	-6.19063541227195	-5.00000007491886	-4.99957305604994
3.95516885761547e-05	-4.59103370365967	-6.19103370365968	-5.00000006704026	-4.99958835705691
3.9570916899257e-05	-4.59141827253712	-6.19141827253712	-5.00000005994828	-4.99960334809706
3.95894782497817e-05	-4.59178950191699	-6.19178950191699	-5.000000053569	-4.99961802434428
3.96073914310586e-05	-4.59214776786484	-6.19214776786485	-5.00000004783498	-4.99963238176213
3.96246748977433e-05	-4.5924934394729	-6.1924934394729	-5.00000004268466	-4.99964641707703
3.96413467548836e-05	-4.59282687884134	-6.19282687884134	-5.000000038062	-4.99966012775
3.9657424757351e-05	-4.59314844106698	-6.19314844106698	-5.00000003391594	-4.9996735119472
3.96729263096249e-05	-4.5934584742389	-6.1934584742389	-5.00000003020003	-4.99968656850932
3.9687868465917e-05	-4.59375731944094	-6.19375731944094	-5.00000002687207	-4.99969929692032
3.97022679306243e-05	-4.59404531076078	-6.19404531076078	-5.00000002389371	-4.99971169727544
3.97161410590975e-05	-4.59432277530526	-6.19432277530526	-5.00000002123016	-4.99972377024897
3.9729503858713e-05	-4.59459003322186	-6.19459003322186	-5.00000001884987	-4.99973551706175
3.97423719902363e-05	-4.59484739772592	-6.19484739772592	-5.00000001672427	-4.99974693944863
3.97547607694635e-05	-4.59509517513349	-6.19509517513349	-5.00000001482747	-4.9997580396262
3.97666851691303e-05	-4.59533366489952	-6.19533366489952	-5.00000001313607	-4.9997688202606
3.97781598210748e-05	-4.59556315966106	-6.19556315966106	-5.00000001162893	-4.99977928443597
3.9789199018643e-05	-4.5957839452854	-6.1957839452854	-5.00000001028694	-4.99978943562326
3.97998167193247e-05	-4.59599630092279	-6.19599630092279	-5.00000000909288	-4.99979927764981
3.98100265476075e-05	-4.59620049906349	-6.19620049906349	-5.00000000803121	-4.99980881466953
3.98198417980384e-05	-4.59639680559901	-6.19639680559901	-5.00000000708793	-4.99981805113406
3.98292754384799e-05	-4.59658547988724	-6.19658547988724	-5.00000000625046	-4.99982699176465
3.98383401135511e-05	-4.59676677482121	-6.19676677482121	-5.00000000550745	-4.99983564152507
3.984704814824e-05	-4.59694093690143	-6.19694093690143	-5.00000000484874	-4.99984400559554
3.98554115516793e-05	-4.5971082063113	-6.1971082063113	-5.00000000426518	-4.99985208934758
3.98634420210712e-05	-4.59726881699566	-6.19726881699566	-5.00000000374858	-4.99985989832003
3.98711509457544e-05	-4.59742299674213	-6.19742299674213	-5.00000000329158	-4.99986743819605
3.98785494113991e-05	-4.59757096726497	-6.19757096726497	-5.0000000028876	-4.99987471478129
3.98856482043233e-05	-4.59771294429141	-6.19771294429141	-5.00000000253075	-4.99988173398315
3.98924578159183e-05	-4.5978491376502	-6.1978491376502	-5.00000000221576	-4.99988850179108
3.98989884471737e-05	-4.59797975136204	-6.19797975136204	-5.00000000193792	-4.99989502425801
3.99052500132947e-05	-4.59810498373198	-6.19810498373198	-5.00000000169302	-4.99990130748292
3.99112521483992e-05	-4.59822502744332	-6.19822502744332	-5.00000000147732	-4.99990735759437
3.99170042102887e-05	-4.59834006965305	-6.19834006965305	-5.00000000128748	-4.99991318073519
3.99225152852831e-05	-4.59845029208852	-6.19845029208852	-5.0000000011205	-4.99991878304808
3.99277941931102e-05	-4.59855587114525	-6.19855587114525	-5.00000000097376	-4.99992417066235
3.99328494918441e-05	-4.5986569779857	-6.1986569779857	-5.00000000084488	-4.99992934968149
3.9937689482882e-05	-4.59875377863877	-6.19875377863877	-5.00000000073178	-4.99993432617183
3.99423222159538e-05	-4.59884643410001	-6.19884643410001	-5.0000000006326	-4.99993910615196
3.99467554941562e-05	-4.59893510043231	-6.19893510043231	-5.00000000054568	-4.99994369558316
3.99509968790052e-05	-4.59901992886694	-6.19901992886694	-5.00000000046957	-4.9999481003606
3.99550536954986e-05	-4.59910106590479	-6.19910106590479	-5.00000000040296	-4.99995232630537
3.9958933037184e-05	-4.59917865341774	-6.19917865341774	-5.00000000034473	-4.99995637915727
3.99626417712249e-05	-4.59925282874997	-6.19925282874997	-5.00000000029384	-4.99996026456836
3.99661865434591e-05	-4.59932372481914	-6.19932372481914	-5.00000000024941	-4.99996398809719
3.99695737834446e-05	-4.5993914702173	-6.1993914702173	-5.00000000021064	-4.99996755520372
3.99728097094855e-05	-4.59945618931141	-6.19945618931141	-5.00000000017684	-4.99997097124482
3.99759003336365e-05	-4.59951800234342	-6.19951800234342	-5.00000000014739	-4.9999742414704
3.99788514666764e-05	-4.59957702552973	-6.19957702552973	-5.00000000012175	-4.99997737102012
3.99816687230502e-05	-4.59963337116009	-6.19963337116009	-5.00000000009944	-4.99998036492056
3.99843575257735e-05	-4.5996871476956	-6.1996871476956	-5.00000000008005	-4.99998322808298
3.99869231112941e-05	-4.59973845986601	-6.19973845986601	-5.00000000006321	-4.9999859653014
3.99893705343101e-05	-4.59978740876605	-6.19978740876606	-5.00000000004858	-4.99998858125126
3.99917046725373e-05	-4.5998340919508	-6.1998340919508	-5.0000000000359	-4.99999108048837
3.99939302314252e-05	-4.59987860352997	-6.19987860352997	-5.0000000000249	-4.9999934674483
3.99960517488167e-05	-4.59992103426113	-6.19992103426114	-5.00000000001538	-4.99999574644605
3.99980735995503e-05	-4.59996147164176	-6.19996147164176	-5.00000000000713	-4.9999979216761
4e-05	-4.6	-6.2	-5	-4.99999999721269
