Position  (cm)	V (V)	n (cm-3)	p (cm-3)
0	0	2.08964913019212e+17	6.32558298501414e-07
2.12151739152832e-09	-1.58771719055858e-70	2.08964913019212e+17	6.32558298501414e-07
4.34707627935975e-09	-3.25329741821523e-70	2.08964913019212e+17	6.32558298501414e-07
6.68121450657862e-09	-5.00013634900208e-70	2.08964913019212e+17	6.32558298501414e-07
9.12863752259283e-09	-6.83175496974772e-70	2.08964913019212e+17	6.32558298501414e-07
1.16942230432444e-08	-8.75180305266498e-70	2.08964913019212e+17	6.32558298501414e-07
1.43830257664662e-08	-1.07640626597042e-69	2.08964913019212e+17	6.32558298501414e-07
1.72002821403399e-08	-1.28724516825597e-69	2.08964913019212e+17	6.32558298501414e-07
2.01514151801996e-08	-1.50810274134039e-69	2.08964913019212e+17	6.32558298501414e-07
2.32420393311509e-08	-1.73939901442757e-69	2.08964913019212e+17	6.32558298501414e-07
2.64779653721458e-08	-1.98156867914944e-69	2.08964913019212e+17	6.32558298501414e-07
2.9865205357556e-08	-2.23506145412279e-69	2.08964913019212e+17	6.32558298501414e-07
3.34099775918348e-08	-2.50034245119762e-69	2.08964913019212e+17	6.32558298501414e-07
3.71187116327228e-08	-2.77789254295168e-69	2.08964913019212e+17	6.32558298501414e-07
4.09980533181195e-08	-3.06820873094769e-69	2.08964913019212e+17	6.32558298501414e-07
4.50548698114988e-08	-3.37180451423757e-69	2.08964913019212e+17	6.32558298501414e-07
4.92962546604839e-08	-3.68921025756242e-69	2.08964913019212e+17	6.32558298501414e-07
5.37295328629467e-08	-4.02097355866068e-69	2.08964913019212e+17	6.32558298501414e-07
5.83622659346949e-08	-4.36765961405505e-69	2.08964913019212e+17	6.32558298501414e-07
6.32022569725685e-08	-4.72985158264935e-69	2.08964913019212e+17	6.32558298501414e-07
6.82575557064784e-08	-5.10815094642104e-69	2.08964913019212e+17	6.32558298501414e-07
7.35364635336391e-08	-5.50317786744844e-69	2.08964913019212e+17	6.32558298501414e-07
7.90475385279966e-08	-5.9155715404641e-69	2.08964913019212e+17	6.32558298501414e-07
8.47996004175491e-08	-6.34599054007158e-69	2.08964913019212e+17	6.32558298501414e-07
9.08017355220112e-08	-6.79511316170997e-69	2.08964913019212e+17	6.32558298501414e-07
9.70633016429694e-08	-7.26363775539007e-69	2.08964913019212e+17	6.32558298501414e-07
1.03593932898425e-07	-7.75228305116532e-69	2.08964913019212e+17	6.32558298501414e-07
1.10403544493356e-07	-8.26178847523622e-69	2.08964913019212e+17	6.32558298501414e-07
1.17502337417614e-07	-8.79291445551294e-69	2.08964913019212e+17	6.32558298501414e-07
1.24900803062315e-07	-9.34644271539504e-69	2.08964913019212e+17	6.32558298501414e-07
1.32609727745455e-07	-9.92317655443783e-69	2.08964913019212e+17	6.32558298501414e-07
1.40640197137427e-07	-1.05239411145034e-68	2.08964913019212e+17	6.32558298501414e-07
1.49003600576674e-07	-1.11495836298955e-68	2.08964913019212e+17	6.32558298501414e-07
1.5771163526564e-07	-1.18009736598926e-68	2.08964913019212e+17	6.32558298501414e-07
1.66776310336782e-07	-1.24790033019852e-68	2.08964913019212e+17	6.32558298501414e-07
1.76209950778339e-07	-1.31845873840262e-68	2.08964913019212e+17	6.32558298501414e-07
1.86025201209182e-07	-1.39186636333824e-68	2.08964913019212e+17	6.32558298501414e-07
1.96235029491986e-07	-1.46821928210635e-68	2.08964913019212e+17	6.32558298501414e-07
2.06852730173672e-07	-1.54761588786728e-68	2.08964913019212e+17	6.32558298501414e-07
2.17891927741934e-07	-1.63015689858935e-68	2.08964913019212e+17	6.32558298501414e-07
2.29366579686445e-07	-1.71594536260791e-68	2.08964913019212e+17	6.32558298501414e-07
2.41290979353221e-07	-1.80508666073705e-68	2.08964913019212e+17	6.32558298501414e-07
2.53679758580406e-07	-1.89768850465977e-68	2.08964913019212e+17	6.32558298501414e-07
2.66547890103673e-07	-1.99386093130619e-68	2.08964913019212e+17	6.32558298501414e-07
2.79910689719234e-07	-2.09371629291115e-68	2.08964913019212e+17	6.32558298501414e-07
2.93783818192436e-07	-2.19736924242424e-68	2.08964913019212e+17	6.32558298501414e-07
3.08183282899734e-07	-2.30493673199922e-68	2.08964913019212e+17	6.32558298501414e-07
3.2312543919183e-07	-2.41653801238257e-68	2.08964913019212e+17	6.32558298501414e-07
3.38626991465696e-07	-2.53229459363985e-68	2.08964913019212e+17	6.32558298501414e-07
3.54704993933107e-07	-2.65233019475878e-68	2.08964913019212e+17	6.32558298501414e-07
3.71376851073405e-07	-2.77677073562271e-68	2.08964913019212e+17	6.32558298501414e-07
3.88660317758096e-07	-2.90574433321823e-68	2.08964913019212e+17	6.32558298501414e-07
4.06573499035004e-07	-3.03938123128374e-68	2.08964913019212e+17	6.32558298501414e-07
4.251348495597e-07	-3.17781366361431e-68	2.08964913019212e+17	6.32558298501414e-07
4.44363172662013e-07	-3.32117572238321e-68	2.08964913019212e+17	6.32558298501414e-07
4.64277619035532e-07	-3.46960330985934e-68	2.08964913019212e+17	6.32558298501414e-07
4.8489768503811e-07	-3.62323409475164e-68	2.08964913019212e+17	6.32558298501414e-07
5.06243210591526e-07	-3.78220741378108e-68	2.08964913019212e+17	6.32558298501414e-07
5.28334376668665e-07	-3.9466641627573e-68	2.08964913019212e+17	6.32558298501414e-07
5.51191702356702e-07	-4.11674667651632e-68	2.08964913019212e+17	6.32558298501414e-07
5.74836041485085e-07	-4.29259859704846e-68	2.08964913019212e+17	6.32558298501414e-07
5.99288578807283e-07	-4.47436472911679e-68	2.08964913019212e+17	6.32558298501414e-07
6.2457082572558e-07	-4.66219088263929e-68	2.08964913019212e+17	6.32558298501414e-07
6.50704615548521e-07	-4.85622370108075e-68	2.08964913019212e+17	6.32558298501414e-07
6.7771209827089e-07	-5.05661047507447e-68	2.08964913019212e+17	6.32558298501414e-07
7.05615734866513e-07	-5.26349894046865e-68	2.08964913019212e+17	6.32558298501414e-07
7.34438291084568e-07	-5.47703705997004e-68	2.08964913019212e+17	6.32558298501414e-07
7.64202830740457e-07	-5.69737278753562e-68	2.08964913019212e+17	6.32558298501414e-07
7.94932708492795e-07	-5.92465381464543e-68	2.08964913019212e+17	6.32558298501414e-07
8.2665156209855e-07	-6.15902772429688e-68	2.08964913019212e+17	6.32558298501414e-07
8.59383304138806e-07	-6.40064225006153e-68	2.08964913019212e+17	6.32558298501414e-07
8.93152113208286e-07	-6.64964526987788e-68	2.08964913019212e+17	6.32558298501414e-07
9.27982424562175e-07	-6.90618421157365e-68	2.08964913019212e+17	6.32558298501414e-07
9.63898920214557e-07	-7.17040462982258e-68	2.08964913019212e+17	6.32558298501414e-07
1.00092651848324e-06	-7.44244978753967e-68	2.08964913019212e+17	6.32558298501414e-07
1.03909036297655e-06	-7.72246086979722e-68	2.08964913019212e+17	6.32558298501414e-07
1.07841581101817e-06	-8.01057661126505e-68	2.08964913019212e+17	6.32558298501414e-07
1.11892842150705e-06	-8.30693403906066e-68	2.08964913019212e+17	6.32558298501414e-07
1.16065394220993e-06	-8.61166950570134e-68	2.08964913019212e+17	6.32558298501414e-07
1.20361829648488e-06	-8.92491757440592e-68	2.08964913019212e+17	6.32558298501414e-07
1.24784756943508e-06	-9.2468096186211e-68	2.08964913019212e+17	6.32558298501414e-07
1.29336799349282e-06	-9.57747344739597e-68	2.08964913019212e+17	6.32558298501414e-07
1.34020593343452e-06	-9.91703291742593e-68	2.08964913019212e+17	6.32558298501414e-07
1.38838787082855e-06	-1.02656075324752e-67	2.08964913019212e+17	6.32558298501414e-07
1.43794038791832e-06	-1.06233120310785e-67	2.08964913019212e+17	6.32558298501414e-07
1.48889015094427e-06	-1.09902559636349e-67	2.08964913019212e+17	6.32558298501414e-07
1.54126389290908e-06	-1.13665432602397e-67	2.08964913019212e+17	6.32558298501414e-07
1.59508839579139e-06	-1.17522717908558e-67	2.08964913019212e+17	6.32558298501414e-07
1.65039047221459e-06	-1.21475329197046e-67	2.08964913019212e+17	6.32558298501414e-07
1.70719694657769e-06	-1.25524110560546e-67	2.08964913019212e+17	6.32558298501414e-07
1.76553463565681e-06	-1.29669880997268e-67	2.08964913019212e+17	6.32558298501414e-07
1.8254303286864e-06	-1.33913490874854e-67	2.08964913019212e+17	6.32558298501414e-07
1.88691076693063e-06	-1.38255786047052e-67	2.08964913019212e+17	6.32558298501414e-07
1.95000262275624e-06	-1.42697561754939e-67	2.08964913019212e+17	6.32558298501414e-07
2.01473247821923e-06	-1.4723956216396e-67	2.08964913019212e+17	6.32558298501414e-07
2.08112680317883e-06	-1.51882480407209e-67	2.08964913019212e+17	6.32558298501414e-07
2.14921193295323e-06	-1.56626959215593e-67	2.08964913019212e+17	6.32558298501414e-07
2.21901404553247e-06	-1.61473592223052e-67	2.08964913019212e+17	6.32558298501414e-07
2.29055913836531e-06	-1.66422926042579e-67	2.08964913019212e+17	6.32558298501414e-07
2.36387300473738e-06	-1.71475463216314e-67	2.08964913019212e+17	6.32558298501414e-07
2.43898120975948e-06	-1.76631666150149e-67	2.08964913019212e+17	6.32558298501414e-07
2.5159090659857e-06	-1.81891962149827e-67	2.08964913019212e+17	6.32558298501414e-07
2.59468160868202e-06	-1.87256586569517e-67	2.08964913019212e+17	6.32558298501414e-07
2.67532357076715e-06	-1.92725391297126e-67	2.08964913019212e+17	6.32558298501414e-07
2.75785935744839e-06	-1.98297963890449e-67	2.08964913019212e+17	6.32558298501414e-07
2.84231302057633e-06	-2.03973778250149e-67	2.08964913019212e+17	6.32558298501414e-07
2.92870823274291e-06	-2.0975219340703e-67	2.08964913019212e+17	6.32558298501414e-07
3.01706826114874e-06	-2.15632452164811e-67	2.08964913019212e+17	6.32558298501414e-07
3.10741594126617e-06	-2.21613679361367e-67	2.08964913019212e+17	6.32558298501414e-07
3.19977365032567e-06	-2.27694879426318e-67	2.08964913019212e+17	6.32558298501414e-07
3.29416328065395e-06	-2.33874932804778e-67	2.08964913019212e+17	6.32558298501414e-07
3.39060621289304e-06	-2.40152590680172e-67	2.08964913019212e+17	6.32558298501414e-07
3.48912328913053e-06	-2.46526467256326e-67	2.08964913019212e+17	6.32558298501414e-07
3.58973478597165e-06	-2.52995028641524e-67	2.08964913019212e+17	6.32558298501414e-07
3.69246038758518e-06	-2.59556577104012e-67	2.08964913019212e+17	6.32558298501414e-07
3.7973191587551e-06	-2.66209230519012e-67	2.08964913019212e+17	6.32558298501414e-07
3.90432951797149e-06	-2.72950901513771e-67	2.08964913019212e+17	6.32558298501414e-07
4.01350921059396e-06	-2.79779286543788e-67	2.08964913019212e+17	6.32558298501414e-07
4.12487528212218e-06	-2.86691874904763e-67	2.08964913019212e+17	6.32558298501414e-07
4.23844405160815e-06	-2.93685273220006e-67	2.08964913019212e+17	6.32558298501414e-07
4.35423108524561e-06	-3.00754415882042e-67	2.08964913019212e+17	6.32558298501414e-07
4.47225117017228e-06	-3.07893960882886e-67	2.08964913019212e+17	6.32558298501414e-07
4.59251828852124e-06	-3.15099948797086e-67	2.08964913019212e+17	6.32558298501414e-07
4.71504559175772e-06	-3.22369219318047e-67	2.08964913019212e+17	6.32558298501414e-07
4.83984537533834e-06	-3.29698708801918e-67	2.08964913019212e+17	6.32558298501414e-07
4.96692905372961e-06	-3.37085538114514e-67	2.08964913019212e+17	6.32558298501414e-07
5.09630713582301e-06	-3.44527114603525e-67	2.08964913019212e+17	6.32558298501414e-07
5.22798920078386e-06	-3.52019970201538e-67	2.08964913019212e+17	6.32558298501414e-07
5.36198387437138e-06	-3.59558398120749e-67	2.08964913019212e+17	6.32558298501414e-07
5.49829880576723e-06	-3.67135554002551e-67	2.08964913019212e+17	6.32558298501414e-07
5.63694064494978e-06	-3.74744742887333e-67	2.08964913019212e+17	6.32558298501414e-07
5.77791502065126e-06	-3.82379498883487e-67	2.08964913019212e+17	6.32558298501414e-07
5.92122651893456e-06	-3.90033671495588e-67	2.08964913019212e+17	6.32558298501414e-07
6.06687866242651e-06	-3.97701518773841e-67	2.08964913019212e+17	6.32558298501414e-07
6.21487389024361e-06	-4.05377807331807e-67	2.08964913019212e+17	6.32558298501414e-07
6.36521353864642e-06	-4.13057919100682e-67	2.08964913019212e+17	6.32558298501414e-07
6.51789782245768e-06	-4.20737964423469e-67	2.08964913019212e+17	6.32558298501414e-07
6.67292581727915e-06	-4.28414900711717e-67	2.08964913019212e+17	6.32558298501414e-07
6.8302954425414e-06	-4.36086655352744e-67	2.08964913019212e+17	6.32558298501414e-07
6.99000344541999e-06	-4.43752250816684e-67	2.08964913019212e+17	6.32558298501414e-07
7.15204538565092e-06	-4.51411928905752e-67	2.08964913019212e+17	6.32558298501414e-07
7.31641562127722e-06	-4.59067269729529e-67	2.08964913019212e+17	6.32558298501414e-07
7.48310729535781e-06	-4.66721299172009e-67	2.08964913019212e+17	6.32558298501414e-07
7.65211232366876e-06	-4.74375090704033e-67	2.08964913019212e+17	6.32558298501414e-07
7.82342138342606e-06	-4.82023836593497e-67	2.08964913019212e+17	6.32558298501414e-07
7.99702390305782e-06	-4.89659531981278e-67	2.08964913019212e+17	6.32558298501414e-07
8.17290805305299e-06	-4.97273888603023e-67	2.08964913019212e+17	6.32558298501414e-07
8.35106073791205e-06	-5.04857768007547e-67	2.08964913019212e+17	6.32558298501414e-07
8.5314675892243e-06	-5.12400575854307e-67	2.08964913019212e+17	6.32558298501414e-07
8.7141129598946e-06	-5.1988978367596e-67	2.08964913019212e+17	6.32558298501414e-07
8.89897991954149e-06	-5.27315588966515e-67	2.08964913019212e+17	6.32558298501414e-07
9.08605025108686e-06	-5.34676155586909e-67	2.08964913019212e+17	6.32558298501414e-07
9.27530444855591e-06	-5.41973059307267e-67	2.08964913019212e+17	6.32558298501414e-07
9.46672171610474e-06	-5.49206285686481e-67	2.08964913019212e+17	6.32558298501414e-07
9.66027996829117e-06	-5.56374340563631e-67	2.08964913019212e+17	6.32558298501414e-07
9.85595583160292e-06	-5.63474746137859e-67	2.08964913019212e+17	6.32558298501414e-07
1.00537246472553e-05	-5.70504745375717e-67	2.08964913019212e+17	6.32558298501414e-07
1.02535604752692e-05	-5.77462049887504e-67	2.08964913019212e+17	6.32558298501414e-07
1.04554360998386e-05	-5.84345602852795e-67	2.08964913019212e+17	6.32558298501414e-07
1.06593230359935e-05	-5.91156382220361e-67	2.08964913019212e+17	6.32558298501414e-07
1.08651915375659e-05	-5.97898274517209e-67	2.08964913019212e+17	6.32558298501414e-07
1.10730106064588e-05	-6.04579055705566e-67	2.08964913019212e+17	6.32558298501414e-07
1.12827480032239e-05	-6.11211522872125e-67	2.08964913019212e+17	6.32558298501414e-07
1.14943702589441e-05	-6.17814829413932e-67	2.08964913019212e+17	6.32558298501414e-07
1.17078426884207e-05	-6.24416087147566e-67	2.08964913019212e+17	6.32558298501414e-07
1.19231294046606e-05	-6.3104308357151e-67	2.08964913019212e+17	6.32558298501414e-07
1.21401933346571e-05	-6.37706921481079e-67	2.08964913019212e+17	6.32558298501414e-07
1.23589962364568e-05	-6.44401836038725e-67	2.08964913019212e+17	6.32558298501414e-07
1.25794987175023e-05	-6.51114016958285e-67	2.08964913019212e+17	6.32558298501414e-07
1.28016602542393e-05	-6.57810826383345e-67	2.08964913019212e+17	6.32558298501414e-07
1.30254392129732e-05	-6.64428845373105e-67	2.08964913019212e+17	6.32558298501414e-07
1.32507928719611e-05	-6.70881763358224e-67	2.08964913019212e+17	6.32558298501414e-07
1.34776774447197e-05	-6.77068301737881e-67	2.08964913019212e+17	6.32558298501414e-07
1.37060481045315e-05	-6.82881092672251e-67	2.08964913019212e+17	6.32558298501414e-07
1.39358590101256e-05	-6.88239791889455e-67	2.08964913019212e+17	6.32558298501414e-07
1.4167063332512e-05	-6.93102647833081e-67	2.08964913019212e+17	6.32558298501414e-07
1.4399613282943e-05	-6.97443082871017e-67	2.08964913019212e+17	6.32558298501414e-07
1.46334601419745e-05	-7.01237282963933e-67	2.08964913019212e+17	6.32558298501414e-07
1.48685542896001e-05	-7.04463607263127e-67	2.08964913019212e+17	6.32558298501414e-07
1.51048452364254e-05	-7.07102074817527e-67	2.08964913019212e+17	6.32558298501414e-07
1.53422816558524e-05	-7.09133906148811e-67	2.08964913019212e+17	6.32558298501414e-07
1.5580811417239e-05	-7.10541094795956e-67	2.08964913019212e+17	6.32558298501414e-07
1.58203816199984e-05	-7.11305981678305e-67	2.08964913019212e+17	6.32558298501414e-07
1.60609386286027e-05	-7.11425166831673e-67	2.08964913019212e+17	6.32558298501414e-07
1.63024281084502e-05	-7.1092408802283e-67	2.08964913019212e+17	6.32558298501414e-07
1.65447950625587e-05	-7.09843355000266e-67	2.08964913019212e+17	6.32558298501414e-07
1.67879838690426e-05	-7.08239684284865e-67	2.08964913019212e+17	6.32558298501414e-07
1.70319383193312e-05	-7.06201583918677e-67	2.08964913019212e+17	6.32558298501414e-07
1.72766016570859e-05	-7.03835433817778e-67	2.08964913019212e+17	6.32558298501414e-07
1.75219166177687e-05	-7.01251114767692e-67	2.08964913019212e+17	6.32558298501414e-07
1.776782546882e-05	-6.98562145735982e-67	2.08964913019212e+17	6.32558298501414e-07
1.80142700503945e-05	-6.95869263627239e-67	2.08964913019212e+17	6.32558298501414e-07
1.82611918166109e-05	-6.93258278295988e-67	2.08964913019212e+17	6.32558298501414e-07
1.85085318772648e-05	-6.90828746127823e-67	2.08964913019212e+17	6.32558298501414e-07
1.87562310399549e-05	-6.88691717500491e-67	2.08964913019212e+17	6.32558298501414e-07
1.90042298525741e-05	-6.86952956259299e-67	2.08964913019212e+17	6.32558298501414e-07
1.92524686461131e-05	-6.85713306719656e-67	2.08964913019212e+17	6.32558298501414e-07
1.95008875777254e-05	-6.85053651655521e-67	2.08964913019212e+17	6.32558298501414e-07
1.97494266740029e-05	-6.85003530126167e-67	2.08964913019212e+17	6.32558298501414e-07
1.99980258744083e-05	-6.85541457424151e-67	2.08964913019212e+17	6.32558298501414e-07
2.02466250748138e-05	-6.86627137780515e-67	2.08964913019212e+17	6.32558298501414e-07
2.04951641710913e-05	-6.88217385300261e-67	2.08964913019212e+17	6.32558298501414e-07
2.07435831027036e-05	-6.9024976823007e-67	2.08964913019212e+17	6.32558298501414e-07
2.09918218962426e-05	-6.92626268916144e-67	2.08964913019212e+17	6.32558298501414e-07
2.12398207088618e-05	-6.95229171347186e-67	2.08964913019212e+17	6.32558298501414e-07
2.14875198715519e-05	-6.97936758097749e-67	2.08964913019212e+17	6.32558298501414e-07
2.17348599322057e-05	-7.0063893244896e-67	2.08964913019212e+17	6.32558298501414e-07
2.19817816984222e-05	-7.0326848915102e-67	2.08964913019212e+17	6.32558298501414e-07
2.22282262799967e-05	-7.05815583700022e-67	2.08964913019212e+17	6.32558298501414e-07
2.2474135131048e-05	-7.0829476721489e-67	2.08964913019212e+17	6.32558298501414e-07
2.27194500917308e-05	-7.10697292308496e-67	2.08964913019212e+17	6.32558298501414e-07
2.29641134294855e-05	-7.12991182196692e-67	2.08964913019212e+17	6.32558298501414e-07
2.32080678797741e-05	-7.15137139030422e-67	2.08964913019212e+17	6.32558298501414e-07
2.3451256686258e-05	-7.17089563243322e-67	2.08964913019212e+17	6.32558298501414e-07
2.36936236403665e-05	-7.18798694718762e-67	2.08964913019212e+17	6.32558298501414e-07
2.3935113120214e-05	-7.20213291440907e-67	2.08964913019212e+17	6.32558298501414e-07
2.41756701288183e-05	-7.21282867237595e-67	2.08964913019212e+17	6.32558298501414e-07
2.44152403315777e-05	-7.21973246253324e-67	2.08964913019212e+17	6.32558298501414e-07
2.46537700929643e-05	-7.22267123064574e-67	2.08964913019212e+17	6.32558298501414e-07
2.48912065123913e-05	-7.22136187648469e-67	2.08964913019212e+17	6.32558298501414e-07
2.51274974592166e-05	-7.21554550608881e-67	2.08964913019212e+17	6.32558298501414e-07
2.53625916068422e-05	-7.20525093438265e-67	2.08964913019212e+17	6.32558298501414e-07
2.55964384658737e-05	-7.19064930985672e-67	2.08964913019212e+17	6.32558298501414e-07
2.58289884163047e-05	-7.17191643329191e-67	2.08964913019212e+17	6.32558298501414e-07
2.60601927386911e-05	-7.14923116587719e-67	2.08964913019212e+17	6.32558298501414e-07
2.62900036442852e-05	-7.12277345951247e-67	2.08964913019212e+17	6.32558298501414e-07
2.6518374304097e-05	-7.09272179767523e-67	2.08964913019212e+17	6.32558298501414e-07
2.67452588768556e-05	-7.05924984840574e-67	2.08964913019212e+17	6.32558298501414e-07
2.69706125358435e-05	-7.0225221523446e-67	2.08964913019212e+17	6.32558298501414e-07
2.71943914945774e-05	-6.98268868725532e-67	2.08964913019212e+17	6.32558298501414e-07
2.74165530313144e-05	-6.93987945223676e-67	2.08964913019212e+17	6.32558298501414e-07
2.76370555123599e-05	-6.89420263334186e-67	2.08964913019212e+17	6.32558298501414e-07
2.78558584141596e-05	-6.84574835832675e-67	2.08964913019212e+17	6.32558298501414e-07
2.80729223441561e-05	-6.79459512802053e-67	2.08964913019212e+17	6.32558298501414e-07
2.8288209060396e-05	-6.74081533591857e-67	2.08964913019212e+17	6.32558298501414e-07
2.85016814898726e-05	-6.68447911788015e-67	2.08964913019212e+17	6.32558298501414e-07
2.87133037455928e-05	-6.62565697403066e-67	2.08964913019212e+17	6.32558298501414e-07
2.89230411423579e-05	-6.56442148770623e-67	2.08964913019212e+17	6.32558298501414e-07
2.91308602112508e-05	-6.50084837429667e-67	2.08964913019212e+17	6.32558298501414e-07
2.93367287128232e-05	-6.43501702967334e-67	2.08964913019212e+17	6.32558298501414e-07
2.95406156489781e-05	-6.36701070744727e-67	2.08964913019212e+17	6.32558298501414e-07
2.97424912735475e-05	-6.29691642671932e-67	2.08964913019212e+17	6.32558298501414e-07
2.99423271015614e-05	-6.22482469036311e-67	2.08964913019212e+17	6.32558298501414e-07
3.01400959172138e-05	-6.15082907475394e-67	2.08964913019212e+17	6.32558298501414e-07
3.03357717805255e-05	-6.07502573388149e-67	2.08964913019212e+17	6.32558298501414e-07
3.0529330032712e-05	-5.99751284377633e-67	2.08964913019212e+17	6.32558298501414e-07
3.07207473002608e-05	-5.91838999749225e-67	2.08964913019212e+17	6.32558298501414e-07
3.09100014977298e-05	-5.83775754707779e-67	2.08964913019212e+17	6.32558298501414e-07
3.10970718292752e-05	-5.75571587757394e-67	2.08964913019212e+17	6.32558298501414e-07
3.12819387889221e-05	-5.67236458942452e-67	2.08964913019212e+17	6.32558298501414e-07
3.14645841595924e-05	-5.58780155988281e-67	2.08964913019212e+17	6.32558298501414e-07
3.16449910109046e-05	-5.502121850968e-67	2.08964913019212e+17	6.32558298501414e-07
3.18231436957637e-05	-5.41541643106324e-67	2.08964913019212e+17	6.32558298501414e-07
3.19990278457589e-05	-5.3277706790518e-67	2.08964913019212e+17	6.32558298501414e-07
3.21726303653906e-05	-5.23926264362135e-67	2.08964913019212e+17	6.32558298501414e-07
3.23439394251479e-05	-5.149961035703e-67	2.08964913019212e+17	6.32558298501414e-07
3.25129444534589e-05	-5.05992318848249e-67	2.08964913019212e+17	6.32558298501414e-07
3.26796361275395e-05	-4.96922700194795e-67	2.08964913019212e+17	6.32558298501414e-07
3.28440063631658e-05	-4.87799988358009e-67	2.08964913019212e+17	6.32558298501414e-07
3.30060483033967e-05	-4.78638039313591e-67	2.08964913019212e+17	6.32558298501414e-07
3.31657563062753e-05	-4.69451190587999e-67	2.08964913019212e+17	6.32558298501414e-07
3.33231259315375e-05	-4.60256694213488e-67	2.08964913019212e+17	6.32558298501414e-07
3.3478153926359e-05	-4.51071464824233e-67	2.08964913019212e+17	6.32558298501414e-07
3.36308382101703e-05	-4.4190929986466e-67	2.08964913019212e+17	6.32558298501414e-07
3.37811778585731e-05	-4.32781097120955e-67	2.08964913019212e+17	6.32558298501414e-07
3.39291730863902e-05	-4.23697158539265e-67	2.08964913019212e+17	6.32558298501414e-07
3.40748252298821e-05	-4.14669202665897e-67	2.08964913019212e+17	6.32558298501414e-07
3.42181367281654e-05	-4.05708163297428e-67	2.08964913019212e+17	6.32558298501414e-07
3.43591111038669e-05	-3.96824018656997e-67	2.08964913019212e+17	6.32558298501414e-07
3.44977529430495e-05	-3.88027547140324e-67	2.08964913019212e+17	6.32558298501414e-07
3.46340678744453e-05	-3.79328594972422e-67	2.08964913019212e+17	6.32558298501414e-07
3.47680625480328e-05	-3.70734606740093e-67	2.08964913019212e+17	6.32558298501414e-07
3.48997446129937e-05	-3.62250953001751e-67	2.08964913019212e+17	6.32558298501414e-07
3.50291226950871e-05	-3.53881259106485e-67	2.08964913019212e+17	6.32558298501414e-07
3.51562063734784e-05	-3.4562772704608e-67	2.08964913019212e+17	6.32558298501414e-07
3.5281006157059e-05	-3.37491444339892e-67	2.08964913019212e+17	6.32558298501414e-07
3.54035334602955e-05	-3.29471695537157e-67	2.08964913019212e+17	6.32558298501414e-07
3.55238005786444e-05	-3.21566294034306e-67	2.08964913019212e+17	6.32558298501414e-07
3.56418206635711e-05	-3.13773694693139e-67	2.08964913019212e+17	6.32558298501414e-07
3.57576076972086e-05	-3.06093811773492e-67	2.08964913019212e+17	6.32558298501414e-07
3.58711764666945e-05	-2.98527799967478e-67	2.08964913019212e+17	6.32558298501414e-07
3.59825425382227e-05	-2.91077176926494e-67	2.08964913019212e+17	6.32558298501414e-07
3.60917222308452e-05	-2.83743068199139e-67	2.08964913019212e+17	6.32558298501414e-07
3.61987325900616e-05	-2.76526262611785e-67	2.08964913019212e+17	6.32558298501414e-07
3.63035913612315e-05	-2.69427260366167e-67	2.08964913019212e+17	6.32558298501414e-07
3.6406316962845e-05	-2.62446313097414e-67	2.08964913019212e+17	6.32558298501414e-07
3.65069284596862e-05	-2.5558345551857e-67	2.08964913019212e+17	6.32558298501414e-07
3.66054455359237e-05	-2.48838533921533e-67	2.08964913019212e+17	6.32558298501414e-07
3.67018884681627e-05	-2.42211236947344e-67	2.08964913019212e+17	6.32558298501414e-07
3.6796278098491e-05	-2.3570112801903e-67	2.08964913019212e+17	6.32558298501414e-07
3.68886358075505e-05	-2.29307675977707e-67	2.08964913019212e+17	6.32558298501414e-07
3.6978983487668e-05	-2.230302818078e-67	2.08964913019212e+17	6.32558298501414e-07
3.70673435160738e-05	-2.16868299855716e-67	2.08964913019212e+17	6.32558298501414e-07
3.71537387282404e-05	-2.10821052788257e-67	2.08964913019212e+17	6.32558298501414e-07
3.72381923913683e-05	-2.04887841220427e-67	2.08964913019212e+17	6.32558298501414e-07
3.73207281780496e-05	-1.99067949401793e-67	2.08964913019212e+17	6.32558298501414e-07
3.74013701401347e-05	-1.93360648044335e-67	2.08964913019212e+17	6.32558298501414e-07
3.7480142682831e-05	-1.87765195130525e-67	2.08964913019212e+17	6.32558298501414e-07
3.75570705390572e-05	-1.822808353462e-67	2.08964913019212e+17	6.32558298501414e-07
3.76321787440793e-05	-1.76906798628933e-67	2.08964913019212e+17	6.32558298501414e-07
3.77054926104514e-05	-1.71642423471442e-67	2.08964913019212e+17	6.32558298501414e-07
3.77770377032842e-05	-1.66487253305865e-67	2.08964913019212e+17	6.32558298501414e-07
3.78468398158635e-05	-1.61440979336457e-67	2.08964913019212e+17	6.32558298501414e-07
3.79149249456379e-05	-1.56503390536794e-67	2.08964913019212e+17	6.32558298501414e-07
3.79813192705975e-05	-1.5167424718634e-67	2.08964913019212e+17	6.32558298501414e-07
3.80460491260605e-05	-1.46953178912666e-67	2.08964913019212e+17	6.32558298501414e-07
3.81091409818861e-05	-1.42339693056429e-67	2.08964913019212e+17	6.32558298501414e-07
3.81706214201303e-05	-1.37833120561147e-67	2.08964913019212e+17	6.32558298501414e-07
3.82305171131599e-05	-1.3343257552445e-67	2.08964913019212e+17	6.32558298501414e-07
3.8288854802239e-05	-1.29137041375621e-67	2.08964913019212e+17	6.32558298501414e-07
3.83456612766021e-05	-1.24945441101802e-67	2.08964913019212e+17	6.32558298501414e-07
3.84009633530253e-05	-1.20856640548296e-67	2.08964913019212e+17	6.32558298501414e-07
3.84547878559076e-05	-1.16869451795739e-67	2.08964913019212e+17	6.32558298501414e-07
3.85071615978724e-05	-1.12982636589103e-67	2.08964913019212e+17	6.32558298501414e-07
3.85581113608984e-05	-1.09194909794655e-67	2.08964913019212e+17	6.32558298501414e-07
3.86076638779882e-05	-1.05504942862543e-67	2.08964913019212e+17	6.32558298501414e-07
3.86558458153822e-05	-1.01911367274618e-67	2.08964913019212e+17	6.32558298501414e-07
3.87026837553239e-05	-9.84127779591011e-68	2.08964913019212e+17	6.32558298501414e-07
3.87482041793816e-05	-9.50077366558346e-68	2.08964913019212e+17	6.32558298501414e-07
3.87924334523318e-05	-9.16947752179307e-68	2.08964913019212e+17	6.32558298501414e-07
3.88353978066068e-05	-8.84723988376162e-68	2.08964913019212e+17	6.32558298501414e-07
3.88771233273096e-05	-8.53390891860051e-68	2.08964913019212e+17	6.32558298501414e-07
3.89176359377985e-05	-8.22933074582918e-68	2.08964913019212e+17	6.32558298501414e-07
3.89569613858401e-05	-7.93334973174892e-68	2.08964913019212e+17	6.32558298501414e-07
3.89951252303335e-05	-7.64580877313372e-68	2.08964913019212e+17	6.32558298501414e-07
3.90321528286021e-05	-7.36654956983237e-68	2.08964913019212e+17	6.32558298501414e-07
3.90680693242545e-05	-7.09541288599861e-68	2.08964913019212e+17	6.32558298501414e-07
3.91028996356084e-05	-6.83223943987903e-68	2.08964913019212e+17	6.32558298501414e-07
3.91366684446779e-05	-6.57687060952337e-68	2.08964913019212e+17	6.32558298501414e-07
3.91694001867181e-05	-6.32914781334147e-68	2.08964913019212e+17	6.32558298501414e-07
3.92011190403239e-05	-6.08891207324701e-68	2.08964913019212e+17	6.32558298501414e-07
3.92318489180762e-05	-5.85600426371191e-68	2.08964913019212e+17	6.32558298501414e-07
3.92616134577321e-05	-5.6302653453692e-68	2.08964913019212e+17	6.32558298501414e-07
3.92904360139502e-05	-5.41153658370572e-68	2.08964913019212e+17	6.32558298501414e-07
3.93183396505458e-05	-5.19966001728909e-68	2.08964913019212e+17	6.32558298501414e-07
3.93453471332682e-05	-4.99447883731308e-68	2.08964913019212e+17	6.32558298501414e-07
3.93714809230911e-05	-4.79583721228435e-68	2.08964913019212e+17	6.32558298501414e-07
3.93967631700094e-05	-4.60358018480828e-68	2.08964913019212e+17	6.32558298501414e-07
3.94212157073316e-05	-4.41755384487214e-68	2.08964913019212e+17	6.32558298501414e-07
3.944486004646e-05	-4.23760548951177e-68	2.08964913019212e+17	6.32558298501414e-07
3.9467717372148e-05	-4.0635837695623e-68	2.08964913019212e+17	6.32558298501414e-07
3.94898085382252e-05	-3.89533882416811e-68	2.08964913019212e+17	6.32558298501414e-07
3.95111540637786e-05	-3.73272240370384e-68	2.08964913019212e+17	6.32558298501414e-07
3.95317741297812e-05	-3.57558798173398e-68	2.08964913019212e+17	6.32558298501414e-07
3.95516885761547e-05	-3.42379085661324e-68	2.08964913019212e+17	6.32558298501414e-07
3.9570916899257e-05	-3.27718824330678e-68	2.08964913019212e+17	6.32558298501414e-07
3.95894782497817e-05	-3.13563935598265e-68	2.08964913019212e+17	6.32558298501414e-07
3.96073914310586e-05	-2.99900548190771e-68	2.08964913019212e+17	6.32558298501414e-07
3.96246748977433e-05	-2.86715004715133e-68	2.08964913019212e+17	6.32558298501414e-07
3.96413467548836e-05	-2.73993867458052e-68	2.08964913019212e+17	6.32558298501414e-07
3.9657424757351e-05	-2.61723923460598e-68	2.08964913019212e+17	6.32558298501414e-07
3.96729263096249e-05	-2.49892188911712e-68	2.08964913019212e+17	6.32558298501414e-07
3.9687868465917e-05	-2.3848591290228e-68	2.08964913019212e+17	6.32558298501414e-07
3.97022679306243e-05	-2.27492578703532e-68	2.08964913019212e+17	6.32558298501414e-07
3.97161410590975e-05	-2.16899905087669e-68	2.08964913019212e+17	6.32558298501414e-07
3.9729503858713e-05	-2.06695850970858e-68	2.08964913019212e+17	6.32558298501414e-07
3.97423719902363e-05	-1.96868618868684e-68	2.08964913019212e+17	6.32558298501414e-07
3.97547607694635e-05	-1.87406655819129e-68	2.08964913019212e+17	6.32558298501414e-07
3.97666851691303e-05	-1.78298653896922e-68	2.08964913019212e+17	6.32558298501414e-07
3.97781598210748e-05	-1.6953355034602e-68	2.08964913019212e+17	6.32558298501414e-07
3.9789199018643e-05	-1.61100527355539e-68	2.08964913019212e+17	6.32558298501414e-07
3.97998167193247e-05	-1.529890115032e-68	2.08964913019212e+17	6.32558298501414e-07
3.98100265476075e-05	-1.45188672889066e-68	2.08964913019212e+17	6.32558298501414e-07
3.98198417980384e-05	-1.37689423981247e-68	2.08964913019212e+17	6.32558298501414e-07
3.98292754384799e-05	-1.30481418194138e-68	2.08964913019212e+17	6.32558298501414e-07
3.98383401135511e-05	-1.23555048218613e-68	2.08964913019212e+17	6.32558298501414e-07
3.984704814824e-05	-1.16900944122673e-68	2.08964913019212e+17	6.32558298501414e-07
3.98554115516793e-05	-1.10509971240074e-68	2.08964913019212e+17	6.32558298501414e-07
3.98634420210712e-05	-1.04373227681711e-68	2.08964913019212e+17	6.32558298501414e-07
3.98711509457544e-05	-9.84820417313094e-69	2.08964913019212e+17	6.32558298501414e-07
3.98785494113991e-05	-9.28279694491036e-69	2.08964913019212e+17	6.32558298501414e-07
3.98856482043233e-05	-8.74027920503785e-69	2.08964913019212e+17	6.32558298501414e-07
3.98924578159183e-05	-8.21985129444327e-69	2.08964913019212e+17	6.32558298501414e-07
3.98989884471737e-05	-7.72073546518008e-69	2.08964913019212e+17	6.32558298501414e-07
3.99052500132947e-05	-7.24217556112381e-69	2.08964913019212e+17	6.32558298501414e-07
3.99112521483992e-05	-6.78343668877542e-69	2.08964913019212e+17	6.32558298501414e-07
3.99170042102887e-05	-6.34380487921647e-69	2.08964913019212e+17	6.32558298501414e-07
3.99225152852831e-05	-5.92258674220531e-69	2.08964913019212e+17	6.32558298501414e-07
3.99277941931102e-05	-5.51910911337891e-69	2.08964913019212e+17	6.32558298501414e-07
3.99328494918441e-05	-5.13271869544315e-69	2.08964913019212e+17	6.32558298501414e-07
3.9937689482882e-05	-4.76278169420211e-69	2.08964913019212e+17	6.32558298501414e-07
3.99423222159538e-05	-4.40868345023978e-69	2.08964913019212e+17	6.32558298501414e-07
3.99467554941562e-05	-4.06982806700323e-69	2.08964913019212e+17	6.32558298501414e-07
3.99509968790052e-05	-3.74563803601484e-69	2.08964913019212e+17	6.32558298501414e-07
3.99550536954986e-05	-3.43555385988959e-69	2.08964913019212e+17	6.32558298501414e-07
3.9958933037184e-05	-3.13903367479972e-69	2.08964913019212e+17	6.32558298501414e-07
3.99626417712249e-05	-2.85555287160409e-69	2.08964913019212e+17	6.32558298501414e-07
3.99661865434591e-05	-2.58460371388801e-69	2.08964913019212e+17	6.32558298501414e-07
3.99695737834446e-05	-2.32569495689268e-69	2.08964913019212e+17	6.32558298501414e-07
3.99728097094855e-05	-2.07835146964225e-69	2.08964913019212e+17	6.32558298501414e-07
3.99759003336365e-05	-1.84211385788635e-69	2.08964913019212e+17	6.32558298501414e-07
3.99788514666764e-05	-1.6165380878528e-69	2.08964913019212e+17	6.32558298501414e-07
3.99816687230502e-05	-1.40119511201263e-69	2.08964913019212e+17	6.32558298501414e-07
3.99843575257735e-05	-1.19567049726379e-69	2.08964913019212e+17	6.32558298501414e-07
3.99869231112941e-05	-9.99564055885121e-70	2.08964913019212e+17	6.32558298501414e-07
3.99893705343101e-05	-8.12489479622687e-70	2.08964913019212e+17	6.32558298501414e-07
3.99917046725373e-05	-6.34073977208096e-70	2.08964913019212e+17	6.32558298501414e-07
3.99939302314252e-05	-4.63957915618755e-70	2.08964913019212e+17	6.32558298501414e-07
3.99960517488167e-05	-3.01794465346152e-70	2.08964913019212e+17	6.32558298501414e-07
3.99980735995503e-05	-1.47249249932893e-70	2.08964913019212e+17	6.32558298501414e-07
4e-05	0	2.08964913019212e+17	6.32558298501414e-07
