Position  (cm)	V (V)	n (cm-3)	p (cm-3)
0	0	0.0693234869152549	1906748801252.06
2.12151739152832e-09	4.2430732419364e-05	0.0694312218638095	1903621830946.36
4.34707627935975e-09	8.69423129007329e-05	0.0695444304569341	1900347021949.7
6.68121450657862e-09	0.000133625499021898	0.0696633718129799	1896918495833.94
9.12863752259283e-09	0.000182574400506213	0.069788316743033	1893330213014.81
1.16942230432444e-08	0.000233886572424646	0.0699195482939535	1889575973501.52
1.43830257664662e-08	0.000287663109508695	0.0700573623211453	1885649418137.15
1.72002821403399e-08	0.000344008741511251	0.0702020680931085	1881544030367.96
2.01514151801996e-08	0.000403031929548306	0.070353988929984	1877253138581.97
2.32420393311509e-08	0.00046484496334888	0.0705134628784779	1872769919058.05
2.64779653721458e-08	0.000529564059335997	0.0706808434257397	1868087399568.35
2.9865205357556e-08	0.000597309459457507	0.0708565002549817	1863198463677.8
3.34099775918348e-08	0.000668205530678607	0.0710408200458391	1858095855785.87
3.71187116327228e-08	0.000742380865045127	0.0712342073227235	1852772186956.5
4.09980533181195e-08	0.00081996838022002	0.0714370853546778	1847219941582.73
4.50548698114988e-08	0.00090110542039062	0.0716498971105272	1841431484933.69
4.92962546604839e-08	0.000985933857438952	0.0718731062734295	1835399071631.33
5.37295328629467e-08	0.00107460019226243	0.0721071983192661	1829114855104.93
5.83622659346949e-08	0.00116725565612613	0.0723526816636745	1822570898071.01
6.32022569725685e-08	0.00126405631192319	0.0726100888829246	1815759184085.86
6.82575557064784e-08	0.00136516315521377	0.0728799780142681	1808671630217.17
7.35364635336391e-08	0.0014707422149079	0.0731629339418605	1801300100880.14
7.90475385279966e-08	0.00158096465345198	0.0734595698748657	1793636422881.53
8.47996004175491e-08	0.00169600686637295	0.0737705289249077	1785672401713.63
9.08017355220112e-08	0.00181605058102924	0.0740964857906417	1777399839137.06
9.70633016429694e-08	0.00194128295441131	0.0744381485578736	1768810552088.59
1.03593932898425e-07	0.0020718966698298	0.0747962606243816	1759896392946.6
1.10403544493356e-07	0.00220809003232386	0.0751716027593786	1750649271182.13
1.17502337417614e-07	0.002350067062616	0.0755649953084104	1741061176419.3
1.24900803062315e-07	0.00249803758943655	0.0759773005554327	1731124202922.64
1.32609727745455e-07	0.00265221734003267	0.0764094252548256	1720830575523.1
1.40640197137427e-07	0.00281282802867487	0.0768623233472421	1710172676987.28
1.49003600576674e-07	0.00298009744296635	0.0773369988744078	1699143076826.66
1.5771163526564e-07	0.00315425952775789	0.0778345091093501	1687734561534.93
1.66776310336782e-07	0.00333555446646394	0.0783559679200061	1675940166232.49
1.76209950778339e-07	0.0035242287595736	0.0789025493857956	1663753207686.27
1.86025201209182e-07	0.00372053530014309	0.07947549168852	1651167318662.64
1.96235029491986e-07	0.00392473344605436	0.080076101300922	1638176483558.7
2.06852730173672e-07	0.00413708908881912	0.0807057574983909	1624775075244.74
2.17891927741934e-07	0.00435787471870434	0.0813659172216814	1610957893036.98
2.29366579686445e-07	0.00458736948595119	0.0820581203211267	1596720201705.35
2.41290979353221e-07	0.00482585925785702	0.0827839952157168	1582057771405.88
2.53679758580406e-07	0.00507363667148572	0.0835452650035906	1566966918411.48
2.66547890103673e-07	0.00533100118177017	0.0843437540640087	1551444546498.62
2.79910689719234e-07	0.005598259104767	0.0851813951947518	1535488188830.09
2.93783818192436e-07	0.00587572365582293	0.0860602373331823	1519096050157.03
3.08183282899734e-07	0.00616371498240859	0.0869824539139518	1502267049145.42
3.2312543919183e-07	0.00646256019137578	0.0879503519215955	1485000860614.59
3.38626991465696e-07	0.00677259337039232	0.0889663817020759	1467297957457.09
3.54704993933107e-07	0.00709415560330739	0.0900331476037926	1449159651991.89
3.71376851073405e-07	0.0074275949792014	0.0911534195257474	1430588136485.32
3.88660317758096e-07	0.0077732665948727	0.0923301454584983	1411586522557.18
4.06573499035004e-07	0.00813153255051578	0.0935664651123917	1392158879173.97
4.251348495597e-07	0.00850276193834503	0.0948657247373845	1372310268915.41
4.44363172662013e-07	0.00888733082392043	0.096231493249721	1352046782187.72
4.64277619035532e-07	0.00928562221993351	0.0976675797929227	1331375569044.07
4.8489768503811e-07	0.00969802605221355	0.0991780528741375	1310304868263.27
5.06243210591526e-07	0.0101249391177174	0.100767261232065	1288844033329.24
5.28334376668665e-07	0.0105667650342705	0.102439856609611	1267003554948.36
5.51191702356702e-07	0.0110239141818274	0.104200818623333	1244795079739.21
5.74836041485085e-07	0.0114968036350304	0.106055481942927	1222231424729.45
5.99288578807283e-07	0.0119858570868426	0.108009566017672	1199326587298.26
6.2457082572558e-07	0.0124915047630436	0.110069207613282	1176095750210.43
6.50704615548521e-07	0.0130141833273783	0.112240996452401	1152555281399.26
6.7771209827089e-07	0.0135543357771572	0.1145320142853	1128722728171.29
7.05615734866513e-07	0.0141124113291143	0.116949877754877	1104616805525.62
7.34438291084568e-07	0.0146888652953356	0.11950278546217	1080257378305.34
7.64202830740457e-07	0.01528415894908	0.122199569685991	1055665436927.65
7.94932708492795e-07	0.0158987593803227	0.125049753263657	1030863066473.67
8.2665156209855e-07	0.0165331393408636	0.12806361219995	1005873408957.21
8.59383304138806e-07	0.0171877770788486	0.13125224463923	980720618636.279
8.93152113208286e-07	0.0178631561625663	0.134627646912214	955429810278.594
9.27982424562175e-07	0.0185597652933932	0.138202797455426	930027000345.691
9.63898920214557e-07	0.0192780981077704	0.141991749499161	904539041117.021
1.00092651848324e-06	0.0200186529681104	0.146009733530519	878993547836.258
1.03909036297655e-06	0.0207819327425433	0.1502732706635	853418819026.279
1.07841581101817e-06	0.0215684445734251	0.154800298190423	827843750186.378
1.11892842150705e-06	0.0223786996345485	0.159610308750317	802297741154.585
1.16065394220993e-06	0.0232132128770061	0.164724504733397	776810597488.852
1.20361829648488e-06	0.0240725027636752	0.170165969749206	751412426292.476
1.24784756943508e-06	0.0249570909923083	0.175959859223417	726133526980.583
1.29336799349282e-06	0.0258675022072275	0.182133612458633	701004277555.047
1.34020593343452e-06	0.0268042636996412	0.188717188802874	676055017023.495
1.38838787082855e-06	0.0277679050966162	0.195743330921375	651315924663.503
1.43794038791832e-06	0.0287589580387564	0.203247858569361	626816896894.215
1.48889015094427e-06	0.0297779558466584	0.211269996723306	602587422573.647
1.54126389290908e-06	0.0308254331762329	0.219852742454521	578656457589.626
1.59508839579139e-06	0.031901925662996	0.229043275532005	555052299654.737
1.65039047221459e-06	0.0330079695554608	0.238893418433258	531802464249.645
1.70719694657769e-06	0.0341441013377724	0.249460152235919	508933562684.016
1.76553463565681e-06	0.0353108573417517	0.260806195775764	486471183258.923
1.8254303286864e-06	0.0365087733485367	0.273000656506581	464439776518.499
1.88691076693063e-06	0.0377383841800246	0.286119762706427	442862545571.032
1.95000262275624e-06	0.0390002232803421	0.300247688068456	421761342440.273
2.01473247821923e-06	0.0402948222875929	0.315477481322547	401156571376.12
2.08112680317883e-06	0.0416227105961488	0.331912115391312	381067100010.058
2.14921193295323e-06	0.0429844149097744	0.349665672731553	361510179184.804
2.21901404553247e-06	0.0443804587858965	0.368864685997661	342501372219.863
2.29055913836531e-06	0.0458113621713472	0.389649656043011	324054494295.751
2.36387300473738e-06	0.0472776409299354	0.412176772614997	306181562550.141
2.43898120975948e-06	0.0487798063622182	0.436619866976454	288892757380.171
2.5159090659857e-06	0.0503183647178665	0.463172630191968	272196395337.726
2.59468160868202e-06	0.0518938167010391	0.492051136059416	256098913890.089
2.67532357076715e-06	0.0535066569692011	0.52349671377143	240604868198.381
2.75785935744839e-06	0.0551573736258403	0.557779222507796	225716939942.423
2.84231302057633e-06	0.0568464477075577	0.595200788464318	211435958094.756
2.92870823274291e-06	0.0585743526660255	0.636100074524961	197760931420.495
3.01706826114874e-06	0.0603415538453284	0.680857164128807	184689092355.299
3.10741594126617e-06	0.0621485079552172	0.729899154163645	172215951793.001
3.19977365032567e-06	0.0639956625408289	0.783706567280378	160335364199.222
3.29416328065395e-06	0.0658834554494393	0.842820712277908	149039602359.42
3.39060621289304e-06	0.0678123142948343	0.907852142644823	138319440971.073
3.48912328913053e-06	0.0697826559199021	0.979490388542879	128164248201.532
3.58973478597165e-06	0.0717948858580635	1.05851516716827	118562084257.066
3.69246038758518e-06	0.0738493977941753	1.14580931135305	109499805945.743
3.7973191587551e-06	0.0759465730255505	1.24237369745138	100963176168.231
3.90432951797149e-06	0.0780867799237606	1.34934450216392	92936977236.806
4.01350921059396e-06	0.0802703733978903	1.46801317538629	85405126904.4244
4.12487528212218e-06	0.0824976943599324	1.59984958409508	78350795982.687
4.23844405160815e-06	0.0847690691930179	1.74652886270577	71756526439.7211
4.35423108524561e-06	0.0870848092231891	1.90996260064505	65604348896.0426
4.47225117017228e-06	0.0894452101954305	2.0923351109444	59875898477.5644
4.59251828852124e-06	0.09185055175468	2.29614565792204	54552528039.1368
4.71504559175772e-06	0.0943010969325523	2.52425768160912	49615417838.1336
4.83984537533834e-06	0.0967970916405092	2.77995624645446	45045680814.2291
4.96692905372961e-06	0.0993387641702172	3.06701516798009	40824462717.0727
5.09630713582301e-06	0.101926324701837	3.38977554063754	36933036416.3681
5.22798920078386e-06	0.104559964820988	3.75323771178333	33352889827.1071
5.36198387437138e-06	0.107239857045143	4.16316913087648	30065806984.5718
5.49829880576723e-06	0.109966154360186	4.62623096227572	27053941907.3562
5.63694064494978e-06	0.112738989767891	5.15012689955981	24299884990.2806
5.77791502065126e-06	0.115558475845054	5.74377827744571	21786721770.944
5.92122651893456e-06	0.11842470431503	6.41753036630272	19498084012.1715
6.06687866242651e-06	0.121337745632384	7.18339568076394	17418193136.2931
6.21487389024361e-06	0.124297648581411	8.05534127047534	15531896134.7326
6.36521353864642e-06	0.127304439889209	9.04962832690078	13824694156.6711
6.51789782245768e-06	0.13035812385405	10.1852140829574	12282764052.6724
6.67292581727915e-06	0.133458681989707	11.4842279598584	10892973212.4209
6.8302954425414e-06	0.136606072686452	12.9725362979809	9642888089.64023
6.99000344541999e-06	0.13980023088938	14.6804128809588	8520776851.57381
7.15204538565092e-06	0.143041067794718	16.6433359278755	7515606625.0586
7.31641562127722e-06	0.146328470564756	18.9029364130328	6617035836.33907
7.48310729535781e-06	0.149662302062031	21.5081276290078	5815402157.67637
7.65211232366876e-06	0.153042400603347	24.5164520223694	5101706580.97021
7.82342138342606e-06	0.15646857973424	27.9956887285687	4467594137.64027
7.99702390305782e-06	0.159940628024422	32.0257741883371	3905331775.62851
8.17290805305299e-06	0.163458308884758	36.7010990775564	3407783889.38516
8.35106073791205e-06	0.167021360406286	42.1332579342344	2968385977.95576
8.5314675892243e-06	0.170629495221764	48.45434381736	2581116880.69125
8.7141129598946e-06	0.174282400390207	55.8208996892936	2240470010.57015
8.89897991954149e-06	0.177979737304862	64.4186617150465	1941423972.54886
9.08605025108686e-06	0.181721141624992	74.4682582194493	1679412919.61665
9.27530444855591e-06	0.185506223231893	86.2320627356824	1450296963.14657
9.46672171610474e-06	0.189334566209438	100.022441756072	1250332917.46869
9.66027996829117e-06	0.193205728849505	116.211689092924	1076145622.03745
9.85595583160292e-06	0.197119243682539	135.244001166929	924700048.735032
1.00537246472553e-05	0.201074617533515	157.649923494538	793274367.274779
1.02535604752692e-05	0.205071331603497	184.063791108717	679434108.784917
1.04554360998386e-05	0.209108841576988	215.244798234817	581007536.818843
1.06593230359935e-05	0.213186577755204	252.102469662911	496062306.5242
1.08651915375659e-05	0.217303945215377	295.727473282164	422883466.701132
1.10730106064588e-05	0.22146032399616	347.428916718843	359952836.10687
1.12827480032239e-05	0.225655069309167	408.779518922605	305929764.669442
1.14943702589441e-05	0.22988751177663	481.670349587931	259633272.248109
1.17078426884207e-05	0.234156957695147	568.377197300521	220025542.161319
1.19231294046606e-05	0.238462689325424	671.641075645014	186196733.790718
1.21401933346571e-05	0.242803965207898	794.765922689381	157351068.02404
1.23589962364568e-05	0.247180020504072	941.737214526689	132794130.95553
1.25794987175023e-05	0.251590067363371	1117.36602371783	111921334.936478
1.28016602542393e-05	0.256033295315284	1327.4640398636	94207471.5645031
1.30254392129732e-05	0.260508871686503	1579.05627012502	79197288.3169545
1.32507928719611e-05	0.265015942042756	1880.63959832746	66497019.069019
1.34776774447197e-05	0.269553630654973	2242.49715803342	55766798.4927882
1.37060481045315e-05	0.274121040989402	2677.08063501215	46713891.1195193
1.39358590101256e-05	0.278717256221233	3199.47523924424	39086667.4840852
1.4167063332512e-05	0.283341339771284	3827.9652741551	32669262.0917159
1.4399613282943e-05	0.287992335865221	4584.72209949221	27276850.8005573
1.46334601419745e-05	0.292669270114796	5496.64097654505	22751488.4626614
1.48685542896001e-05	0.29737115012052	6596.35897140087	18958451.1898703
1.51048452364254e-05	0.302096966095153	7923.49297902142	15783031.3043968
1.53422816558524e-05	0.306845691507391	9526.14526422177	13127736.8066672
1.5580811417239e-05	0.311616283745055	11462.7339895271	10909850.9695572
1.58203816199984e-05	0.316407684797086	13804.2183659319	9059311.38636818
1.60609386286027e-05	0.321218821953602	16636.8027398182	7516871.40999314
1.63024281084502e-05	0.326048608523259	20065.221616173	6232510.38407579
1.65447950625587e-05	0.330895944567106	24216.7289065587	5164062.3548567
1.67879838690426e-05	0.335759717648133	29245.9402809929	4276036.04475319
1.70319383193312e-05	0.340638803595639	35340.7082244364	3538601.7528822
1.72766016570859e-05	0.345532067283561	42729.2462276691	2926723.51732318
1.75219166177687e-05	0.350438363421864	51688.7626274924	2419417.32772479
1.776782546882e-05	0.355356537360079	62555.9172994384	1999118.41786096
1.80142700503945e-05	0.360285425902033	75739.4772726929	1651142.70221415
1.82611918166109e-05	0.365223858130837	91735.6222183068	1363229.25738182
1.85085318772648e-05	0.370170656243138	111146.439792468	1125152.39865925
1.87562310399549e-05	0.375124636391658	134702.256468928	928393.376368481
1.90042298525741e-05	0.380084609534999	163288.574622195	765863.027933321
1.92524686461131e-05	0.385049382293723	197978.534506694	631667.883221826
1.95008875777254e-05	0.390017757811655	240071.994174285	520913.245165186
1.97494266740029e-05	0.394988536621382	291142.525567632	429537.667725313
1.99980258744083e-05	0.399960517512914	353093.865883503	354174.04107245
2.02466250748138e-05	0.404932498404447	428227.645311334	292033.180892585
2.04951641710913e-05	0.409903277214174	519324.541591039	240806.415911483
2.07435831027036e-05	0.414871652732105	629741.395396211	198584.185071057
2.09918218962426e-05	0.41983642549083	763527.265992401	163788.102599931
2.12398207088618e-05	0.424796398634171	925561.922391092	135114.333955668
2.14875198715519e-05	0.42975037878269	1121720.86056592	111486.455962212
2.17348599322057e-05	0.434697176894992	1359071.62226062	92016.2573401527
2.19817816984222e-05	0.439635609123796	1646106.97630456	75971.1774207501
2.22282262799967e-05	0.444564497665749	1993021.42067008	62747.2866575507
2.2474135131048e-05	0.449482671603964	2412038.48486898	51846.8874800794
2.27194500917308e-05	0.454388967742267	2917797.47026421	42859.9623701156
2.29641134294855e-05	0.459282231430188	3527809.57330348	35448.8215513449
2.32080678797741e-05	0.464161317377694	4262994.80640218	29335.4086587231
2.3451256686258e-05	0.469025090458721	5148312.77572904	24290.8120569343
2.36936236403665e-05	0.473872426502568	6213502.20626434	20126.6045877787
2.3935113120214e-05	0.478702213072224	7493946.13276812	16687.6975851648
2.41756701288183e-05	0.483513350228739	9031681.90946331	13846.4478458069
2.44152403315777e-05	0.48830475128077	10876577.6375602	11497.8004637545
2.46537700929643e-05	0.493075343518433	13087699.2711971	9555.28737862162
2.48912065123913e-05	0.49782406893067	15734895.5377356	7947.73230291552
2.51274974592166e-05	0.502549884905302	18900630.8912735	6616.5383628489
2.53625916068422e-05	0.507251764911024	22682099.9960969	5513.45614045979
2.55964384658737e-05	0.511928699160598	27193660.6895913	4598.74754585326
2.58289884163047e-05	0.516579695254533	32569625.9732139	3839.67567051269
2.60601927386911e-05	0.521203778804581	38967459.2870173	3209.26297589293
2.62900036442852e-05	0.525799994036409	46571421.0882496	2685.27027622271
2.6518374304097e-05	0.530367404370834	55596718.5158234	2249.35733323032
2.67452588768556e-05	0.534905092983047	66294213.6045152	1886.39278866898
2.69706125358435e-05	0.539412163339295	78955749.0258613	1583.88686490924
2.71943914945774e-05	0.543887739710508	93920153.5718945	1331.52497050468
2.74165530313144e-05	0.548330967662414	111579992.442586	1120.78422819282
2.76370555123599e-05	0.552741014521705	132389129.711885	944.618140100834
2.78558584141596e-05	0.557117069817868	156871171.979024	797.19723766434
2.80729223441561e-05	0.561458345700331	185628862.995327	673.695730419448
2.8288209060396e-05	0.565764077330595	219354498.813179	570.115950012477
2.85016814898726e-05	0.570033523249096	258841431.543517	483.143851057509
2.87133037455928e-05	0.57426596571654	304996726.93367	410.030034735318
2.89230411423579e-05	0.578460711029525	358855036.487269	348.49175042934
2.91308602112508e-05	0.582617089810284	421593738.541046	296.632143335856
2.93367287128232e-05	0.586734457270427	494549394.394738	252.873683285952
2.95406156489781e-05	0.590812193448609	579235555.076667	215.903257866733
2.97424912735475e-05	0.59484970342206	677361941.454736	184.62686264734
2.99423271015614e-05	0.598846417491996	790855005.032821	158.132190444073
3.01400959172138e-05	0.60280179134292	921879858.802222	135.657724525146
3.03357717805255e-05	0.606715306175894	1072863546.8867	116.567189317028
3.0529330032712e-05	0.610586468815891	1246519598.41763	100.328416272776
3.07207473002608e-05	0.614414811793355	1445873785.15322	86.4958500980334
3.09100014977298e-05	0.618199893400164	1674290973.92881	74.6960580693333
3.10970718292752e-05	0.62194129772019	1935502934.28507	64.6157181112296
3.12819387889221e-05	0.625638634634724	2233636928.83774	55.9916540445289
3.14645841595924e-05	0.629291539803031	2573244879.47988	48.6025626041985
3.16449910109046e-05	0.632899674618353	2959332866.78703	42.2621394261773
3.18231436957637e-05	0.636462726139705	3397390683.55283	36.8133626561103
3.19990278457589e-05	0.639980406999842	3893421126.82916	32.1237351394965
3.21726303653906e-05	0.643452455289798	4453968676.86994	28.0813209513371
3.23439394251479e-05	0.646878634420437	5086147176.74424	24.5914406583483
3.25129444534589e-05	0.650258732961468	5797666093.91014	21.5739132804028
3.26796361275395e-05	0.65359256445842	6596854915.59895	18.9607523339521
3.28440063631658e-05	0.656879967228098	7492685204.34104	16.6942393401315
3.30060483033967e-05	0.660120804133033	8494789819.28243	14.725311372143
3.31657563062753e-05	0.663314962335511	9613478793.98982	13.0122100993348
3.33231259315375e-05	0.666462353031755	10859751353.08	11.5193487686153
3.3478153926359e-05	0.669562911166854	12245303549.0427	10.2163609836112
3.36308382101703e-05	0.672616595131077	13782531007.7676	9.07730127433669
3.37811778585731e-05	0.675623386438191	15484526287.1433	8.07997252185194
3.39291730863902e-05	0.678583289386461	17365070378.1373	7.20535949978587
3.40748252298821e-05	0.681496330702981	19438617912.3107	6.43715127087765
3.42181367281654e-05	0.684362559172039	21720275683.8955	5.761338057861
3.43591111038669e-05	0.687182045248195	24225774148.3215	5.16587059774307
3.44977529430495e-05	0.689954880654794	26971431622.145	4.6403719721834
3.46340678744453e-05	0.692681177968629	29974110981.2356	4.17589355455924
3.47680625480328e-05	0.695361070191466	33251168734.1211	3.7647080843609
3.48997446129937e-05	0.697994710309182	36820396434.6626	3.40013401957589
3.50291226950871e-05	0.700582270839241	40699954491.6263	3.07638626711982
3.51562063734784e-05	0.703123943367256	44908298530.9293	2.78844918270889
3.5281006157059e-05	0.70561993807338	49464098567.9041	2.53196839173287
3.54035334602955e-05	0.708070483249273	54386151350.2186	2.3031585339154
3.55238005786444e-05	0.710475824806387	59693286335.4276	2.09872449522738
3.56418206635711e-05	0.712836225776331	65404265868.6686	1.91579407587941
3.57576076972086e-05	0.715151965804035	71537680223.9702	1.75186036587147
3.58711764666945e-05	0.717423340634476	78111838265.1506	1.6047323699808
3.59825425382227e-05	0.719650661593689	85144654567.59	1.47249265089804
3.60917222308452e-05	0.721834255064798	92653533918.5557	1.35346094968182
3.61987325900616e-05	0.723974461959789	100655254179.676	1.2461629027783
3.63035913612315e-05	0.726071637187741	109165848549.246	1.14930310952324
3.6406316962845e-05	0.728126149120218	118200488302.971	1.061741917455
3.65069284596862e-05	0.730138379054529	127773367118.767	0.982475388365557
3.66054455359237e-05	0.732108720675524	137897588103.355	0.910617988684532
3.67018884681627e-05	0.73403757951662	148585054635.399	0.84538761592598
3.6796278098491e-05	0.7359253724207	159846366121.507	0.786092630536143
3.68886358075505e-05	0.737772527001547	171690719727.827	0.732120611237716
3.6978983487668e-05	0.739579481106433	184125819101.421	0.682928593274573
3.70673435160738e-05	0.741346682280494	197157791033.029	0.638034583993915
3.71537387282404e-05	0.743074587233477	210791110936.994	0.59701017994471
3.72381923913683e-05	0.744763661309467	225028537936.235	0.559474134946907
3.73207281780496e-05	0.746414377960136	239871060241.715	0.525086750088206
3.74013701401347e-05	0.748027218222084	255317851408.299	0.493544974916521
3.7480142682831e-05	0.749602670198801	271366237934.016	0.464578124706169
3.75570705390572e-05	0.751141228547753	288011678549.411	0.437944131996779
3.76321787440793e-05	0.752643393973102	305247755419.6	0.413426261983357
3.77054926104514e-05	0.754109672724522	323066177356.006	0.39083023106685
3.77770377032842e-05	0.755540576102575	341456795009.245	0.369981676204531
3.78468398158635e-05	0.756936619971074	360407627891.177	0.350723929837556
3.79149249456379e-05	0.758298324276856	379904902954.585	0.33291606129614
3.79813192705975e-05	0.759626212577355	399933104344.849	0.316431150840616
3.80460491260605e-05	0.760920811576342	420475033830.841	0.30115476701622
3.81091409818861e-05	0.762182650668197	441511881323.666	0.286983621888354
3.81706214201303e-05	0.763412261491031	463023304802.503	0.273824382074986
3.82305171131599e-05	0.764610177488981	484987518888.216	0.261592616381076
3.8288854802239e-05	0.765776933483952	507381391237.789	0.250211863333081
3.83456612766021e-05	0.766913065257092	530180545876.921	0.239612804065554
3.84009633530253e-05	0.768019109140232	553359472544.409	0.229732527874955
3.84547878559076e-05	0.769095601617529	576891641090.557	0.220513879368675
3.85071615978724e-05	0.770143078937506	600749619952.333	0.211904877535288
3.85581113608984e-05	0.771162076735691	624905197720.556	0.203858198274721
3.86076638779882e-05	0.772153129668006	649329506818.225	0.196330712980184
3.86558458153822e-05	0.773116771055059	673993148323.704	0.189283076679217
3.87026837553239e-05	0.774053532537467	698866316997.335	0.182679360037765
3.87482041793816e-05	0.774963943742308	723918925603.796	0.176486720225116
3.87924334523318e-05	0.775848531960803	749120727664.948	0.170675106242422
3.88353978066068e-05	0.776707821837286	774441437827.435	0.165216994845505
3.88771233273096e-05	0.777542335069523	799850849085.055	0.160087153653894
3.89176359377985e-05	0.778352590120401	825318946157.013	0.15526242844129
3.89569613858401e-05	0.779139101941026	850816014388.282	0.150721551955696
3.89951252303335e-05	0.779902381705202	876312743606.436	0.14644497192673
3.90321528286021e-05	0.780642936555297	901780326439.731	0.142414696188792
3.90680693242545e-05	0.781361269359452	927190550672.232	0.138614153086933
3.91028996356084e-05	0.782057878480091	952515885283.372	0.135028065541359
3.91366684446779e-05	0.782733257553667	977729559889.947	0.131642337330511
3.91694001867181e-05	0.783387895281564	1002805637377.6	0.128443950314583
3.92011190403239e-05	0.784022275232083	1027719079575.87	0.125420871464003
3.92318489180762e-05	0.784636875653379	1052445805894.6	0.12256196868327
3.92616134577321e-05	0.78523216929726	1076962744900.65	0.119856934531524
3.92904360139502e-05	0.785808623253712	1101247878870.21	0.117296217039438
3.93183396505458e-05	0.786366698796002	1125280281404.8	0.114870956908734
3.93453471332682e-05	0.786906851236223	1149040148247.26	0.112572930457432
3.93714809230911e-05	0.787429529791117	1172508821477.58	0.110394497742005
3.93967631700094e-05	0.787935177458001	1195668807307.04	0.108328555347882
3.94212157073316e-05	0.788424230900628	1218503787723.25	0.10636849339332
3.944486004646e-05	0.788897120344781	1240998626267.76	0.104508156339173
3.9467717372148e-05	0.789354269483432	1263139368252.43	0.102741807239378
3.94898085382252e-05	0.789796095391226	1284913235740.79	0.10106409510456
3.95111540637786e-05	0.790223008448123	1306308617635.83	0.0994700250846534
3.95317741297812e-05	0.790635412271952	1327315055227.36	0.0979549312062662
3.95516885761547e-05	0.791033703659675	1347923223559.28	0.0965144514271533
3.9570916899257e-05	0.791418272537124	1368124908980.87	0.0951445047939007
3.95894782497817e-05	0.791789501916993	1387912983246.57	0.0938412705101565
3.96073914310586e-05	0.792147767864845	1407281374526	0.0926011687417442
3.96246748977433e-05	0.792493439472896	1426225035680.45	0.0914208430019495
3.96413467548836e-05	0.792826878841342	1444739910154.1	0.0902971439755092
3.9657424757351e-05	0.793148441066982	1462822895817.96	0.0892271146534516
3.96729263096249e-05	0.793458474238899	1480471807092.62	0.0882079766631747
3.9687868465917e-05	0.793757319440942	1497685335662.23	0.0872371176891268
3.97022679306243e-05	0.794045310760778	1514463010077.23	0.086312079889313
3.97161410590975e-05	0.794322775305261	1530805154527.22	0.0854305492217333
3.9729503858713e-05	0.794590033221858	1546712847048.89	0.0845903456028251
3.97423719902363e-05	0.794847397725917	1562187877416.45	0.0837894138271708
3.97547607694635e-05	0.795095175133494	1577232704944.15	0.0830258151842275
3.97666851691303e-05	0.795333664899519	1591850416412.99	0.0822977197136434
3.97781598210748e-05	0.795563159661056	1606044684315.65	0.0816033990460244
3.9789199018643e-05	0.7957839452854	1619819725596.1	0.0809412197807654
3.97998167193247e-05	0.79599630092279	1633180261043	0.0803096373568648
3.98100265476075e-05	0.796200499063492	1646131475479.11	0.079707190376535
3.98198417980384e-05	0.796396805599014	1658678978872.48	0.0791324953449447
3.98292754384799e-05	0.796585479887236	1670828768479.53	0.0785842417926256
3.98383401135511e-05	0.796766774821211	1682587192114.95	0.0780611877499643
3.984704814824e-05	0.796940936901428	1693960912629.06	0.0775621555458293
3.98554115516793e-05	0.797108206311296	1704956873659.76	0.0770860279047688
3.98634420210712e-05	0.797268816995664	1715582266713.23	0.0766317443193761
3.98711509457544e-05	0.797422996742132	1725844499616.19	0.0761982976763877
3.98785494113991e-05	0.797570967264967	1735751166370.6	0.0757847311168815
3.98856482043233e-05	0.797712944291414	1745310018432.36	0.0753901351125602
3.98924578159183e-05	0.7978491376502	1754528937425.59	0.075013644741592
3.98989884471737e-05	0.797979751362043	1763415909295.61	0.0746544371488531
3.99052500132947e-05	0.79810498373198	1771978999896.37	0.0743117291766231
3.99112521483992e-05	0.798225027443319	1780226332000.38	0.0739847751529411
3.99170042102887e-05	0.798340069653046	1788166063713.53	0.0736728648258459
3.99225152852831e-05	0.798450292088517	1795806368271.67	0.0733753214326624
3.99277941931102e-05	0.798555871145255	1803155415190.31	0.0730914998943769
3.99328494918441e-05	0.798656977985703	1810221352735.45	0.0728207851259139
3.9937689482882e-05	0.798753778638768	1817012291679.39	0.0725625904538558
3.99423222159538e-05	0.798846434100007	1823536290302.46	0.0723163561338193
3.99467554941562e-05	0.79893510043231	1829801340599.18	0.0720815479602922
3.99509968790052e-05	0.799019928866939	1835815355645.27	0.071857655962306
3.99550536954986e-05	0.799101065904789	1841586158080.36	0.0716441931788245
3.9958933037184e-05	0.799178653417737	1847121469659.96	0.0714406945082042
3.99626417712249e-05	0.799252828749968	1852428901829.91	0.0712467156265019
3.99661865434591e-05	0.799323724819143	1857515947275.42	0.0710618319698215
3.99695737834446e-05	0.799391470217304	1862389972397.15	0.0708856377762421
3.99728097094855e-05	0.799456189311413	1867058210666.85	0.070717745183209
3.99759003336365e-05	0.799518002343416	1871527756815.26	0.0705577833765853
3.99788514666764e-05	0.799577025529732	1875805561805.72	0.0704053977878435
3.99816687230502e-05	0.799633371160088	1879898428547.75	0.0702602493361345
3.99843575257735e-05	0.799687147695597	1883813008305.63	0.0701220137122262
3.99869231112941e-05	0.79973845986601	1887555797758.33	0.0699903807015121
3.99893705343101e-05	0.799787408766055	1891133136668.04	0.0698650535435165
3.99917046725373e-05	0.799834091950802	1894551206116.21	0.0697457483254904
3.99939302314252e-05	0.79987860352997	1897816027267.05	0.0696321934078897
3.99960517488167e-05	0.799921034261135	1900933460620.12	0.0695241288796757
3.99980735995503e-05	0.799961471641759	1903909205714.9	0.0694213060415362
4e-05	0.8	1906748801252.06	0.0693234869152549
