Position  (cm)	V (V)	n (cm-3)	p (cm-3)
0	0	1.74353231410861e-14	3.02071711165256e+16
2.27986488733322e-09	3.42716907712818e-10	1.74340417148707e-14	3.02071707160726e+16
4.78638710893473e-09	7.19506844373812e-10	1.74326328930742e-14	3.02071702758064e+16
7.53943637653096e-09	1.13335848801321e-09	1.74310855076618e-14	3.02071697922349e+16
1.05603366094998e-08	1.58748010007925e-09	1.74293875732357e-14	3.02071692616093e+16
1.38719433424862e-08	2.08531155008504e-09	1.7427526243524e-14	3.02071686799102e+16
1.74987224573138e-08	2.63053666823362e-09	1.74254877671253e-14	3.02071680428333e+16
2.14668299687519e-08	3.22709592308128e-09	1.74232574426587e-14	3.02071673457742e+16
2.58041925613601e-08	3.87919942630617e-09	1.74208195734911e-14	3.02071665838136e+16
3.05405885411803e-08	4.5913402738466e-09	1.74181574222291e-14	3.02071657517014e+16
3.5707728831983e-08	5.36830824251348e-09	1.74152531651835e-14	3.02071648438409e+16
4.13393376110172e-08	6.2152038742774e-09	1.74120878470336e-14	3.02071638542725e+16
4.74712321441638e-08	7.13745299750922e-09	1.74086413359374e-14	3.0207162776656e+16
5.41414013452507e-08	8.1408217561802e-09	1.74048922793545e-14	3.02071616042542e+16
6.13900825492864e-08	9.23143224540981e-09	1.74008180608669e-14	3.02071603299134e+16
6.92598359549032e-08	1.0415778885894e-08	1.73963947583029e-14	3.02071589460452e+16
7.77956161575683e-08	1.17007457115599e-08	1.73915971034866e-14	3.02071574446059e+16
8.70448401626033e-08	1.30936247958671e-08	1.73863984439552e-14	3.02071558170749e+16
9.70574512359653e-08	1.46021361039374e-08	1.73807707070023e-14	3.02071540544317e+16
1.07885977921572e-07	1.62344491317755e-08	1.73746843664209e-14	3.02071521471307e+16
1.19585587527084e-07	1.79992067822019e-08	1.73681084123358e-14	3.02071500850728e+16
1.32214133355798e-07	1.99055520315109e-08	1.73610103245256e-14	3.0207147857575e+16
1.45832194941192e-07	2.19631580640587e-08	1.73533560496489e-14	3.02071454533344e+16
1.60503110523097e-07	2.41822626966958e-08	1.73451099827953e-14	3.02071428603885e+16
1.76293000990736e-07	2.65737080825483e-08	1.73362349537893e-14	3.02071400660687e+16
1.93270784508659e-07	2.9148986879402e-08	1.73266922186802e-14	3.02071370569464e+16
2.1150818103702e-07	3.19202962938391e-08	1.73164414568521e-14	3.02071338187696e+16
2.31079705958351e-07	3.49006016722976e-08	1.73054407741836e-14	3.02071303363887e+16
2.52062652029238e-07	3.81037116086438e-08	1.72936467126859e-14	3.02071265936692e+16
2.74537058887484e-07	4.15443668809257e-08	1.72810142670358e-14	3.02071225733868e+16
2.98585669363857e-07	4.523834592193e-08	1.72674969084093e-14	3.02071182571054e+16
3.24293871872586e-07	4.9202589974223e-08	1.7253046616004e-14	3.02071136250297e+16
3.51749628186758e-07	5.34553515915182e-08	1.72376139166202e-14	3.02071086558324e+16
3.81043385943814e-07	5.80163707327089e-08	1.72211479326435e-14	3.02071033264484e+16
4.12267975272759e-07	6.29070833608738e-08	1.72035964387442e-14	3.02070976118306e+16
4.45518488988454e-07	6.81508682213794e-08	1.71849059275759e-14	3.02070914846621e+16
4.80892145859686e-07	7.37733383537403e-08	1.71650216847183e-14	3.02070849150153e+16
5.18488136526516e-07	7.98026849004344e-08	1.71438878730663e-14	3.02070778699501e+16
5.58407451718691e-07	8.6270081946872e-08	1.71214476268242e-14	3.02070703130412e+16
6.00752692510514e-07	9.32101624876794e-08	1.70976431552112e-14	3.02070622038216e+16
6.45627862438318e-07	1.00661577203029e-07	1.70724158559332e-14	3.020705349713e+16
6.93138141404302e-07	1.08667649598538e-07	1.70457064384187e-14	3.02070441423449e+16
7.43389641394613e-07	1.17277143262905e-07	1.70174550567548e-14	3.02070340824887e+16
7.96489144149785e-07	1.26545159623421e-07	1.69876014521978e-14	3.02070232531783e+16
8.5254382104134e-07	1.36534187700673e-07	1.69560851050692e-14	3.02070115813986e+16
9.11660935529178e-07	1.47315331092193e-07	1.69228453957783e-14	3.02069989840689e+16
9.73947528699356e-07	1.58969741924949e-07	1.6887821774646e-14	3.02069853663674e+16
1.03951008851042e-06	1.71590296932751e-07	1.6850953940139e-14	3.0206970619773e+16
1.1084542035078e-06	1.85283557358795e-07	1.68121820250503e-14	3.0206954619775e+16
1.18088420189888e-06	2.0017206233417e-07	1.67714467901011e-14	3.02069372231937e+16
1.25690277701528e-06	2.16397015004129e-07	1.67286898243719e-14	3.02069182650418e+16
1.33661060032293e-06	2.34121432375528e-07	1.66838537519094e-14	3.02068975548442e+16
1.42010592327288e-06	2.53533844071578e-07	1.6636882443799e-14	3.02068748723162e+16
1.50748416941634e-06	2.74852642467538e-07	1.65877212349427e-14	3.02068499622809e+16
1.59883751833422e-06	2.98331207718993e-07	1.6536317144732e-14	3.02068225286812e+16
1.69425448305346e-06	3.24263956767519e-07	1.6482619100772e-14	3.0206792227512e+16
1.79381948273912e-06	3.52993496545991e-07	1.64265781647793e-14	3.02067586584629e+16
1.89761241256026e-06	3.84919099497921e-07	1.63681477597581e-14	3.02067213550156e+16
2.00570821272893e-06	4.20506765640949e-07	1.63072838975506e-14	3.02066797726874e+16
2.11817643880331e-06	4.60301191490409e-07	1.62439454058587e-14	3.02066332750482e+16
2.23508083542726e-06	5.049400344824e-07	1.61780941538552e-14	3.02065811170542e+16
2.35647891574841e-06	5.55170944686687e-07	1.61096952755318e-14	3.02065224251497e+16
2.4824215488137e-06	6.11871936771393e-07	1.60387173899834e-14	3.02064561734669e+16
2.61295255728497e-06	6.76075798448075e-07	1.59651328178959e-14	3.02063811553099e+16
2.74810832784621e-06	7.48999381605103e-07	1.58889177935935e-14	3.0206295948935e+16
2.88791743668788e-06	8.32078804942949e-07	1.58100526721146e-14	3.02061988764267e+16
3.03240029245144e-06	9.27011819171847e-07	1.57285221309222e-14	3.02060879542066e+16
3.18156879899887e-06	1.03580885624863e-06	1.56443153660214e-14	3.02059608334e+16
3.33542604033634e-06	1.16085461304324e-06	1.55574262824548e-14	3.02058147278993e+16
3.49396598996833e-06	1.30498241945151e-06	1.54678536793801e-14	3.02056463274975e+16
3.65717324688866e-06	1.47156412644509e-06	1.53756014302097e-14	3.02054516928984e+16
3.82502280032717e-06	1.66461883836936e-06	1.52806786586123e-14	3.02052261287246e+16
3.997479825266e-06	1.88894452713941e-06	1.51830999115528e-14	3.02049640298114e+16
4.17449951061803e-06	2.1502774289634e-06	1.50828853309775e-14	3.02046586950701e+16
4.35602692182135e-06	2.45548516609078e-06	1.49800608262606e-14	3.02043021019901e+16
4.54199689944994e-06	2.81280079133799e-06	1.48746582501076e-14	3.02038846333903e+16
4.73233399527135e-06	3.23210646159047e-06	1.47667155812886e-14	3.02033947462725e+16
4.92695244699865e-06	3.72527725421902e-06	1.46562771183528e-14	3.02028185705335e+16
5.12575619278768e-06	4.3065977994627e-06	1.45433936893712e-14	3.02021394227834e+16
5.32863892632197e-06	4.99326697106028e-06	1.4428122883788e-14	3.02013372175454e+16
5.53548419310883e-06	5.80600892202689e-06	1.4310529313637e-14	3.02003877545873e+16
5.74616552838202e-06	6.7698123429312e-06	1.41906849127282e-14	3.01992618569958e+16
5.9605466367709e-06	7.91482403188859e-06	1.40686692839337e-14	3.01979243297619e+16
6.17848161365464e-06	9.27742777556507e-06	1.39445701064238e-14	3.0196332703017e+16
6.39981520787456e-06	1.09015452251602e-05	1.38184836166344e-14	3.01944357175857e+16
6.62438312523032e-06	1.28402019807569e-05	1.36905151788842e-14	3.01921715031233e+16
6.85201237193754e-06	1.51574095281576e-05	1.35607799639172e-14	3.01894653907689e+16
7.0825216369783e-06	1.79304220399364e-05	1.3429403756204e-14	3.01862272929587e+16
7.31572171203331e-06	2.12524363571964e-05	1.32965239135808e-14	3.01823485728836e+16
7.55141594744722e-06	2.52358136622504e-05	1.31622905056966e-14	3.01776983151831e+16
7.78940074244888e-06	3.00159123177816e-05	1.3026867660741e-14	3.01721188981169e+16
8.0294660676277e-06	3.57556328762589e-05	1.28904351529494e-14	3.01654207560642e+16
8.27139601745822e-06	4.26507880267087e-05	1.27531902663618e-14	3.01573762104161e+16
8.51496939046824e-06	5.09364217653185e-05	1.26153499731242e-14	3.01477122376396e+16
8.75996029446398e-06	6.08942126872725e-05	1.2477153467157e-14	3.01361020367587e+16
9.00613877405998e-06	7.28611051100223e-05	1.23388650961371e-14	3.01221552563887e+16
9.2532714576129e-06	8.72393176006306e-05	1.22007777363186e-14	3.01054067459435e+16
9.50112222052863e-06	0.000104507879938673	1.20632166556451e-14	3.00853037095147e+16
9.74945286180252e-06	0.000125235844817351	1.1926543910798e-14	3.00611911676418e+16
9.99802379056335e-06	0.00015009730753282	1.17911633232811e-14	3.00322956760003e+16
1.02465947193242e-05	0.000179888343046463	1.16575260784411e-14	2.99977073159093e+16
1.04949253605981e-05	0.000215545932313591	1.15261369896998e-14	2.99563600652191e+16
1.07427761235138e-05	0.000258168895581215	1.13975614686242e-14	2.99070107858556e+16
1.09899088070667e-05	0.000309040776254776	1.12724332404136e-14	2.98482172325179e+16
1.12360872866627e-05	0.000369654521756294	1.11514628448078e-14	2.97783157018113e+16
1.14810781906585e-05	0.000441738684705442	1.10354469654653e-14	2.96953992071321e+16
1.17246515636685e-05	0.000527284716613588	1.09252786379294e-14	2.9597297383859e+16
1.1966581513499e-05	0.000628574746146545	1.08219583990436e-14	2.94815596991458e+16
1.22066468386778e-05	0.000748209025752751	1.07266064608755e-14	2.93454439510499e+16
1.24446316336795e-05	0.000889131997479961	1.06404760216962e-14	2.91859124729803e+16
1.26803258690934e-05	0.0010546556778886	1.05649678669825e-14	2.89996388782766e+16
1.29135259441484e-05	0.00124847880409618	1.05016464660553e-14	2.87830285364027e+16
1.31440352091892e-05	0.00147469993412483	1.04522578354407e-14	2.85322561982969e+16
1.33716644558964e-05	0.00173782247637925	1.04187495179827e-14	2.82433241964534e+16
1.35962323732521e-05	0.00204274946240714	1.04032931155238e-14	2.79121443323118e+16
1.38175659674721e-05	0.00239476580629937	1.04083099094193e-14	2.75346458194885e+16
1.40355009443558e-05	0.00279950584886542	1.04365002022993e-14	2.71069103747186e+16
1.42498820527447e-05	0.0032629042014102	1.04908771095096e-14	2.6625333669074e+16
1.44605633880179e-05	0.00379112831528138	1.05748056107514e-14	2.60868098615104e+16
1.46674086548047e-05	0.0043904918328633	1.06920477310452e-14	2.54889329212702e+16
1.4870291388339e-05	0.00506734863102412	1.08468147430692e-14	2.4830205115892e+16
1.50690951341281e-05	0.00582796853414934	1.10438272567277e-14	2.41102397491976e+16
1.52637135858553e-05	0.00667839690730475	1.12883839721495e-14	2.33299424618075e+16
1.54540506816768e-05	0.0076243016656145	1.15864397044356e-14	2.24916537245456e+16
1.56400206593054e-05	0.00867081254800132	1.19446930277139e-14	2.15992351307148e+16
1.58215480705087e-05	0.00982235867281239	1.237068351848e-14	2.06580841726593e+16
1.59985677558607e-05	0.0110825112797908	1.28728980914513e-14	1.9675066560104e+16
1.61710247807995e-05	0.0124538390354131	1.34608853055955e-14	1.86583616198604e+16
1.6338874334238e-05	0.0139377832338927	1.41453757682523e-14	1.76172243014567e+16
1.65020815911584e-05	0.0155345596105357	1.49384058824461e-14	1.65616758105693e+16
1.66606215407904e-05	0.0172430923080789	1.58534411767545e-14	1.5502142674722e+16
1.68144787821278e-05	0.0190609838799362	1.690549435092e-14	1.44490698810868e+16
1.69636472886753e-05	0.0209845232195002	1.81112320017659e-14	1.34125366388149e+16
1.71081301444388e-05	0.0230087311590441	1.9489062819429e-14	1.24019028120015e+16
1.72479392532805e-05	0.0251274413907239	2.10591989404978e-14	1.14255102444145e+16
1.73830950238417e-05	0.0273334125194433	2.28436812100004e-14	1.04904567257022e+16
1.7513626032313e-05	0.029618465618131	2.48663584542061e-14	9.60245231667743e+15
1.76395686653783e-05	0.0319736407180745	2.7152810629159e-14	8.76575941334609e+15
1.77609667456994e-05	0.0343893652628825	2.97302060170361e-14	7.98321044989074e+15
1.78778711423234e-05	0.0368556276552203	3.26270836151045e-14	7.25629138621666e+15
1.79903393683978e-05	0.0393621495524788	3.58730535957745e-14	6.58527555307262e+15
1.80984351685664e-05	0.0418985514118169	3.94984112636043e-14	5.96939107962978e+15
1.82022280983876e-05	0.0444545068256972	4.35336632892796e-14	5.40700571220673e+15
1.83017930980732e-05	0.047019882310369	4.80089690819412e-14	4.89581484808296e+15
1.83972100627925e-05	0.0495848603134212	5.29535048097008e-14	4.43302148080624e+15
1.84885634117104e-05	0.05214004421842	5.83947625537096e-14	4.01549994583735e+15
1.85759416578538e-05	0.0546765449967379	6.43578020736425e-14	3.63993843910073e+15
1.86594369808038e-05	0.0571860498649485	7.08644773117408e-14	3.30295796639047e+15
1.87391448041114e-05	0.0596608738462862	7.79326636872485e-14	3.00120751540042e+15
1.88151633792278e-05	0.0620939955166276	8.55755150658125e-14	2.7314367838929e+15
1.88875933776189e-05	0.0644790784581901	9.38007807136531e-14	2.49054878650514e+15
1.89565374926163e-05	0.066810480071127	1.02610212336267e-13	2.27563518512119e+15
1.90221000524273e-05	0.0690832494288097	1.11999089345121e-13	2.08399734926281e+15
1.90843866455975e-05	0.0712931158298539	1.21955886817474e-13	1.91315605894345e+15
1.91435037600854e-05	0.073436469619067	1.32462105378194e-13	1.76085250592353e+15
1.91995584369769e-05	0.0755103367372849	1.43492275731985e-13	1.6250429053109e+15
1.92526579397321e-05	0.0775123483298071	1.55014143209253e-13	1.50388865376109e+15
1.93029094397224e-05	0.0794407066049353	1.66989029929225e-13	1.39574360135178e+15
1.93504197186884e-05	0.0812941479952033	1.79372364528108e-13	1.29913966515171e+15
1.93952948886162e-05	0.0830719045393108	1.9211436233149e-13	1.21277171601671e+15
1.9437640129408e-05	0.0847736642757014	2.05160832794803e-13	1.13548242071685e+15
1.94775594446002e-05	0.0863995313210621	2.18454086330064e-13	1.06624751838673e+15
1.9515155435267e-05	0.0879499861996561	2.3193390950393e-13	1.00416184964383e+15
1.95505290921382e-05	0.0894258468925577	2.45538576130926e-13	948426333125968
1.95837796058539e-05	0.0908282309893415	2.59205861973108e-13	898335991730055
1.96150041951829e-05	0.0921585192480868	2.72874032461172e-13	853269063718305
1.96442979529399e-05	0.0934183208020495	2.86482775850467e-13	812677186844720
1.96717537092541e-05	0.0946094401923291	2.99974058235379e-13	776076612197314
1.96974619117628e-05	0.0957338463545559	3.13292881549399e-13	743040384751452
1.97215105222392e-05	0.0967936436433532	3.26387930752433e-13	713191416601399
1.97439849290975e-05	0.0977910449403823	3.39212101545154e-13	686196374039073
1.97649678751684e-05	0.0987283468595326	3.51722904883304e-13	661760299186997
1.97845394000897e-05	0.0996079070356608	3.63882749072821e-13	639621889330507
1.9802776796618e-05	0.100432123460697	3.7565910414703e-13	619549361362593
1.9819754580136e-05	0.101203415812386	3.87024556454713e-13	601336834075968
1.98355444706036e-05	0.10192420870599	3.97956763873736e-13	584801166856896
1.98502153861855e-05	0.102596916787541	4.08438323807618e-13	569779199272400
1.98638334477709e-05	0.103223931578236	4.18456567161063e-13	556125341841792
1.98764619935996e-05	0.1038076099731	4.28003291893683e-13	543709473784308
1.98881616032051e-05	0.104350264292676	4.37074449607789e-13	532415108643778
1.98989901298907e-05	0.104854153783959	4.45669798035796e-13	522137793362823
1.99090027409641e-05	0.105321477465886	4.53792531358488e-13	512783710599865
1.99182519649691e-05	0.105754368215121	4.61448899106228e-13	504268457860446
1.99267877451718e-05	0.106154887989382	4.68647823062612e-13	496515980372179
1.99346574985774e-05	0.106525024088086	4.75400520184048e-13	489457637599362
1.99419061797815e-05	0.106866686353321	4.81720138136431e-13	483031385902870
1.99485763489825e-05	0.107181705217969	4.87621408684514e-13	477181062138293
1.99547082435157e-05	0.107471830512185	4.93120322891851e-13	471855754983872
1.99603398522947e-05	0.107738730944024	4.98233830926105e-13	467009252533436
1.99655069925855e-05	0.107983994174957	5.02979568234769e-13	462599556206862
1.99702433885653e-05	0.108209127416008	5.07375608966668e-13	458588452350628
1.9974580751158e-05	0.108415558475369	5.11440246767402e-13	454941134047130
1.99785488586694e-05	0.108604637193414	5.15191802465829e-13	451625866646996
1.99821756377842e-05	0.108777637206083	5.18648457686287e-13	448613691402032
1.99854872445172e-05	0.10893575798248	5.21828113054789e-13	445878162325778
1.99885081447502e-05	0.109080127087333	5.24748269404681e-13	443395112058125
1.99912611940178e-05	0.109211802623499	5.27425930213347e-13	441142443074032
1.99937677162394e-05	0.109331775814114	5.29877523403834e-13	439099941064506
1.99960475811267e-05	0.109440973688103	5.32118840609489e-13	437249107741513
1.99981192800281e-05	0.109540261836704	5.3416499201436e-13	435573010685219
2e-05	0.109630447212329	5.36030374935831e-13	434056148169791
2.00025e-05	0.109746937978128	8.82065169315573e-13	338881636140383
2.0005e-05	0.109857134849251	1.45110769481474e-12	264641236635747
2.00075e-05	0.109961673974702	2.38669863497417e-12	206710960186621
2.001e-05	0.11006110145105	3.92467985651403e-12	161494106952663
2.00125e-05	0.11015588923065	6.452500230237e-12	126191176730526
2.0015e-05	0.11024644771991	1.06066024999197e-11	98621915995051
2.00175e-05	0.11033313585374	1.74323301377952e-11	77087487729349.7
2.002e-05	0.110416269223018	2.86464699990352e-11	60263586784418
2.00225e-05	0.110496126684294	4.70682755860167e-11	47117466612663.1
2.0025e-05	0.110572955775147	7.73270402408917e-11	36843470701348.4
2.00275e-05	0.110646977181605	1.27023581801214e-10	28812903274450.9
2.003e-05	0.110718388447269	2.08636706259073e-10	22535023856799.7
2.00325e-05	0.110787367071413	3.42652296802054e-10	17626679564525.1
2.0035e-05	0.110854073111391	5.62698816182158e-10	13788650170550.1
2.00375e-05	0.110918651380372	9.23975311244857e-10	10787213727733.1
2.004e-05	0.110981233312717	1.5170821240254e-09	8439774798394.52
2.00425e-05	0.111041938554869	2.49071657250649e-09	6603655929090.63
2.0045e-05	0.111100876328343	4.08891399356259e-09	5167353311504.46
2.00475e-05	0.111158146602511	6.71215337942143e-09	4043712893347.42
2.005e-05	0.111213841107914	1.1017616145869e-08	3164603763107.79
2.00525e-05	0.11126804421521	1.80836785559504e-08	2476759287179.37
2.0055e-05	0.111320833700455	2.96797804812756e-08	1938529285194.66
2.00575e-05	0.111372281413787	4.87091597378202e-08	1517343166214.99
2.006e-05	0.111422453865715	7.99351558891766e-08	1187728031238.89
2.00625e-05	0.111471412742834	1.31172667784842e-07	929760076512.85
2.0065e-05	0.111519215362886	2.15242603429775e-07	727854377433.359
2.00675e-05	0.111565915077501	3.53177830109395e-07	569818978287.112
2.007e-05	0.111611561629636	5.79481842502523e-07	446115466062.487
2.00725e-05	0.111656201471697	9.50754217877852e-07	349280883004.962
2.0075e-05	0.111699878049393	1.55983799568538e-06	273475722502.763
2.00775e-05	0.111742632055658	2.55902342584793e-06	214130470892.693
2.008e-05	0.11178450165834	4.19810446975193e-06	167669182325.921
2.00825e-05	0.111825522704842	6.88679373602643e-06	131293277588.121
2.0085e-05	0.111865728906454	1.12970841912022e-05	102812431037.799
2.00875e-05	0.111905152004742	1.85311203738981e-05	80512278930.8502
2.009e-05	0.111943821922056	3.03964975974732e-05	63050923780.7049
2.00925e-05	0.11198176689793	4.98577268826126e-05	49377960683.8873
2.0095e-05	0.112019013612942	8.17765792672174e-05	38671120099.6252
2.00975e-05	0.112055587301381	0.000134126129749898	30286691193.3893
2.01e-05	0.112091511853924	0.0002199815511483	23720725949.5271
2.01025e-05	0.112126809911356	0.00036078456141792	18578677890.7556
2.0105e-05	0.11216150295026	0.00059169626999827	14551640289.6274
2.01075e-05	0.11219561136149	0.000970374294518958	11397748366.8171
2.011e-05	0.112229154522144	0.00159136443052469	8927622474.21571
2.01125e-05	0.112262150861663	0.00260969798507363	6992973667.34418
2.0115e-05	0.112294617922636	0.00427958254297362	5477684238.20893
2.01175e-05	0.112326572416804	0.00701783925112755	4290825315.54823
2.012e-05	0.112358030276713	0.0115079127681191	3361190620.27043
2.01225e-05	0.112389006703409	0.0188704003351126	2633016983.93684
2.0125e-05	0.112419516210546	0.0309426377523456	2062633843.83515
2.01275e-05	0.112449572665215	0.050737079667537	1615839956.84598
2.013e-05	0.112479189325785	0.0831928017485964	1265849417.08324
2.01325e-05	0.112508378877019	0.136407551059465	991683371.769984
2.0135e-05	0.112537153462692	0.223657603703524	776910680.452973
2.01375e-05	0.112565524715922	0.366709131539333	608661777.110075
2.014e-05	0.112593503787404	0.601246806137924	476856442.447762
2.01425e-05	0.112621101371727	0.985773256404685	373599067.693368
2.0145e-05	0.112648327731906	1.61619833828911	292705068.477957
2.01475e-05	0.112675192722303	2.64975567353549	229329995.879964
2.015e-05	0.112701705810033	4.34420914182794	179679067.033277
2.01525e-05	0.112727876094996	7.12212352460563	140779672.156225
2.0155e-05	0.112753712328623	11.6762212712405	110303199.726659
2.01575e-05	0.112779222931444	19.1420885061297	86425484.7925174
2.016e-05	0.112804416009566	31.3812801933136	67717505.5133923
2.01625e-05	0.112829299370131	51.4453902299205	53059769.6238584
2.0165e-05	0.112853880535841	84.3367540672552	41575254.9215301
2.01675e-05	0.112878166758609	138.255378159422	32576881.6795578
2.017e-05	0.112902165032402	226.64286321157	25526367.0500666
2.01725e-05	0.11292588210533	371.532699636785	20001994.5054304
2.0175e-05	0.112949324491038	609.041850464524	15673366.2082463
2.01775e-05	0.11297249847944	998.372108165773	12281625.0527123
2.018e-05	0.112995410146853	1636.56425471032	9623961.1433014
2.01825e-05	0.113018065365559	2682.6814506331	7541474.3739061
2.0185e-05	0.113040469812837	4397.44763108414	5909665.97037356
2.01875e-05	0.113062628979505	7208.2172707067	4630989.44021557
2.019e-05	0.113084548177997	11815.4639312559	3629014.79512519
2.01925e-05	0.113106232550003	19367.3186531058	2843856.58144067
2.0195e-05	0.113127687073714	31745.6420926612	2228591.971217
2.01975e-05	0.11314891657068	52034.8991643102	1746454.47459497
2.02e-05	0.11316992571231	85290.642612275	1368635.28989544
2.02021215173915e-05	0.113187662166709	85349.1786336119	1367696.62325598
2.02043470762794e-05	0.113206268435922	85410.6285026669	1366712.6152906
2.02066812145066e-05	0.113225782457534	85475.1238879899	1365681.360684
2.02091286375226e-05	0.113246243570365	85542.8017903316	1364600.8909729
2.02116942230432e-05	0.113267692553426	85613.8047378303	1363469.17348543
2.02143830257665e-05	0.113290171665348	85688.2809883456	1362284.11033499
2.02172002821403e-05	0.113313724684242	85766.3847392782	1361043.53747531
2.02201514151802e-05	0.11333839694797	85848.2763452389	1359745.22382363
2.02232420393312e-05	0.1133642353948	85934.1225439555	1358386.87045951
2.02264779653721e-05	0.113391288604401	86024.09669083	1356966.10990694
2.02298652053576e-05	0.113419606839162	86118.3790025889	1355480.50550795
2.02334099775918e-05	0.113449242085773	86217.1568104985	1353927.55089624
2.02371187116327e-05	0.113480248097064	86320.6248236486	1352304.66957979
2.02409980533181e-05	0.113512680434022	86428.9854028449	1350609.2146417
2.02450548698115e-05	0.113546596507974	86542.4488456837	1348838.46856893
2.02492962546605e-05	0.113582055622881	86661.2336834249	1346989.64321909
2.0253729532863e-05	0.113619119017691	86785.5669903198	1345059.87993565
2.02583622659347e-05	0.113657849908703	86915.684706096	1343046.24982235
2.02632022569726e-05	0.1136983135319	87051.8319723479	1340945.75418804
2.02682575557065e-05	0.113740577185183	87194.2634836362	1338755.32517331
2.02735364635336e-05	0.113784710270459	87343.2438541493	1336471.82657084
2.0279047538528e-05	0.113830784335522	87499.0480008441	1334092.05485145
2.02847996004176e-05	0.113878873115662	87661.9615440392	1331612.74040829
2.0290801735522e-05	0.113929052574952	87832.2812265076	1329030.54903169
2.0297063301643e-05	0.11398140094712	88010.31535218	1326342.08362757
2.03035939328984e-05	0.114035998775978	88196.3842456503	1323543.88619229
2.03104035444934e-05	0.114092928955298	88390.8207337536	1320632.4400571
2.03175023374176e-05	0.114152276768092	88593.9706505752	1317604.17241527
2.03249008030623e-05	0.114214129925203	88806.1933673385	1314455.45714522
2.03326097277455e-05	0.114278578603143	89027.8623487209	1311182.61794262
2.03406401971374e-05	0.11434571548109	89259.3657372509	1307781.93177462
2.03490036005767e-05	0.114415635776966	89501.1069675497	1304249.63266908
2.03577116352656e-05	0.114488437282524	89753.5054123057	1300581.91585129
2.03667763103368e-05	0.114564220397329	90016.9970619902	1296774.94224052
2.03762099507783e-05	0.114643088161591	90292.0352404684	1292824.84331823
2.03860252012092e-05	0.114725146287713	90579.091358798	1288727.72637927
2.0396235029492e-05	0.114810503190507	90878.6557096689	1284479.68017664
2.04068527301737e-05	0.114899270015949	91191.2383051017	1280076.78096983
2.04178919277419e-05	0.114991560668411	91517.3697602031	1275515.09898583
2.04293665796864e-05	0.115087491836251	91857.6022259644	1270790.70530076
2.04412909793532e-05	0.115187183015675	92212.5103742988	1265899.6791493
2.04536797585804e-05	0.115290756532774	92582.6924387248	1260838.11566748
2.04665478901037e-05	0.115398337563633	92968.7713143449	1255602.13407327
2.04799106897192e-05	0.115510054152418	93371.3957210129	1250187.88628774
2.04937838181924e-05	0.115626037227326	93791.241433859	1244591.56599797
2.05081832828997e-05	0.115746420614319	94229.012585623	1238809.41816095
2.05231254391918e-05	0.115871341048514	94685.4430455615	1232837.74894587
2.05386269914657e-05	0.116000938183151	95161.297880024	1226672.93610982
2.05547049939331e-05	0.116135354596014	95657.3749001487	1220311.43979995
2.05713768510734e-05	0.116274735793218	96174.5063025136	1213749.81377227
2.05886603177581e-05	0.116419230210252	96713.5604089875	1206984.717015
2.0606573499035e-05	0.11656898921017	97275.443512468	1200012.92576147
2.06251348495597e-05	0.116724167078843	97861.101835671	1192831.34587447
2.0644363172662e-05	0.116884921017152	98471.5236106411	1185437.02558126
2.06642776190355e-05	0.117051411130032	99107.7412872118	1177827.16853481
2.06848976850381e-05	0.117223800412262	99770.833879225	1169999.14717391
2.07062432105915e-05	0.117402254730911	100461.929457968	1161950.51635108
2.07283343766687e-05	0.117586942804325	101182.207802966	1153679.02719362
2.07511917023567e-05	0.117778036177575	101932.903221007	1145182.64115987
2.07748360414851e-05	0.117975709194269	102715.307545086	1136459.54424865
2.07992885788073e-05	0.118180138964627	103530.773325804	1127508.16131625
2.08245708257256e-05	0.118391505329743	104380.717228689	1118327.17045173
2.08507046155485e-05	0.118609990821932	105266.623651918	1108915.51735732
2.08777120982709e-05	0.11883578062109	106190.048579993	1099272.42967711
2.09056157348665e-05	0.119069062506984	107152.623690101	1089397.43121347
2.09344382910846e-05	0.119310026807382	108156.060729147	1079290.35596724
2.09642028307405e-05	0.119558866341967	109202.156180828	1068951.36193404
2.09949327084928e-05	0.119815776361948	110292.796243576	1058380.94458617
2.10266515620986e-05	0.120080954485315	111429.962141827	1047579.94996597
2.10593833041388e-05	0.120354600627657	112615.735794773	1036549.58731433
2.10931521132083e-05	0.120636916928513	113852.305868653	1025291.44115502
2.11279824245622e-05	0.120928107673169	115141.974240668	1013807.48275356
2.11638989202146e-05	0.121228379209882	116487.162904786	1002100.08086756
2.12009265184832e-05	0.121537939862473	117890.421352115	990172.011703967
2.12390903629766e-05	0.121856999838252	119354.434461087	978026.467997779
2.12784158110182e-05	0.122185771131244	120882.030935501	965667.067126449
2.13189284215071e-05	0.122524467420701	122476.192331537	953097.85817422
2.13606539422099e-05	0.122873303964858	124140.062718106	940323.327861456
2.14036182964849e-05	0.123232497489941	125876.959018539	927348.405255354
2.14478475694351e-05	0.123602266074409	127690.382085453	914178.465180442
2.14933679934928e-05	0.123982829028432	129584.028564898	900819.330250015
2.15402059334345e-05	0.124374406768612	131561.803610445	887277.271443056
2.15883878708286e-05	0.124777220687963	133627.834512872	873559.007155437
2.16379403879183e-05	0.125191493021169	135786.485316535	859671.700659045
2.16888901509443e-05	0.125617446705153	138042.37249937	845622.955908296
2.17412638929091e-05	0.126055305234987	140400.381799918	831420.811639893
2.17950883957914e-05	0.126505292515196	142865.6862817	817073.73371899
2.18503904722146e-05	0.126967632706501	145443.765732876	802590.605692913
2.19071969465777e-05	0.127442550068075	148140.427507357	787980.717522301
2.19655346356568e-05	0.127930268795356	150961.828922542	773253.752469021
2.20254303286864e-05	0.128431012853531	153914.501338628	758419.772130257
2.20869107669306e-05	0.128945005806741	157005.376055093	743489.199618915
2.21500026227562e-05	0.129472470643123	160241.81217157	728472.800901751
2.22147324782192e-05	0.130013629595798	163631.626572988	713381.66431835
2.22811268031788e-05	0.130568703959886	167183.126212628	698227.178316267
2.23492119329532e-05	0.131137913905711	170905.142881792	683021.007450103
2.24190140455325e-05	0.131721478288292	174807.070671179	667775.066704959
2.24905591383653e-05	0.132319614453272	178898.906346912	652501.49421756
2.25638730047374e-05	0.132932538039437	183191.292883713	637212.622481114
2.26389812097595e-05	0.133560462777971	187695.566418952	621920.9481327
2.27159090659857e-05	0.134203600288614	192423.806914553	606639.100434452
2.2794681608682e-05	0.134862159872905	197388.892839068	591379.808571876
2.28753235707672e-05	0.135536348304678	202604.560209912	576155.867904288
2.29578593574484e-05	0.136226369618011	208085.466365944	560980.105313329
2.30423130205763e-05	0.136932424892826	213847.258873584	545865.343805764
2.31287082327429e-05	0.137654712038341	219906.650005671	530824.366536111
2.32170682611487e-05	0.138393425574593	226281.497271631	515869.880423024
2.33074159412662e-05	0.139148756412256	232990.890520492	501014.479540536
2.33997736503257e-05	0.139920891630979	240055.246185285	486270.608471334
2.3494163280654e-05	0.140710014256484	247496.40928864	471650.52581381
2.3590606212893e-05	0.141516303036674	255337.763885515	457166.268037935
2.36891232891305e-05	0.142339932216989	263604.35268024	442829.613886712
2.37897347859717e-05	0.14318107131529	272323.006622051	428652.049520103
2.38924603875852e-05	0.144039884896505	281522.485356504	414644.734596921
2.39973191587551e-05	0.144916532347342	291233.629490141	400818.46948707
2.41043295179715e-05	0.145811167651319	301489.52571326	387183.663801766
2.4213509210594e-05	0.146723939164401	312325.685921237	373750.306422994
2.43248752821222e-05	0.147654989391537	323780.2415793	360527.937205457
2.44384440516082e-05	0.148604454764379	335894.154689913	347525.620514662
2.45542310852456e-05	0.149572465420481	348711.446846711	334751.920753716
2.46722511701723e-05	0.150559144984282	362279.447995377	322214.880018897
2.47925182885212e-05	0.151564610350162	376649.066670943	309921.998010196
2.49150455917577e-05	0.1525889714679	391875.08364392	297880.214308024
2.50398453753383e-05	0.15363233113081	408016.471085679	286095.893111165
2.51669290537296e-05	0.154694784766894	425136.739558001	274574.810514042
2.5296307135823e-05	0.155776420233303	443304.315344167	263322.144383627
2.54279892007839e-05	0.156877317614428	462592.950870969	252342.466877978
2.55619838743714e-05	0.157997549023931	483082.171224436	241639.739629715
2.56982988057672e-05	0.159137178411021	504857.760038647	231217.311598799
2.58369406449498e-05	0.160296261371301	528012.288338951	221077.919580119
2.59779150206513e-05	0.161474844962483	552645.690250365	211223.691332655
2.61212265189346e-05	0.162672967525282	578865.889841342	201656.15127868
2.62668786624265e-05	0.163890658509803	606789.483765033	192376.228703702
2.64148738902436e-05	0.165127938307715	636542.484787497	183384.268370896
2.65652135386464e-05	0.166384818090514	668261.131757983	174680.043447662
2.67178978224577e-05	0.167661299654177	702092.772083685	166262.770627032
2.68729258172792e-05	0.168957375270485	738196.823323791	158131.127312874
2.70302954425414e-05	0.170273027545322	776745.821118809	150283.270725464
2.719000344542e-05	0.171608229284202	817926.561325273	142716.858773131
2.73520453856509e-05	0.172962943365327	861941.34493698	135429.07252628
2.75164156212772e-05	0.174337122620425	909009.335146743	128416.640122438
2.76831072953578e-05	0.175730709723628	959368.036741847	121675.861924918
2.78521123236688e-05	0.177143637088657	1013274.90893723	115202.636753388
2.80234213834261e-05	0.178575826774537	1071009.12373834	108992.48900202
2.81970239030578e-05	0.180027190400092	1132873.48299607	103040.596460024
2.8372908053053e-05	0.181497629067437	1199196.50847592	97341.8186500958
2.85510607379121e-05	0.182987033294684	1270334.72051764	91890.7255027303
2.87314675892243e-05	0.184495282958067	1346675.12221819	86681.6261882192
2.89141129598946e-05	0.186022247243673	1428637.90753557	81708.5979335431
2.90989799195415e-05	0.187567784608973	1516679.41329147	76965.5146580417
2.92860502510869e-05	0.189131742754308	1611295.33675468	72446.0752696724
2.94753044485559e-05	0.190713958604499	1713024.24232084	68143.8314726663
2.96667217161047e-05	0.192314258300712	1822451.38277699	64052.2149473622
2.98602799682912e-05	0.193932457202729	1940212.86275738	60164.5637737498
3.00559558316029e-05	0.195568359901717	2067000.1742692	56474.1479816973
3.02537246472553e-05	0.197221760243625	2203565.13660015	52974.1941227636
3.04535604752692e-05	0.19889244136327	2350725.27552208	49657.9087707935
3.06554360998386e-05	0.200580175729214	2509369.67948283	46518.5008710051
3.08593230359935e-05	0.20228472519947	2680465.37343985	43549.2028698489
3.10651915375659e-05	0.204005841088095	2865064.25413841	40743.2905704336
3.12730106064588e-05	0.205743264242687	3064310.63398207	38094.1016706238
3.14827480032239e-05	0.20749672513281	3279449.44418588	35595.0529529158
3.16943702589441e-05	0.209265943949343	3511835.15164777	33239.6561067743
3.19078426884207e-05	0.211050630714723	3762941.44792311	31021.5321751704
3.21231294046606e-05	0.212850485404064	4034371.77283986	28934.4246275147
3.23401933346571e-05	0.214665198077087	4327870.73964757	26972.2110709537
3.25589962364568e-05	0.216494449020806	4645336.5331454	25128.9136210425
3.27794987175023e-05	0.21833790890288	4988834.35697829	23398.7079610633
3.30016602542393e-05	0.220195238935525	5360611.01121362	21775.9311267059
3.32254392129732e-05	0.222066091049891	5763110.68640038	20255.0880594311
3.34507928719611e-05	0.22395010808075	6198992.06555073	18830.8569776034
3.36776774447197e-05	0.225846923961362	6671146.83084692	17498.0936193924
3.39060481045315e-05	0.227756163928347	7182719.67733708	16251.834415528
3.41358590101256e-05	0.229677444736387	7737129.94140715	15087.2986532664
3.4367063332512e-05	0.231610374882571	8338094.9573644	13999.8896954077
3.4599613282943e-05	0.233554554840151	8989655.26099121	12985.1953199522
3.48334601419745e-05	0.235509577301513	9696201.7643736	12038.9872470135
3.50685542896001e-05	0.237475027430098	10462505.0316136	11157.2199199859
3.53048452364254e-05	0.239450483121031	11293746.7901245	10336.0286077373
3.55422816558524e-05	0.24143551527019	12195553.8170053	9571.726893812
3.5780811417239e-05	0.243429688051431	13174034.3444011	8860.80361735708
3.60203816199984e-05	0.245432559201666	14235817.1316755	8199.91932876221
3.62609386286027e-05	0.2474436803135	15388093.3555467	7585.90232090515
3.65024281084502e-05	0.249462597135096	16638661.4719302	7015.74429446694
3.67447950625587e-05	0.251488849876938	17995975.2049635	6486.59571308056
3.69879838690426e-05	0.253521973525153	19469194.8194148	5995.76090115768
3.72319383193312e-05	0.255561498161021	21068241.8322242	5540.69293415008
3.74766016570859e-05	0.257606949286336	22803857.3171415	5118.98836779069
3.77219166177687e-05	0.259657848154212	24687663.953104	4728.38184957161
3.796782546882e-05	0.261713712104974	26732231.9619686	4366.74065238872
3.82142700503945e-05	0.263774054906728	28951149.0742551	4032.05916695548
3.8461191816611e-05	0.265838387100216	31359094.6524671	3722.45338629209
3.87085318772648e-05	0.267906216347544	33971918.090118	3436.15541236084
3.89562310399549e-05	0.269977047784375	36806721.5905715	3171.508011769
3.92042298525741e-05	0.272050384375163	39881947.4129887	2926.95924441829
3.94524686461131e-05	0.274125727271001	43217469.6528255	2701.05718606336
3.97008875777254e-05	0.276202576169657	46834690.6012319	2492.44476296468
3.99494266740029e-05	0.278280429677373	50756641.7011399	2299.85471419479
4.01980258744084e-05	0.280358785671968	55008089.0875978	2122.10469469124
4.04466250748138e-05	0.28243714166683	59615643.6658155	1958.09252984718
4.06951641710913e-05	0.284514995175351	64607875.6422701	1806.79163029783
4.09435831027036e-05	0.286591844075356	70015433.3819314	1667.24657359626
4.11918218962426e-05	0.288667186973089	75871166.4181007	1538.5688576758
4.14398207088618e-05	0.290740523566333	82210252.3904361	1419.9328293647
4.16875198715519e-05	0.292811355006194	89070327.631435	1310.57178974855
4.19348599322057e-05	0.29487918425714	96491621.0619879	1209.77427686036
4.21817816984222e-05	0.296943516454855	104517090.992679	1116.88052501252
4.24282262799967e-05	0.299003859261468	113192564.359441	1031.27909905957
4.2674135131048e-05	0.301059723217746	122566877.850182	952.403700990202
4.29194500917308e-05	0.303110622091824	132692020.303405	879.730145481044
4.31641134294855e-05	0.305156073224059	143623275.680952	812.773500396044
4.34080678797741e-05	0.307195597867601	155419365.835403	751.085387674514
4.3651256686258e-05	0.309228721524281	168142592.208762	694.25143960953
4.38936236403665e-05	0.311254974275424	181858975.513624	641.888905167731
4.4135113120214e-05	0.313273891107201	196638392.361774	593.6444007332
4.43756701288183e-05	0.315285012230145	212554707.71891	549.191799463946
4.46152403315777e-05	0.317287883392472	229685901.978941	508.230253321625
4.48537700929643e-05	0.319282056186845	248114191.368098	470.482341765991
4.50912065123913e-05	0.321267088350235	267926140.308997	435.692341088418
4.53274974592166e-05	0.323242544056561	289212764.299172	403.624608386552
4.55625916068422e-05	0.325207994201769	312069621.788549	374.062074249117
4.57964384658737e-05	0.327163016681057	336596893.477464	346.804838319924
4.60289884163047e-05	0.329107196657941	362899447.402309	321.668862038271
4.62601927386911e-05	0.331040126824884	391086888.131427	298.484753004205
4.64900036442852e-05	0.332961407655223	421273588.360692	277.096635587262
4.6718374304097e-05	0.334870647646133	453578701.177985	257.361102582319
4.69452588768556e-05	0.336767463552388	488126151.259877	239.146242912583
4.71706125358435e-05	0.338651480610701	525044603.273566	222.330740584364
4.73943914945774e-05	0.340522332754431	564467405.784011	206.803040308357
4.76165530313144e-05	0.342379662818451	606532509.011316	192.460575415236
4.78370555123599e-05	0.344223122734017	651382354.847872	179.209053907405
4.80558584141596e-05	0.346052373713455	699163737.629623	166.961798701817
4.82729223441561e-05	0.347867086424533	750027634.261598	155.639138329445
4.8488209060396e-05	0.349666941154382	804129002.425383	145.167844563884
4.87016814898726e-05	0.351451627962842	861626545.745499	135.480613653607
4.89133037455928e-05	0.353220846825146	922682444.962963	126.515588028758
4.91230411423579e-05	0.354974307763856	987462054.357281	118.215915543303
4.93308602112508e-05	0.356711730969975	1056133562.87223	110.529343496323
4.95367287128232e-05	0.358432846913195	1128867619.63514	103.407844851901
4.97406156489781e-05	0.360137396441245	1205836923.81281	96.8072742450239
4.99424912735475e-05	0.361825130868309	1287215779.0182	90.6870515211718
5.01423271015614e-05	0.363495812052534	1373179612.76867	85.0098707095736
5.03400959172138e-05	0.365149212462611	1463904461.79649	79.7414324746304
5.05357717805255e-05	0.366785115233492	1559566424.32364	74.8501982266468
5.0729330032712e-05	0.368403314211256	1660341080.73195	70.3071642020572
5.09207473002608e-05	0.370003613987201	1766402884.3839	66.0856539448317
5.11100014977298e-05	0.371585829921238	1877924524.67557	62.1611277349761
5.12970718292752e-05	0.373149788154663	1995076264.72715	58.511007617222
5.14819387889221e-05	0.374695325612419	2118025256.43548	55.114516783378
5.16645841595924e-05	0.376222289994972	2246934835.92232	51.9525321556954
5.18449910109047e-05	0.37773053975991	2381963802.70811	49.0074491062493
5.20231436957637e-05	0.379219944093437	2523265686.22045	46.2630573290513
5.21990278457589e-05	0.380690382871897	2670988003.50437	43.7044269577055
5.23726303653906e-05	0.382141746613508	2825271512.23513	41.3178040921778
5.25439394251479e-05	0.383573936420485	2986249463.33934	39.0905149639624
5.27129444534589e-05	0.384986863911746	3154046857.70385	37.010878029914
5.28796361275395e-05	0.386380451146402	3328779711.5907	35.068123341513
5.30440063631658e-05	0.387754630538255	3510554335.47769	33.2523185886604
5.32060483033967e-05	0.389109344761509	3699466631.10582	31.5543012654922
5.33657563062753e-05	0.390444546647954	3895601411.53464	29.9656164504291
5.35231259315376e-05	0.391760199075849	4099031748.98343	28.4784597339839
5.3678153926359e-05	0.393056274850753	4309818355.16837	27.0856248659555
5.38308382101703e-05	0.394332756578585	4528008998.7344	25.7804557287771
5.39811778585731e-05	0.395589636531152	4753637964.22401	24.5568022761635
5.41291730863902e-05	0.396826916504447	4986725556.82533	23.4089801060123
5.42748252298821e-05	0.398044607669969	5227277656.90013	22.3317333639481
5.44181367281654e-05	0.399242730419381	5475285328.00893	21.3202006991325
5.45591111038669e-05	0.400421314202769	5730724481.83051	20.3698840171522
5.46977529430495e-05	0.401580397360819	5993555603.01612	19.4766197961113
5.48340678744453e-05	0.402720026951201	6263723536.63135	18.6365527516226
5.49680625480328e-05	0.403840258569465	6541157340.42183	17.8461116543566
5.50997446129937e-05	0.404941156164755	6825770203.69886	17.101987120293
5.52291226950871e-05	0.406022791850655	7117459434.18107	16.4011112089399
5.53562063734784e-05	0.407085245711466	7416106513.65323	15.7406386786501
5.5481006157059e-05	0.408128605604239	7721577222.81858	15.1179297608756
5.56035334602955e-05	0.409152966956862	8033721835.23058	14.5305343268469
5.57238005786444e-05	0.410158432562528	8352375379.70089	13.9761773308381
5.58418206635711e-05	0.411145112370876	8677357970.09435	13.4527454239485
5.59576076972086e-05	0.412113123276144	9008475200.94786	12.9582746412891
5.60711764666945e-05	0.413062588902611	9345518606.8889	12.4909390736525
5.61825425382227e-05	0.413993639387665	9688266183.38938	12.0490404422509
5.62917222308452e-05	0.414906411162782	10036482965.9727	11.6309985019738
5.63987325900616e-05	0.415801046732724	10389921664.6017	11.2353422049034
5.65035913612315e-05	0.416677694453261	10748323349.6188	10.8607015615734
5.6606316962845e-05	0.417536508307708	11111418185.2811	10.505800142727
5.67069284596862e-05	0.418377647682561	11478926206.6499	10.1694481691376
5.68054455359237e-05	0.419201277142534	11850558135.3436	9.8505361414685
5.69018884681628e-05	0.42000756620526	12226016229.4542	9.54802896617337
5.6996278098491e-05	0.420796689115952	12604995162.7657	9.26096053713127
5.70886358075505e-05	0.421568824622276	12987182928.2854	8.98842873608042
5.7178983487668e-05	0.422324155749716	13372261761.022	8.7295908180044
5.72673435160738e-05	0.423062869577679	13759909074.9063	8.48365915044651
5.73537387282404e-05	0.423785157016592	14149798408.7539	8.24989727831295
5.74381923913683e-05	0.424491212586244	14541600376.2145	8.02761628808932
5.75207281780496e-05	0.425181234195605	14934983614.7366	7.81617144755831
5.76013701401347e-05	0.425855422924345	15329615728.6971	7.61495909908623
5.7680142682831e-05	0.426513982806293	15725164221.9998	7.42341378635806
5.77570705390572e-05	0.427157120615034	16121297415.6351	7.24100559609883
5.78321787440793e-05	0.427785045651857	16517685345.91	7.06723769783746
5.79054926104514e-05	0.428397969536257	16914000639.2983	6.90164406615928
5.79770377032842e-05	0.428996105999174	17309919360.1277	6.74378737116538
5.80468398158635e-05	0.429579670679152	17705121827.6063	6.5932570240231
5.81149249456379e-05	0.430148880921599	18099293398.9885	6.44966736555898
5.81813192705975e-05	0.430703955581302	18492125215.9989	6.31265598682317
5.82460491260605e-05	0.431245114828354	18883314911.9506	6.18188217145078
5.83091409818861e-05	0.431772579957658	19272567277.3302	6.05702545046553
5.83706214201303e-05	0.432286573202113	19659594881.9458	5.93778426092482
5.84305171131599e-05	0.432787317549651	20044118652.0744	5.82387470049365
5.8488854802239e-05	0.433275036564207	20425868401.3686	5.71502937066851
5.85456612766021e-05	0.433749954210772	20804583314.6079	5.61099630195146
5.86009633530253e-05	0.434212294684596	21180012383.6945	5.51153795480732
5.86547878559076e-05	0.434662282244669	21551914795.5989	5.416430290724
5.87071615978724e-05	0.435100141051541	21920060272.2504	5.32546190814525
5.87581113608984e-05	0.43552609500957	22284229362.6484	5.23843323845505
5.88076638779882e-05	0.435940367613673	22644213687.7285	5.15515579757104
5.88558458153822e-05	0.436343181800623	22999816138.7658	5.07545148905086
5.89026837553239e-05	0.436734759804964	23350851030.3214	4.99915195493332
5.89482041793816e-05	0.437115323019581	23697144208.9474	4.92609797082966
5.89924334523318e-05	0.437485091860952	24038533119.0516	4.85613888204823
5.90353978066068e-05	0.437844285639135	24374866827.4948	4.78913207778336
5.90771233273096e-05	0.438193122432481	24706006008.6365	4.72494250062676
5.91176359377985e-05	0.438531818967123	25031822891.6787	4.66344218886824
5.91569613858402e-05	0.438860590501207	25352201172.2605	4.60450984924527
5.91951252303335e-05	0.439179650713906	25667035890.3491	4.54803045797774
5.92321528286021e-05	0.439489211599176	25976233276.5425	4.49389488808703
5.92680693242545e-05	0.439789483364263	26279710568.95	4.44199956114878
5.93028996356084e-05	0.440080674332934	26577395802.8533	4.39224612176673
5.93366684446779e-05	0.4403629908534	26869227575.3704	4.34454113318219
5.93694001867181e-05	0.44063663721091	27155154787.3464	4.29879579255132
5.94011190403239e-05	0.440901815544969	27435136364.6873	4.25492566453002
5.94318489180763e-05	0.441158725771146	27709140961.3243	4.21285043190686
5.94616134577321e-05	0.441407565507411	27977146645.9673	4.17249366211525
5.94904360139502e-05	0.441648530004966	28239140574.7524	4.13378258854202
5.95183396505458e-05	0.441881812083489	28495118651.8366	4.09664790562737
5.95453471332682e-05	0.442107602070753	28745085179.9251	4.06102357682366
5.95714809230911e-05	0.442326087746533	28989052502.6444	4.02684665454727
5.95967631700094e-05	0.442537454290741	29227040640.5966	3.99405711131955
5.96212157073316e-05	0.442741884235713	29459076922.843	3.96259768135014
5.964486004646e-05	0.442939557422566	29685195615.479	3.93241371186817
5.9667717372148e-05	0.443130650961554	29905437548.8682	3.90345302355641
5.96898085382252e-05	0.443315339196317	30119849745.0084	3.8756657794879
5.97111540637786e-05	0.443493793671969	30328485046.4085	3.84900436200694
5.97317741297812e-05	0.4436661831069	30531401747.7537	3.82342325703464
5.97516885761547e-05	0.443832673368223	30728663231.5435	3.79887894531525
5.9770916899257e-05	0.443993427450772	30920337608.7849	3.77532980015291
5.97894782497817e-05	0.444148605459535	31106497365.7338	3.75273599121873
5.98073914310586e-05	0.444298364595451	31287219017.5763	3.73105939403737
5.98246748977433e-05	0.44444285914445	31462582769.856	3.71026350478814
5.98413467548836e-05	0.444582240469651	31632672188.3608	3.69031336008076
5.9857424757351e-05	0.444716657006606	31797573878.0956	3.67117546138834
5.98729263096249e-05	0.444846254261499	31957377171.8874	3.65281770384171
5.9887868465917e-05	0.444971174812182	32112173829.0857	3.63520930910874
5.99022679306243e-05	0.445091558311966	32262057744.7503	3.61832076210055
5.99161410590975e-05	0.445207541496041	32407124669.6399	3.60212375126385
5.9929503858713e-05	0.44531925819044	32547471941.253	3.58659111223428
5.99423719902363e-05	0.445426839323437	32683198226.1074	3.57169677464018
5.99547607694635e-05	0.445530412939271	32814403273.3798	3.55741571186073
5.99666851691303e-05	0.445630104214103	32941187679.9787	3.54372389355421
5.99781598210748e-05	0.445726035474101	33063652667.0677	3.53059824078477
5.9989199018643e-05	0.445818326215548	33181899868.0097	3.518016583587
5.99998167193247e-05	0.445907093126877	33296031127.6581	3.50595762081801
6.00100265476075e-05	0.445992450112536	33406148312.8843	3.4944008821562
6.00198417980384e-05	0.44607450831858	33512353134.1916	3.48332669211535
6.00292754384799e-05	0.446153376159895	33614746978.234	3.4727161359507
6.00383401135511e-05	0.446229159348963	33713430751.0325	3.46255102734189
6.004704814824e-05	0.446301960926066	33808504731.6509	3.45281387774465
6.00554115516793e-05	0.446371881290847	33900068436.0758	3.44348786731048
6.00634420210712e-05	0.44643901823513	33988220491.0232	3.43455681727948
6.00711509457544e-05	0.446503466976912	34073058517.3795	3.42600516375791
6.00785494113991e-05	0.446565320195445	34154679022.9692	3.41781793279757
6.00856482043233e-05	0.446624668067311	34233177304.3311	3.4099807166993
6.00924578159183e-05	0.446681598303424	34308647357.1794	3.40247965146777
6.00989884471737e-05	0.446736196186866	34381181795.2111	3.3953013953498
6.01052500132947e-05	0.446788544611478	34450871776.9275	3.38843310839198
6.01112521483992e-05	0.446838724121137	34517806940.1249	3.38186243295827
6.01170042102887e-05	0.446886812949642	34582075343.714	3.3755774751515
6.01225152852831e-05	0.446932887061126	34643763416.5285	3.36956678708624
6.01277941931102e-05	0.446977020190946	34702955912.7809	3.36381934996441
6.01328494918441e-05	0.447019283886957	34759735873.8303	3.35832455790729
6.0137689482882e-05	0.447059747551128	34814184595.9317	3.35307220250125
6.01423222159538e-05	0.44709847848142	34866381603.6377	3.34805245801676
6.01467554941562e-05	0.447135541913873	34916404628.5348	3.3432558672632
6.01509968790052e-05	0.447171001064845	34964329592.9981	3.33867332804392
6.01550536954986e-05	0.447204917173339	35010230598.662	3.33429608017883
6.0158933037184e-05	0.447237349543369	35054179919.3048	3.33011569306349
6.01626417712249e-05	0.447268355586317	35096247997.8637	3.32612405373563
6.01661865434591e-05	0.447297990863223	35136503447.2956	3.32231335542228
6.01695737834446e-05	0.447326309126962	35175013055.0151	3.31867608654204
6.01728097094855e-05	0.447353362364278	35211841790.6497	3.31520502013872
6.01759003336365e-05	0.447379200837605	35247052816.8603	3.31189320372424
6.01788514666764e-05	0.447403873126659	35280707502.9842	3.30873394951001
6.01816687230502e-05	0.447427426169753	35312865441.2732	3.30572082500724
6.01843575257735e-05	0.447449905304792	35343584465.5011	3.30284764397809
6.01869231112941e-05	0.447471354309929	35372920671.7342	3.30010845772054
6.01893705343101e-05	0.447491815443836	35400928441.0579	3.29749754667104
6.01917046725373e-05	0.447511329485565	35427660464.0727	3.29500941230999
6.01939302314252e-05	0.447529935773973	35453167766.9743	3.29263876935601
6.01960517488167e-05	0.447547672246683	35477499739.0467	3.29038053823591
6.01980735995503e-05	0.447564575478552	35500704161.4038	3.28822983781813
6.02e-05	0.447580680719635	35522827236.8267	3.28618197839786
6.02025e-05	0.447601644073974	41112096732.3833	2.00486787728312
6.0205e-05	0.447622733886738	47581032854.1459	1.22314416701208
6.02075e-05	0.447643951692871	55068121945.6097	0.746220637127086
6.021e-05	0.44766529905544	63733659218.8557	0.45525481773134
6.02125e-05	0.447686777566317	73763184412.1891	0.277740686639629
6.0215e-05	0.447708388846897	85371458889.9306	0.169442398315037
6.02175e-05	0.447730134548831	98807069549.1787	0.103371846982369
6.022e-05	0.447752016354783	114357758362.955	0.0630637850508318
6.02225e-05	0.447774035979211	132356591979.318	0.0384729360866142
6.0225e-05	0.447796195169176	153189103846.186	0.0234708132593484
6.02275e-05	0.447818495705171	177301562232.425	0.0143185296336522
6.023e-05	0.447840939401982	205210541712.771	0.00873506522840678
6.02325e-05	0.447863528109572	237514003705.018	0.0053288229890204
6.0235e-05	0.447886263713999	274904124089.747	0.00325082667351044
6.02375e-05	0.44790914813836	318182143507.912	0.00198314139106059
6.024e-05	0.447932183343767	368275559430.896	0.00120979240183156
6.02425e-05	0.447955371330359	426258029460.974	0.00073801518816289
6.0245e-05	0.447978714138341	493372413644.793	0.000450211914028638
6.02475e-05	0.448002213849065	571057451114.35	0.000274641313530124
6.025e-05	0.448025872586142	660978644570.617	0.000167537454790791
6.02525e-05	0.448049692516597	765064016686.028	0.000102200985254777
6.0255e-05	0.448073675852061	885545507358.24	6.23440965150116e-05
6.02575e-05	0.448097824850002	1025006902189.68	3.80305522617063e-05
6.026e-05	0.448122141815006	1186439323187.93	2.31988753279079e-05
6.02625e-05	0.448146629100095	1373305475530.81	1.41513603599436e-05
6.0265e-05	0.448171289108099	1589614032839.65	8.63229686000681e-06
6.02675e-05	0.448196124293069	1840005761794.08	5.26564307416321e-06
6.027e-05	0.448221137161751	2129853239869.2	3.2119834366105e-06
6.02725e-05	0.448246330275106	2465376312895.1	1.95925949346205e-06
6.0275e-05	0.448271706249883	2853775778391.58	1.19510856551865e-06
6.02775e-05	0.448297267760264	3303388173525.68	7.28986435201404e-07
6.028e-05	0.448323017539553	3823865001614.3	4.44660114279811e-07
6.02825e-05	0.448348958381941	4426380258090.45	2.71227357985524e-07
6.0285e-05	0.448375093144331	5123870727311.13	1.6543803038639e-07
6.02875e-05	0.448401424748237	5931314228573.24	1.00909881326049e-07
6.029e-05	0.448427956181754	6866051808593.23	6.15500589989206e-08
6.02925e-05	0.448454690501603	7948160826257.25	3.75421923770855e-08
6.0295e-05	0.448481630835261	9200886974031.35	2.28985040705266e-08
6.02975e-05	0.448508780383174	10651144553084.6	1.39666052376238e-08
6.03e-05	0.448536142421054	12330095793235.7	8.51865073530626e-09
6.03025e-05	0.448563720302276	14273821716397.9	5.19573407081466e-09
6.0305e-05	0.448591517460369	16524099020158.2	3.16897712044705e-09
6.03075e-05	0.448619537411609	19129299749592.3	1.93280177732193e-09
6.031e-05	0.448647783757725	22145433179604.8	1.17883083815939e-09
6.03125e-05	0.448676260188714	25637352405289.2	7.18971299576543e-10
6.0315e-05	0.448704970485778	29680151700069.4	4.38497827655687e-10
6.03175e-05	0.448733918524387	34360784828419.3	2.67435524083451e-10
6.032e-05	0.448763108277473	39779939281568.1	1.63104682836084e-10
6.03225e-05	0.448792543818769	46054206943843.7	9.94739533820786e-11
6.0325e-05	0.448822229326283	53318598115853.3	6.06663498810284e-11
6.03275e-05	0.448852169085938	61729453256845.6	3.69983038587157e-11
6.033e-05	0.448882367495362	71467815424684.6	2.25637431795331e-11
6.03325e-05	0.448912829067847	82743336375912.6	1.3760549732181e-11
6.0335e-05	0.448943558436478	95798800855686.1	8.39180997456208e-12
6.03375e-05	0.44897456035844	110915367012928	5.11765062012423e-12
6.034e-05	0.44900583971949	128418636408847	3.12090589994404e-12
6.03425e-05	0.449037401538613	148685685087148	1.90320545480935e-12
6.0345e-05	0.449069250972831	172153208035029	1.1606079471881e-12
6.03475e-05	0.449101393322161	199326953536857	7.07750489545761e-13
6.035e-05	0.44913383403469	230792651940242	4.31588129960559e-13
6.03525e-05	0.449166578711711	267228675823189	2.63180301346667e-13
6.0355e-05	0.44919963311286	309420706183777	1.60483999885258e-13
6.03575e-05	0.449233003161136	358278722889724	9.78598322044659e-14
6.036e-05	0.449266694947646	414856688182096	5.96721177458802e-14
6.03625e-05	0.449300714735857	480375350619184	3.63858547413787e-14
6.0365e-05	0.449335068965011	556248664769110	2.21864461925664e-14
6.03675e-05	0.44936976425225	644114400681039	1.35281003941076e-14
6.037e-05	0.44940480739279	745869608411397	8.24858937952949e-15
6.03725e-05	0.449440205357219	863711708646259	5.02940049819812e-15
6.0375e-05	0.449475965284621	1.00018610302766e+15	3.06652351239576e-15
6.03775e-05	0.449512094469704	1.15824133984761e+15	1.86969080625163e-15
6.038e-05	0.44954860034139	1.34129303536112e+15	1.13995202223165e-15
6.03825e-05	0.449585490429322	1.55329794164194e+15	6.95018742524804e-16
6.0385e-05	0.449622772313327	1.79883977270796e+15	4.23740041088551e-16
6.03875e-05	0.449660453548951	2.08322865624311e+15	2.58342250916242e-16
6.039e-05	0.449698541559461	2.41261637386026e+15	1.57501344667151e-16
6.03925e-05	0.449737043480943	2.79412989450578e+15	9.60209574177909e-17
6.0395e-05	0.449775965941922	3.23602609983102e+15	5.85384283404602e-17
6.03975e-05	0.449815314751644	3.74787105439131e+15	3.56870444139108e-17
6.04e-05	0.449855094461083	4.34074769500569e+15	2.17560997516694e-17
6.04026298612438e-05	0.449897155963803	4.34781589413071e+15	2.17225127331983e-17
6.04057962056276e-05	0.449947762081809	4.35633522437874e+15	2.16821765114506e-17
6.04095937579626e-05	0.45000840492326	4.36656618736875e+15	2.16339464419389e-17
6.04141307674993e-05	0.450080782407375	4.37880834320396e+15	2.15765346343336e-17
6.04195302970464e-05	0.450166814887031	4.39340480596443e+15	2.15085044375959e-17
6.04259315126824e-05	0.450268660495723	4.41074707189063e+15	2.14282682578563e-17
6.04334909470069e-05	0.450388728451788	4.43128019328816e+15	2.13340898132281e-17
6.0442383704408e-05	0.450529689421628	4.45550831413873e+15	2.12240920592088e-17
6.04528045724544e-05	0.450694481912946	4.48400058655319e+15	2.10962721105223e-17
6.04649689993934e-05	0.450886313545092	4.51739748974011e+15	2.09485245161112e-17
6.0479113894055e-05	0.451108655935193	4.55641757381532e+15	2.07786741847076e-17
6.04954982014158e-05	0.451365231856002	4.60186464768801e+15	2.05845200769333e-17
6.0514403204874e-05	0.45165999327681	4.6546354208683e+15	2.03638904436288e-17
6.0536132505153e-05	0.451997088906375	4.71572758998368e+15	2.01147098703337e-17
6.05610116258865e-05	0.452380819932134	4.78624832779869e+15	1.98350776657967e-17
6.05893871975408e-05	0.452815582809212	4.86742308040644e+15	1.95233562069061e-17
6.06216256745797e-05	0.453305798211907	4.96060450092365e+15	1.91782667483654e-17
6.06581115458015e-05	0.453855825633898	5.06728123871788e+15	1.8798988981597e-17
6.06992450046713e-05	0.454469863622743	5.18908615492465e+15	1.83852593818747e-17
6.07454390552777e-05	0.45515183626533	5.3278033413044e+15	1.79374622534384e-17
6.07971160402164e-05	0.455905267302707	5.48537307567062e+15	1.74567065397981e-17
6.08547035891553e-05	0.456733144133826	5.66389355224375e+15	1.69448810969428e-17
6.0918630000874e-05	0.457637774944866	5.86561788485063e+15	1.64046814064104e-17
6.09893190869422e-05	0.458620643235755	6.09294451049162e+15	1.5839601763556e-17
6.106718452155e-05	0.459682265054047	6.34839875053894e+15	1.52538888616932e-17
6.11526237589246e-05	0.460822055216818	6.63460296613064e+15	1.46524553379168e-17
6.1246011596763e-05	0.46203820961558	6.9542325461174e+15	1.40407550515493e-17
6.13476934806455e-05	0.46332761125528	7.30995498855162e+15	1.34246253045723e-17
6.14579786598834e-05	0.464685767864976	7.70434970102668e+15	1.2810104465807e-17
6.15771333191013e-05	0.466106788623148	8.1398069836217e+15	1.2203236076547e-17
6.17053738214554e-05	0.467583406664544	8.61840609272391e+15	1.16098720923831e-17
6.18428602081776e-05	0.469107052505072	9.14177439090593e+15	1.10354881802463e-17
6.19896901045916e-05	0.470667981309594	9.71093235131659e+15	1.04850228581442e-17
6.21458931844243e-05	0.472255454073821	1.03261324451491e+16	9.9627498720878e-18
6.23114263418038e-05	0.473857969418642	1.09867033532572e+16	9.47218988370489e-18
6.24861697135602e-05	0.475463539020648	1.16909139679527e+16	9.01606376465696e-18
6.26699236832675e-05	0.477059996036237	1.24358735959266e+16	8.59628608047016e-18
6.28624069829386e-05	0.478635322601252	1.32174849048976e+16	8.21399416959482e-18
6.30632559886635e-05	0.480177980018007	1.40304638781664e+16	7.86960592869313e-18
6.3272025283136e-05	0.4816772239635	1.48684361013082e+16	7.5628981734629e-18
6.34881895315124e-05	0.483123387254181	1.57241113768763e+16	7.29309724633963e-18
6.37111466880542e-05	0.484508114505235	1.65895298170946e+16	7.058974228143e-18
6.39402225203398e-05	0.485824536333809	1.74563635776247e+16	6.85893842303774e-18
6.41746764063815e-05	0.487067375261256	1.83162508818718e+16	6.69112443228012e-18
6.44137083287072e-05	0.488232980667137	1.91611344115742e+16	6.55346983840321e-18
6.4656466959351e-05	0.489319295426964	1.99835754374098e+16	6.44378207159494e-18
6.49020587017047e-05	0.490325761611276	2.07770183726748e+16	6.35979428420753e-18
6.51495575302463e-05	0.491253176322511	2.15359870657295e+16	6.29921095484046e-18
6.53980154481049e-05	0.49210351106888	2.22562027848495e+16	6.25974448229784e-18
6.56464733659634e-05	0.492879708915375	2.2934622901726e+16	6.23914425957047e-18
6.5893972194505e-05	0.493585473121043	2.35694072758805e+16	6.23521971146177e-18
6.61395639368587e-05	0.494225059345085	2.41598252351608e+16	6.24585861613846e-18
6.63823225675025e-05	0.49480308115332	2.47061193600785e+16	6.26904178397512e-18
6.66213544898283e-05	0.495324335870471	2.52093430809486e+16	6.3028548955567e-18
6.68558083758699e-05	0.495793655147848	2.56711878565782e+16	6.34549804625176e-18
6.70848842081555e-05	0.496215782211063	2.60938130962996e+16	6.39529333226827e-18
6.73078413646973e-05	0.496595275779245	2.647968870939e+16	6.45069065353676e-18
6.75240056130737e-05	0.496936439172265	2.68314568044305e+16	6.51027180299911e-18
6.77327749075462e-05	0.497243272136574	2.71518160292696e+16	6.57275285442362e-18
6.79336239132711e-05	0.497519442363326	2.74434295712965e+16	6.63698484297597e-18
6.81261072129423e-05	0.497768273458307	2.77088560056525e+16	6.7019527446615e-18
6.83098611826495e-05	0.497992746159029	2.79505009558122e+16	6.76677279290572e-18
6.8484604554406e-05	0.498195509795334	2.81705868248226e+16	6.83068821437774e-18
6.86501377117854e-05	0.498378901286348	2.83711375506386e+16	6.89306351427524e-18
6.88063407916182e-05	0.498544969307206	2.85539753214987e+16	6.95337748748164e-18
6.89531706880321e-05	0.498695501609107	2.87207263595148e+16	7.01121517131393e-18
6.90906570747544e-05	0.498832053815565	2.88728331666049e+16	7.06625898432332e-18
6.92188975771084e-05	0.498955978335531	2.90115709717992e+16	7.11827931146861e-18
6.93380522363263e-05	0.499068452326194	2.91380664855835e+16	7.16712479803858e-18
6.94483374155642e-05	0.499170503903456	2.92533174311627e+16	7.21271260340972e-18
6.95500192994467e-05	0.499263036036209	2.93582116689232e+16	7.25501884275531e-18
6.96434071372851e-05	0.499346847771389	2.94535450490479e+16	7.29406941276955e-18
6.97288463746597e-05	0.499422652619666	2.95400374116496e+16	7.32993135949494e-18
6.98067118092675e-05	0.499491094085625	2.96183463996103e+16	7.36270490575437e-18
6.98774008953357e-05	0.499552758450656	2.96890789540005e+16	7.39251621558263e-18
6.99413273070544e-05	0.499608185011473	2.97528005246454e+16	7.41951093599098e-18
6.99989148559933e-05	0.499657874043091	2.98100421500043e+16	7.44384852424733e-18
7.00505918409321e-05	0.499702292794357	2.98613056436017e+16	7.46569734270115e-18
7.00967858915384e-05	0.499741879839795	2.99070671728754e+16	7.48523048339207e-18
7.01379193504082e-05	0.499777048107592	2.9947779535686e+16	7.50262227101206e-18
7.017440522163e-05	0.499808186884337	2.99838734357309e+16	7.51804538456459e-18
7.0206643698669e-05	0.499835663067126	3.00157580367733e+16	7.5316685343419e-18
7.02350192703232e-05	0.499859821897027	3.00438210426767e+16	7.54365463058678e-18
7.02598983910567e-05	0.499880987368358	3.00684285108619e+16	7.55415938241404e-18
7.02816276913357e-05	0.499899462468698	3.00899245652132e+16	7.56333026935124e-18
7.03005326947939e-05	0.499915529367362	3.01086311339314e+16	7.57130583250251e-18
7.03169170021547e-05	0.499929449636644	3.01248478006655e+16	7.57821523730453e-18
7.03310618968163e-05	0.499941464561416	3.01388518248828e+16	7.58417806476744e-18
7.03432263237553e-05	0.499951795568957	3.01508983605364e+16	7.58930429275444e-18
7.03536471918017e-05	0.49996064479212	3.01612208807935e+16	7.59369443314605e-18
7.03625399492028e-05	0.499968195764778	3.017003180059e+16	7.59743979462949e-18
7.03700993835273e-05	0.499974614238394	3.01775232775388e+16	7.60062284436929e-18
7.03765005991634e-05	0.49998004910191	3.01838681645436e+16	7.60331764499813e-18
7.03819001287104e-05	0.499984633383344	3.01892210836202e+16	7.60559034626558e-18
7.03864371382471e-05	0.499988485309885	3.01937195891977e+16	7.60749971334633e-18
7.03902346905821e-05	0.499991709403389	3.01974853898908e+16	7.60909767627375e-18
7.03934010349659e-05	0.499994397589438	3.02006255998471e+16	7.61042988725621e-18
7.03960308962097e-05	0.499996630300304	3.02032339937886e+16	7.61153627476507e-18
7.03982067405692e-05	0.499998477554688	3.02053922434069e+16	7.61245158526056e-18
7.04e-05	0.5	3.02071711165256e+16	7.61320590524433e-18
