Position  (cm)	V (V)	n (cm-3)	p (cm-3)
0	0	363569.099107629	363569.099107618
2.89750616671375e-09	0	363569.099107629	363569.099107618
5.98533996463986e-09	0	363569.099107629	363569.099107618
9.27458916571469e-09	0	363569.099107629	363569.099107618
1.27768860126457e-08	0	363569.099107629	363569.099107618
1.65044271262588e-08	0	363569.099107629	363569.099107618
2.04699937008979e-08	0	363569.099107629	363569.099107618
2.46869719616643e-08	0	363569.099107629	363569.099107618
2.91693738549519e-08	0	363569.099107629	363569.099107618
3.39318579412528e-08	0	363569.099107629	363569.099107618
3.89897504567073e-08	0	363569.099107629	363569.099107618
4.43590665073639e-08	0	363569.099107629	363569.099107618
5.00565313574324e-08	0	363569.099107629	363569.099107618
5.60996017702088e-08	0	363569.099107629	363569.099107618
6.25064873576924e-08	0	363569.099107629	363569.099107618
6.92961718921233e-08	0	363569.099107629	363569.099107618
7.64884345300221e-08	0	363569.099107629	363569.099107618
8.41038708965161e-08	0	363569.099107629	363569.099107618
9.21639139750083e-08	0	363569.099107629	363569.099107618
1.00690854744493e-07	0	363569.099107629	363569.099107618
1.09707862504116e-07	0	363569.099107629	363569.099107618
1.19239004821873e-07	0	363569.099107629	363569.099107618
1.29309267041644e-07	0	363569.099107629	363569.099107618
1.39944571280258e-07	0	363569.099107629	363569.099107618
1.51171794843591e-07	0	363569.099107629	363569.099107618
1.63018787988344e-07	0	363569.099107629	363569.099107618
1.75514390953743e-07	0	363569.099107629	363569.099107618
1.88688450185048e-07	0	363569.099107629	363569.099107618
2.02571833668696e-07	0	363569.099107629	363569.099107618
2.17196445296793e-07	0	363569.099107629	363569.099107618
2.3259523817679e-07	0	363569.099107629	363569.099107618
2.48802226800457e-07	0	363569.099107629	363569.099107618
2.65852497984665e-07	0	363569.099107629	363569.099107618
2.8378222049517e-07	0	363569.099107629	363569.099107618
3.02628653263324e-07	0	363569.099107629	363569.099107618
3.22430152104785e-07	0	363569.099107629	363569.099107618
3.43226174848439e-07	0	363569.099107629	363569.099107618
3.65057284783406e-07	0	363569.099107629	363569.099107618
3.87965152331622e-07	0	363569.099107629	363569.099107618
4.11992554853689e-07	0	363569.099107629	363569.099107618
4.37183374495872e-07	0	363569.099107629	363569.099107618
4.63582593986889e-07	0	363569.099107629	363569.099107618
4.91236290293981e-07	0	363569.099107629	363569.099107618
5.20191626049084e-07	0	363569.099107629	363569.099107618
5.50496838657514e-07	0	363569.099107629	363569.099107618
5.82201227003527e-07	0	363569.099107629	363569.099107618
6.15355135669428e-07	0	363569.099107629	363569.099107618
6.50009936587569e-07	0	363569.099107629	363569.099107618
6.86218008047653e-07	0	363569.099107629	363569.099107618
7.2403271098514e-07	0	363569.099107629	363569.099107618
7.63508362480403e-07	0	363569.099107629	363569.099107618
8.04700206402457e-07	0	363569.099107629	363569.099107618
8.47664381135677e-07	0	363569.099107629	363569.099107618
8.92457884332872e-07	0	363569.099107629	363569.099107618
9.39138534643543e-07	0	363569.099107629	363569.099107618
9.87764930371778e-07	0	363569.099107629	363569.099107618
1.03839640502452e-06	0	363569.099107629	363569.099107618
1.09109297971735e-06	0	363569.099107629	363569.099107618
1.14591531241196e-06	0	363569.099107629	363569.099107618
1.20292464396658e-06	0	363569.099107629	363569.099107618
1.26218274098846e-06	0	363569.099107629	363569.099107618
1.32375183548534e-06	0	363569.099107629	363569.099107618
1.38769456132106e-06	0	363569.099107629	363569.099107618
1.45407388748932e-06	0	363569.099107629	363569.099107618
1.52295304822829e-06	0	363569.099107629	363569.099107618
1.59439547000787e-06	0	363569.099107629	363569.099107618
1.66846469543132e-06	0	363569.099107629	363569.099107618
1.74522430410182e-06	0	363569.099107629	363569.099107618
1.82473783051535e-06	0	363569.099107629	363569.099107618
1.90706867905039e-06	0	363569.099107629	363569.099107618
1.99228003613594e-06	0	363569.099107629	363569.099107618
2.08043477968905e-06	0	363569.099107629	363569.099107618
2.17159538592389e-06	0	363569.099107629	363569.099107618
2.26582383364459e-06	0	363569.099107629	363569.099107618
2.36318150614464e-06	0	363569.099107629	363569.099107618
2.46372909084615e-06	0	363569.099107629	363569.099107618
2.56752647682258e-06	0	363569.099107629	363569.099107618
2.67463265035895e-06	0	363569.099107629	363569.099107618
2.78510558871364e-06	0	363569.099107629	363569.099107618
2.89900215225601e-06	0	363569.099107629	363569.099107618
3.01637797516386e-06	0	363569.099107629	363569.099107618
3.13728735487404e-06	0	363569.099107629	363569.099107618
3.26178314048938e-06	0	363569.099107629	363569.099107618
3.38991662035326e-06	0	363569.099107629	363569.099107618
3.52173740901234e-06	0	363569.099107629	363569.099107618
3.65729333379584e-06	0	363569.099107629	363569.099107618
3.7966303212473e-06	0	363569.099107629	363569.099107618
3.93979228365218e-06	0	363569.099107629	363569.099107618
4.08682100591124e-06	0	363569.099107629	363569.099107618
4.23775603301552e-06	0	363569.099107629	363569.099107618
4.39263455838445e-06	0	363569.099107629	363569.099107618
4.55149131333325e-06	0	363569.099107629	363569.099107618
4.71435845793999e-06	0	363569.099107629	363569.099107618
4.88126547358603e-06	0	363569.099107629	363569.099107618
5.05223905744625e-06	0	363569.099107629	363569.099107618
5.22730301920734e-06	0	363569.099107629	363569.099107618
5.40647818029363e-06	0	363569.099107629	363569.099107618
5.58978227587994e-06	0	363569.099107629	363569.099107618
5.77722985997065e-06	0	363569.099107629	363569.099107618
5.96883221382252e-06	0	363569.099107629	363569.099107618
6.16459725798662e-06	0	363569.099107629	363569.099107618
6.36452946824133e-06	0	363569.099107629	363569.099107618
6.56862979568457e-06	0	363569.099107629	363569.099107618
6.776895591248e-06	0	363569.099107629	363569.099107618
6.98932053489034e-06	0	363569.099107629	363569.099107618
7.20589456971997e-06	0	363569.099107629	363569.099107618
7.42660384128924e-06	0	363569.099107629	363569.099107618
7.65143064229443e-06	0	363569.099107629	363569.099107618
7.88035336290555e-06	0	363569.099107629	363569.099107618
8.11334644693998e-06	0	363569.099107629	363569.099107618
8.35038035408286e-06	0	363569.099107629	363569.099107618
8.59142152834468e-06	0	363569.099107629	363569.099107618
8.83643237293412e-06	0	363569.099107629	363569.099107618
9.08537123171041e-06	0	363569.099107629	363569.099107618
9.33819237736511e-06	0	363569.099107629	363569.099107618
9.59484600646827e-06	0	363569.099107629	363569.099107618
9.85527824149824e-06	0	363569.099107629	363569.099107618
1.01194311399581e-05	0	363569.099107629	363569.099107618
1.03872427106647e-05	0	363569.099107629	363569.099107618
1.06586469372796e-05	0	363569.099107629	363569.099107618
1.09335738091319e-05	0	363569.099107629	363569.099107618
1.12119493593666e-05	0	363569.099107629	363569.099107618
1.14936957104325e-05	0	363569.099107629	363569.099107618
1.1778731126904e-05	0	363569.099107629	363569.099107618
1.20669700756148e-05	0	363569.099107629	363569.099107618
1.23583232930583e-05	0	363569.099107629	363569.099107618
1.26526978599942e-05	0	363569.099107629	363569.099107618
1.29499972831785e-05	0	363569.099107629	363569.099107618
1.3250121584116e-05	0	363569.099107629	363569.099107618
1.35529673947146e-05	0	363569.099107629	363569.099107618
1.38584280597034e-05	0	363569.099107629	363569.099107618
1.41663937456541e-05	0	363569.099107629	363569.099107618
1.44767515564303e-05	0	363569.099107629	363569.099107618
1.47893856548704e-05	0	363569.099107629	363569.099107618
1.5104177390489e-05	0	363569.099107629	363569.099107618
1.54210054329691e-05	0	363569.099107629	363569.099107618
1.57397459111976e-05	0	363569.099107629	363569.099107618
1.60602725575817e-05	0	363569.099107629	363569.099107618
1.63824568573673e-05	0	363569.099107629	363569.099107618
1.67061682026681e-05	0	363569.099107629	363569.099107618
1.70312740508981e-05	0	363569.099107629	363569.099107618
1.73576400872884e-05	0	363569.099107629	363569.099107618
1.76851303911565e-05	0	363569.099107629	363569.099107618
1.80136076055863e-05	0	363569.099107629	363569.099107618
1.83429331101646e-05	0	363569.099107629	363569.099107618
1.86729671964143e-05	0	363569.099107629	363569.099107618
1.90035692455518e-05	0	363569.099107629	363569.099107618
1.93345979081952e-05	0	363569.099107629	363569.099107618
1.96659112856364e-05	0	363569.099107629	363569.099107618
1.99973671122936e-05	0	363569.099107629	363569.099107618
2.03288229389508e-05	0	363569.099107629	363569.099107618
2.0660136316392e-05	0	363569.099107629	363569.099107618
2.09911649790354e-05	0	363569.099107629	363569.099107618
2.1321767028173e-05	0	363569.099107629	363569.099107618
2.16518011144226e-05	0	363569.099107629	363569.099107618
2.19811266190009e-05	0	363569.099107629	363569.099107618
2.23096038334307e-05	0	363569.099107629	363569.099107618
2.26370941372988e-05	0	363569.099107629	363569.099107618
2.29634601736891e-05	0	363569.099107629	363569.099107618
2.32885660219191e-05	0	363569.099107629	363569.099107618
2.36122773672199e-05	0	363569.099107629	363569.099107618
2.39344616670055e-05	0	363569.099107629	363569.099107618
2.42549883133896e-05	0	363569.099107629	363569.099107618
2.45737287916182e-05	0	363569.099107629	363569.099107618
2.48905568340982e-05	0	363569.099107629	363569.099107618
2.52053485697168e-05	0	363569.099107629	363569.099107618
2.55179826681569e-05	0	363569.099107629	363569.099107618
2.58283404789332e-05	0	363569.099107629	363569.099107618
2.61363061648838e-05	0	363569.099107629	363569.099107618
2.64417668298726e-05	0	363569.099107629	363569.099107618
2.67446126404713e-05	0	363569.099107629	363569.099107618
2.70447369414087e-05	0	363569.099107629	363569.099107618
2.7342036364593e-05	0	363569.099107629	363569.099107618
2.7636410931529e-05	0	363569.099107629	363569.099107618
2.79277641489724e-05	0	363569.099107629	363569.099107618
2.82160030976832e-05	0	363569.099107629	363569.099107618
2.85010385141547e-05	0	363569.099107629	363569.099107618
2.87827848652206e-05	0	363569.099107629	363569.099107618
2.90611604154553e-05	0	363569.099107629	363569.099107618
2.93360872873076e-05	0	363569.099107629	363569.099107618
2.96074915139225e-05	0	363569.099107629	363569.099107618
2.98753030846291e-05	0	363569.099107629	363569.099107618
3.0139455983089e-05	0	363569.099107629	363569.099107618
3.0399888218119e-05	0	363569.099107629	363569.099107618
3.06565418472221e-05	0	363569.099107629	363569.099107618
3.09093629928768e-05	0	363569.099107629	363569.099107618
3.11583018516531e-05	0	363569.099107629	363569.099107618
3.14033126962425e-05	0	363569.099107629	363569.099107618
3.16443538705044e-05	0	363569.099107629	363569.099107618
3.18813877776472e-05	0	363569.099107629	363569.099107618
3.21143808616817e-05	0	363569.099107629	363569.099107618
3.23433035822928e-05	0	363569.099107629	363569.099107618
3.2568130383298e-05	0	363569.099107629	363569.099107618
3.27888396548673e-05	0	363569.099107629	363569.099107618
3.30054136896969e-05	0	363569.099107629	363569.099107618
3.32178386333392e-05	0	363569.099107629	363569.099107618
3.34261044289027e-05	0	363569.099107629	363569.099107618
3.36302047563459e-05	0	363569.099107629	363569.099107618
3.38301369666006e-05	0	363569.099107629	363569.099107618
3.40259020107647e-05	0	363569.099107629	363569.099107618
3.42175043646166e-05	0	363569.099107629	363569.099107618
3.44049519487073e-05	0	363569.099107629	363569.099107618
3.45882560442936e-05	0	363569.099107629	363569.099107618
3.47674312053799e-05	0	363569.099107629	363569.099107618
3.4942495167141e-05	0	363569.099107629	363569.099107618
3.51134687510012e-05	0	363569.099107629	363569.099107618
3.52803757666472e-05	0	363569.099107629	363569.099107618
3.5443242911254e-05	0	363569.099107629	363569.099107618
3.56020996662028e-05	0	363569.099107629	363569.099107618
3.57569781915717e-05	0	363569.099107629	363569.099107618
3.5907913218676e-05	0	363569.099107629	363569.099107618
3.6054941940935e-05	0	363569.099107629	363569.099107618
3.61981039033399e-05	0	363569.099107629	363569.099107618
3.63374408907914e-05	0	363569.099107629	363569.099107618
3.64729968155749e-05	0	363569.099107629	363569.099107618
3.6604817604234e-05	0	363569.099107629	363569.099107618
3.67329510840978e-05	0	363569.099107629	363569.099107618
3.68574468697132e-05	0	363569.099107629	363569.099107618
3.69783562494234e-05	0	363569.099107629	363569.099107618
3.70957320723312e-05	0	363569.099107629	363569.099107618
3.72096286358736e-05	0	363569.099107629	363569.099107618
3.73201015742283e-05	0	363569.099107629	363569.099107618
3.74272077477646e-05	0	363569.099107629	363569.099107618
3.75310051337411e-05	0	363569.099107629	363569.099107618
3.76315527184426e-05	0	363569.099107629	363569.099107618
3.77289103909426e-05	0	363569.099107629	363569.099107618
3.78231388386633e-05	0	363569.099107629	363569.099107618
3.79142994448982e-05	0	363569.099107629	363569.099107618
3.80024541884513e-05	0	363569.099107629	363569.099107618
3.80876655455368e-05	0	363569.099107629	363569.099107618
3.81699963940719e-05	0	363569.099107629	363569.099107618
3.82495099204854e-05	0	363569.099107629	363569.099107618
3.83262695291559e-05	0	363569.099107629	363569.099107618
3.84003387545794e-05	0	363569.099107629	363569.099107618
3.84717811763589e-05	0	363569.099107629	363569.099107618
3.85406603370979e-05	0	363569.099107629	363569.099107618
3.86070396632662e-05	0	363569.099107629	363569.099107618
3.86709823891019e-05	0	363569.099107629	363569.099107618
3.87325514835988e-05	0	363569.099107629	363569.099107618
3.87918095806206e-05	0	363569.099107629	363569.099107618
3.88488189121753e-05	0	363569.099107629	363569.099107618
3.89036412448699e-05	0	363569.099107629	363569.099107618
3.89563378195627e-05	0	363569.099107629	363569.099107618
3.90069692942154e-05	0	363569.099107629	363569.099107618
3.90555956899437e-05	0	363569.099107629	363569.099107618
3.91022763402544e-05	0	363569.099107629	363569.099107618
3.91470698434516e-05	0	363569.099107629	363569.099107618
3.91900340181848e-05	0	363569.099107629	363569.099107618
3.92312258621068e-05	0	363569.099107629	363569.099107618
3.92707015136021e-05	0	363569.099107629	363569.099107618
3.93085162165396e-05	0	363569.099107629	363569.099107618
3.93447242879997e-05	0	363569.099107629	363569.099107618
3.93793790889178e-05	0	363569.099107629	363569.099107618
3.94125329975837e-05	0	363569.099107629	363569.099107618
3.94442373859297e-05	0	363569.099107629	363569.099107618
3.94745425985381e-05	0	363569.099107629	363569.099107618
3.95034979342932e-05	0	363569.099107629	363569.099107618
3.95311516306003e-05	0	363569.099107629	363569.099107618
3.95575508500914e-05	0	363569.099107629	363569.099107618
3.95827416697335e-05	0	363569.099107629	363569.099107618
3.96067690722556e-05	0	363569.099107629	363569.099107618
3.96296769398038e-05	0	363569.099107629	363569.099107618
3.96515080497388e-05	0	363569.099107629	363569.099107618
3.96723040724824e-05	0	363569.099107629	363569.099107618
3.96921055713239e-05	0	363569.099107629	363569.099107618
3.97109520040921e-05	0	363569.099107629	363569.099107618
3.97288817266026e-05	0	363569.099107629	363569.099107618
3.97459319977868e-05	0	363569.099107629	363569.099107618
3.97621389864104e-05	0	363569.099107629	363569.099107618
3.97775377792904e-05	0	363569.099107629	363569.099107618
3.97921623909185e-05	0	363569.099107629	363569.099107618
3.98060457744022e-05	0	363569.099107629	363569.099107618
3.98192198336335e-05	0	363569.099107629	363569.099107618
3.98317154365989e-05	0	363569.099107629	363569.099107618
3.98435624297436e-05	0	363569.099107629	363569.099107618
3.9854789653307e-05	0	363569.099107629	363569.099107618
3.98654249575456e-05	0	363569.099107629	363569.099107618
3.98754952197654e-05	0	363569.099107629	363569.099107618
3.98850263620831e-05	0	363569.099107629	363569.099107618
3.98940433698427e-05	0	363569.099107629	363569.099107618
3.99025703106122e-05	0	363569.099107629	363569.099107618
3.99106303536907e-05	0	363569.099107629	363569.099107618
3.99182457900572e-05	0	363569.099107629	363569.099107618
3.99254380526951e-05	0	363569.099107629	363569.099107618
3.99322277372295e-05	0	363569.099107629	363569.099107618
3.9938634622817e-05	0	363569.099107629	363569.099107618
3.99446776932298e-05	0	363569.099107629	363569.099107618
3.99503751580799e-05	0	363569.099107629	363569.099107618
3.99557444741305e-05	0	363569.099107629	363569.099107618
3.9960802366646e-05	0	363569.099107629	363569.099107618
3.99655648507323e-05	0	363569.099107629	363569.099107618
3.99700472526256e-05	0	363569.099107629	363569.099107618
3.99742642308863e-05	0	363569.099107629	363569.099107618
3.9978229797461e-05	0	363569.099107629	363569.099107618
3.99819573385746e-05	0	363569.099107629	363569.099107618
3.99854596354215e-05	0	363569.099107629	363569.099107618
3.99887488846226e-05	0	363569.099107629	363569.099107618
3.99918367184205e-05	0	363569.099107629	363569.099107618
3.99947342245872e-05	0	363569.099107629	363569.099107618
3.99974519660193e-05	0	363569.099107629	363569.099107618
4e-05	0	363569.099107629	363569.099107618
4.00025e-05	0	363569.099107629	363569.099107618
4.0005e-05	0	363569.099107629	363569.099107618
4.00075e-05	0	363569.099107629	363569.099107618
4.001e-05	0	363569.099107629	363569.099107618
4.00125e-05	0	363569.099107629	363569.099107618
4.0015e-05	0	363569.099107629	363569.099107618
4.00175e-05	0	363569.099107629	363569.099107618
4.002e-05	0	363569.099107629	363569.099107618
4.00225e-05	0	363569.099107629	363569.099107618
4.0025e-05	0	363569.099107629	363569.099107618
4.00275e-05	0	363569.099107629	363569.099107618
4.003e-05	0	363569.099107629	363569.099107618
4.00325e-05	0	363569.099107629	363569.099107618
4.0035e-05	0	363569.099107629	363569.099107618
4.00375e-05	0	363569.099107629	363569.099107618
4.004e-05	0	363569.099107629	363569.099107618
4.00425e-05	0	363569.099107629	363569.099107618
4.0045e-05	0	363569.099107629	363569.099107618
4.00475e-05	0	363569.099107629	363569.099107618
4.005e-05	0	363569.099107629	363569.099107618
4.00525e-05	0	363569.099107629	363569.099107618
4.0055e-05	0	363569.099107629	363569.099107618
4.00575e-05	0	363569.099107629	363569.099107618
4.006e-05	0	363569.099107629	363569.099107618
4.00625e-05	0	363569.099107629	363569.099107618
4.0065e-05	0	363569.099107629	363569.099107618
4.00675e-05	0	363569.099107629	363569.099107618
4.007e-05	0	363569.099107629	363569.099107618
4.00725e-05	0	363569.099107629	363569.099107618
4.0075e-05	0	363569.099107629	363569.099107618
4.00775e-05	0	363569.099107629	363569.099107618
4.008e-05	0	363569.099107629	363569.099107618
4.00825e-05	0	363569.099107629	363569.099107618
4.0085e-05	0	363569.099107629	363569.099107618
4.00875e-05	0	363569.099107629	363569.099107618
4.009e-05	0	363569.099107629	363569.099107618
4.00925e-05	0	363569.099107629	363569.099107618
4.0095e-05	0	363569.099107629	363569.099107618
4.00975e-05	0	363569.099107629	363569.099107618
4.01e-05	0	363569.099107629	363569.099107618
4.01025e-05	0	363569.099107629	363569.099107618
4.0105e-05	0	363569.099107629	363569.099107618
4.01075e-05	0	363569.099107629	363569.099107618
4.011e-05	0	363569.099107629	363569.099107618
4.01125e-05	0	363569.099107629	363569.099107618
4.0115e-05	0	363569.099107629	363569.099107618
4.01175e-05	0	363569.099107629	363569.099107618
4.012e-05	0	363569.099107629	363569.099107618
4.01225e-05	0	363569.099107629	363569.099107618
4.0125e-05	0	363569.099107629	363569.099107618
4.01275e-05	0	363569.099107629	363569.099107618
4.013e-05	0	363569.099107629	363569.099107618
4.01325e-05	0	363569.099107629	363569.099107618
4.0135e-05	0	363569.099107629	363569.099107618
4.01375e-05	0	363569.099107629	363569.099107618
4.014e-05	0	363569.099107629	363569.099107618
4.01425e-05	0	363569.099107629	363569.099107618
4.0145e-05	0	363569.099107629	363569.099107618
4.01475e-05	0	363569.099107629	363569.099107618
4.015e-05	0	363569.099107629	363569.099107618
4.01525e-05	0	363569.099107629	363569.099107618
4.0155e-05	0	363569.099107629	363569.099107618
4.01575e-05	0	363569.099107629	363569.099107618
4.016e-05	0	363569.099107629	363569.099107618
4.01625e-05	0	363569.099107629	363569.099107618
4.0165e-05	0	363569.099107629	363569.099107618
4.01675e-05	0	363569.099107629	363569.099107618
4.017e-05	0	363569.099107629	363569.099107618
4.01725e-05	0	363569.099107629	363569.099107618
4.0175e-05	0	363569.099107629	363569.099107618
4.01775e-05	0	363569.099107629	363569.099107618
4.018e-05	0	363569.099107629	363569.099107618
4.01825e-05	0	363569.099107629	363569.099107618
4.0185e-05	0	363569.099107629	363569.099107618
4.01875e-05	0	363569.099107629	363569.099107618
4.019e-05	0	363569.099107629	363569.099107618
4.01925e-05	0	363569.099107629	363569.099107618
4.0195e-05	0	363569.099107629	363569.099107618
4.01975e-05	0	363569.099107629	363569.099107618
4.02e-05	0	363569.099107629	363569.099107618
4.02028975061667e-05	0	363569.099107629	363569.099107618
4.02059853399646e-05	0	363569.099107629	363569.099107618
4.02092745891657e-05	0	363569.099107629	363569.099107618
4.02127768860126e-05	0	363569.099107629	363569.099107618
4.02165044271263e-05	0	363569.099107629	363569.099107618
4.02204699937009e-05	0	363569.099107629	363569.099107618
4.02246869719617e-05	0	363569.099107629	363569.099107618
4.0229169373855e-05	0	363569.099107629	363569.099107618
4.02339318579413e-05	0	363569.099107629	363569.099107618
4.02389897504567e-05	0	363569.099107629	363569.099107618
4.02443590665074e-05	0	363569.099107629	363569.099107618
4.02500565313574e-05	0	363569.099107629	363569.099107618
4.02560996017702e-05	0	363569.099107629	363569.099107618
4.02625064873577e-05	0	363569.099107629	363569.099107618
4.02692961718921e-05	0	363569.099107629	363569.099107618
4.027648843453e-05	0	363569.099107629	363569.099107618
4.02841038708965e-05	0	363569.099107629	363569.099107618
4.0292163913975e-05	0	363569.099107629	363569.099107618
4.03006908547445e-05	0	363569.099107629	363569.099107618
4.03097078625041e-05	0	363569.099107629	363569.099107618
4.03192390048219e-05	0	363569.099107629	363569.099107618
4.03293092670416e-05	0	363569.099107629	363569.099107618
4.03399445712803e-05	0	363569.099107629	363569.099107618
4.03511717948436e-05	0	363569.099107629	363569.099107618
4.03630187879883e-05	0	363569.099107629	363569.099107618
4.03755143909537e-05	0	363569.099107629	363569.099107618
4.03886884501851e-05	0	363569.099107629	363569.099107618
4.04025718336687e-05	0	363569.099107629	363569.099107618
4.04171964452968e-05	0	363569.099107629	363569.099107618
4.04325952381768e-05	0	363569.099107629	363569.099107618
4.04488022268005e-05	0	363569.099107629	363569.099107618
4.04658524979847e-05	0	363569.099107629	363569.099107618
4.04837822204952e-05	0	363569.099107629	363569.099107618
4.05026286532633e-05	0	363569.099107629	363569.099107618
4.05224301521048e-05	0	363569.099107629	363569.099107618
4.05432261748484e-05	0	363569.099107629	363569.099107618
4.05650572847834e-05	0	363569.099107629	363569.099107618
4.05879651523316e-05	0	363569.099107629	363569.099107618
4.06119925548537e-05	0	363569.099107629	363569.099107618
4.06371833744959e-05	0	363569.099107629	363569.099107618
4.06635825939869e-05	0	363569.099107629	363569.099107618
4.0691236290294e-05	0	363569.099107629	363569.099107618
4.07201916260491e-05	0	363569.099107629	363569.099107618
4.07504968386575e-05	0	363569.099107629	363569.099107618
4.07822012270035e-05	0	363569.099107629	363569.099107618
4.08153551356694e-05	0	363569.099107629	363569.099107618
4.08500099365876e-05	0	363569.099107629	363569.099107618
4.08862180080477e-05	0	363569.099107629	363569.099107618
4.09240327109851e-05	0	363569.099107629	363569.099107618
4.09635083624804e-05	0	363569.099107629	363569.099107618
4.10047002064025e-05	0	363569.099107629	363569.099107618
4.10476643811357e-05	0	363569.099107629	363569.099107618
4.10924578843329e-05	0	363569.099107629	363569.099107618
4.11391385346435e-05	0	363569.099107629	363569.099107618
4.11877649303718e-05	0	363569.099107629	363569.099107618
4.12383964050245e-05	0	363569.099107629	363569.099107618
4.12910929797174e-05	0	363569.099107629	363569.099107618
4.1345915312412e-05	0	363569.099107629	363569.099107618
4.14029246439666e-05	0	363569.099107629	363569.099107618
4.14621827409885e-05	0	363569.099107629	363569.099107618
4.15237518354853e-05	0	363569.099107629	363569.099107618
4.15876945613211e-05	0	363569.099107629	363569.099107618
4.16540738874893e-05	0	363569.099107629	363569.099107618
4.17229530482283e-05	0	363569.099107629	363569.099107618
4.17943954700079e-05	0	363569.099107629	363569.099107618
4.18684646954313e-05	0	363569.099107629	363569.099107618
4.19452243041018e-05	0	363569.099107629	363569.099107618
4.20247378305153e-05	0	363569.099107629	363569.099107618
4.21070686790504e-05	0	363569.099107629	363569.099107618
4.21922800361359e-05	0	363569.099107629	363569.099107618
4.22804347796891e-05	0	363569.099107629	363569.099107618
4.23715953859239e-05	0	363569.099107629	363569.099107618
4.24658238336446e-05	0	363569.099107629	363569.099107618
4.25631815061446e-05	0	363569.099107629	363569.099107618
4.26637290908461e-05	0	363569.099107629	363569.099107618
4.27675264768226e-05	0	363569.099107629	363569.099107618
4.2874632650359e-05	0	363569.099107629	363569.099107618
4.29851055887136e-05	0	363569.099107629	363569.099107618
4.3099002152256e-05	0	363569.099107629	363569.099107618
4.32163779751639e-05	0	363569.099107629	363569.099107618
4.3337287354874e-05	0	363569.099107629	363569.099107618
4.34617831404894e-05	0	363569.099107629	363569.099107618
4.35899166203533e-05	0	363569.099107629	363569.099107618
4.37217374090123e-05	0	363569.099107629	363569.099107618
4.38572933337958e-05	0	363569.099107629	363569.099107618
4.39966303212473e-05	0	363569.099107629	363569.099107618
4.41397922836522e-05	0	363569.099107629	363569.099107618
4.42868210059112e-05	0	363569.099107629	363569.099107618
4.44377560330155e-05	0	363569.099107629	363569.099107618
4.45926345583844e-05	0	363569.099107629	363569.099107618
4.47514913133333e-05	0	363569.099107629	363569.099107618
4.491435845794e-05	0	363569.099107629	363569.099107618
4.5081265473586e-05	0	363569.099107629	363569.099107618
4.52522390574462e-05	0	363569.099107629	363569.099107618
4.54273030192073e-05	0	363569.099107629	363569.099107618
4.56064781802936e-05	0	363569.099107629	363569.099107618
4.57897822758799e-05	0	363569.099107629	363569.099107618
4.59772298599707e-05	0	363569.099107629	363569.099107618
4.61688322138225e-05	0	363569.099107629	363569.099107618
4.63645972579866e-05	0	363569.099107629	363569.099107618
4.65645294682413e-05	0	363569.099107629	363569.099107618
4.67686297956846e-05	0	363569.099107629	363569.099107618
4.6976895591248e-05	0	363569.099107629	363569.099107618
4.71893205348903e-05	0	363569.099107629	363569.099107618
4.740589456972e-05	0	363569.099107629	363569.099107618
4.76266038412892e-05	0	363569.099107629	363569.099107618
4.78514306422944e-05	0	363569.099107629	363569.099107618
4.80803533629055e-05	0	363569.099107629	363569.099107618
4.831334644694e-05	0	363569.099107629	363569.099107618
4.85503803540829e-05	0	363569.099107629	363569.099107618
4.87914215283447e-05	0	363569.099107629	363569.099107618
4.90364323729341e-05	0	363569.099107629	363569.099107618
4.92853712317104e-05	0	363569.099107629	363569.099107618
4.95381923773651e-05	0	363569.099107629	363569.099107618
4.97948460064683e-05	0	363569.099107629	363569.099107618
5.00552782414982e-05	0	363569.099107629	363569.099107618
5.03194311399581e-05	0	363569.099107629	363569.099107618
5.05872427106647e-05	0	363569.099107629	363569.099107618
5.08586469372796e-05	0	363569.099107629	363569.099107618
5.11335738091319e-05	0	363569.099107629	363569.099107618
5.14119493593666e-05	0	363569.099107629	363569.099107618
5.16936957104325e-05	0	363569.099107629	363569.099107618
5.1978731126904e-05	0	363569.099107629	363569.099107618
5.22669700756148e-05	0	363569.099107629	363569.099107618
5.25583232930583e-05	0	363569.099107629	363569.099107618
5.28526978599942e-05	0	363569.099107629	363569.099107618
5.31499972831785e-05	0	363569.099107629	363569.099107618
5.3450121584116e-05	0	363569.099107629	363569.099107618
5.37529673947146e-05	0	363569.099107629	363569.099107618
5.40584280597034e-05	0	363569.099107629	363569.099107618
5.43663937456541e-05	0	363569.099107629	363569.099107618
5.46767515564303e-05	0	363569.099107629	363569.099107618
5.49893856548704e-05	0	363569.099107629	363569.099107618
5.5304177390489e-05	0	363569.099107629	363569.099107618
5.56210054329691e-05	0	363569.099107629	363569.099107618
5.59397459111976e-05	0	363569.099107629	363569.099107618
5.62602725575817e-05	0	363569.099107629	363569.099107618
5.65824568573673e-05	0	363569.099107629	363569.099107618
5.69061682026681e-05	0	363569.099107629	363569.099107618
5.72312740508981e-05	0	363569.099107629	363569.099107618
5.75576400872884e-05	0	363569.099107629	363569.099107618
5.78851303911565e-05	0	363569.099107629	363569.099107618
5.82136076055863e-05	0	363569.099107629	363569.099107618
5.85429331101646e-05	0	363569.099107629	363569.099107618
5.88729671964143e-05	0	363569.099107629	363569.099107618
5.92035692455518e-05	0	363569.099107629	363569.099107618
5.95345979081952e-05	0	363569.099107629	363569.099107618
5.98659112856364e-05	0	363569.099107629	363569.099107618
6.01973671122936e-05	0	363569.099107629	363569.099107618
6.05288229389508e-05	0	363569.099107629	363569.099107618
6.0860136316392e-05	0	363569.099107629	363569.099107618
6.11911649790354e-05	0	363569.099107629	363569.099107618
6.1521767028173e-05	0	363569.099107629	363569.099107618
6.18518011144226e-05	0	363569.099107629	363569.099107618
6.21811266190009e-05	0	363569.099107629	363569.099107618
6.25096038334307e-05	0	363569.099107629	363569.099107618
6.28370941372988e-05	0	363569.099107629	363569.099107618
6.31634601736891e-05	0	363569.099107629	363569.099107618
6.34885660219191e-05	0	363569.099107629	363569.099107618
6.38122773672199e-05	0	363569.099107629	363569.099107618
6.41344616670055e-05	0	363569.099107629	363569.099107618
6.44549883133896e-05	0	363569.099107629	363569.099107618
6.47737287916182e-05	0	363569.099107629	363569.099107618
6.50905568340982e-05	0	363569.099107629	363569.099107618
6.54053485697168e-05	0	363569.099107629	363569.099107618
6.57179826681569e-05	0	363569.099107629	363569.099107618
6.60283404789332e-05	0	363569.099107629	363569.099107618
6.63363061648838e-05	0	363569.099107629	363569.099107618
6.66417668298726e-05	0	363569.099107629	363569.099107618
6.69446126404713e-05	0	363569.099107629	363569.099107618
6.72447369414087e-05	0	363569.099107629	363569.099107618
6.7542036364593e-05	0	363569.099107629	363569.099107618
6.78364109315289e-05	0	363569.099107629	363569.099107618
6.81277641489724e-05	0	363569.099107629	363569.099107618
6.84160030976832e-05	0	363569.099107629	363569.099107618
6.87010385141547e-05	0	363569.099107629	363569.099107618
6.89827848652206e-05	0	363569.099107629	363569.099107618
6.92611604154553e-05	0	363569.099107629	363569.099107618
6.95360872873076e-05	0	363569.099107629	363569.099107618
6.98074915139225e-05	0	363569.099107629	363569.099107618
7.00753030846291e-05	0	363569.099107629	363569.099107618
7.0339455983089e-05	0	363569.099107629	363569.099107618
7.05998882181189e-05	0	363569.099107629	363569.099107618
7.08565418472221e-05	0	363569.099107629	363569.099107618
7.11093629928768e-05	0	363569.099107629	363569.099107618
7.13583018516531e-05	0	363569.099107629	363569.099107618
7.16033126962425e-05	0	363569.099107629	363569.099107618
7.18443538705044e-05	0	363569.099107629	363569.099107618
7.20813877776472e-05	0	363569.099107629	363569.099107618
7.23143808616817e-05	0	363569.099107629	363569.099107618
7.25433035822928e-05	0	363569.099107629	363569.099107618
7.2768130383298e-05	0	363569.099107629	363569.099107618
7.29888396548673e-05	0	363569.099107629	363569.099107618
7.32054136896969e-05	0	363569.099107629	363569.099107618
7.34178386333392e-05	0	363569.099107629	363569.099107618
7.36261044289026e-05	0	363569.099107629	363569.099107618
7.38302047563459e-05	0	363569.099107629	363569.099107618
7.40301369666006e-05	0	363569.099107629	363569.099107618
7.42259020107647e-05	0	363569.099107629	363569.099107618
7.44175043646166e-05	0	363569.099107629	363569.099107618
7.46049519487073e-05	0	363569.099107629	363569.099107618
7.47882560442936e-05	0	363569.099107629	363569.099107618
7.49674312053799e-05	0	363569.099107629	363569.099107618
7.5142495167141e-05	0	363569.099107629	363569.099107618
7.53134687510012e-05	0	363569.099107629	363569.099107618
7.54803757666472e-05	0	363569.099107629	363569.099107618
7.5643242911254e-05	0	363569.099107629	363569.099107618
7.58020996662028e-05	0	363569.099107629	363569.099107618
7.59569781915717e-05	0	363569.099107629	363569.099107618
7.6107913218676e-05	0	363569.099107629	363569.099107618
7.6254941940935e-05	0	363569.099107629	363569.099107618
7.63981039033399e-05	0	363569.099107629	363569.099107618
7.65374408907914e-05	0	363569.099107629	363569.099107618
7.66729968155749e-05	0	363569.099107629	363569.099107618
7.6804817604234e-05	0	363569.099107629	363569.099107618
7.69329510840978e-05	0	363569.099107629	363569.099107618
7.70574468697132e-05	0	363569.099107629	363569.099107618
7.71783562494234e-05	0	363569.099107629	363569.099107618
7.72957320723312e-05	0	363569.099107629	363569.099107618
7.74096286358736e-05	0	363569.099107629	363569.099107618
7.75201015742283e-05	0	363569.099107629	363569.099107618
7.76272077477646e-05	0	363569.099107629	363569.099107618
7.77310051337411e-05	0	363569.099107629	363569.099107618
7.78315527184426e-05	0	363569.099107629	363569.099107618
7.79289103909426e-05	0	363569.099107629	363569.099107618
7.80231388386633e-05	0	363569.099107629	363569.099107618
7.81142994448982e-05	0	363569.099107629	363569.099107618
7.82024541884513e-05	0	363569.099107629	363569.099107618
7.82876655455368e-05	0	363569.099107629	363569.099107618
7.83699963940719e-05	0	363569.099107629	363569.099107618
7.84495099204854e-05	0	363569.099107629	363569.099107618
7.85262695291559e-05	0	363569.099107629	363569.099107618
7.86003387545794e-05	0	363569.099107629	363569.099107618
7.86717811763589e-05	0	363569.099107629	363569.099107618
7.87406603370979e-05	0	363569.099107629	363569.099107618
7.88070396632662e-05	0	363569.099107629	363569.099107618
7.88709823891019e-05	0	363569.099107629	363569.099107618
7.89325514835988e-05	0	363569.099107629	363569.099107618
7.89918095806207e-05	0	363569.099107629	363569.099107618
7.90488189121753e-05	0	363569.099107629	363569.099107618
7.91036412448699e-05	0	363569.099107629	363569.099107618
7.91563378195627e-05	0	363569.099107629	363569.099107618
7.92069692942154e-05	0	363569.099107629	363569.099107618
7.92555956899437e-05	0	363569.099107629	363569.099107618
7.93022763402544e-05	0	363569.099107629	363569.099107618
7.93470698434516e-05	0	363569.099107629	363569.099107618
7.93900340181848e-05	0	363569.099107629	363569.099107618
7.94312258621068e-05	0	363569.099107629	363569.099107618
7.94707015136021e-05	0	363569.099107629	363569.099107618
7.95085162165396e-05	0	363569.099107629	363569.099107618
7.95447242879997e-05	0	363569.099107629	363569.099107618
7.95793790889178e-05	0	363569.099107629	363569.099107618
7.96125329975837e-05	0	363569.099107629	363569.099107618
7.96442373859297e-05	0	363569.099107629	363569.099107618
7.96745425985381e-05	0	363569.099107629	363569.099107618
7.97034979342933e-05	0	363569.099107629	363569.099107618
7.97311516306003e-05	0	363569.099107629	363569.099107618
7.97575508500914e-05	0	363569.099107629	363569.099107618
7.97827416697335e-05	0	363569.099107629	363569.099107618
7.98067690722556e-05	0	363569.099107629	363569.099107618
7.98296769398038e-05	0	363569.099107629	363569.099107618
7.98515080497388e-05	0	363569.099107629	363569.099107618
7.98723040724824e-05	0	363569.099107629	363569.099107618
7.98921055713239e-05	0	363569.099107629	363569.099107618
7.99109520040921e-05	0	363569.099107629	363569.099107618
7.99288817266026e-05	0	363569.099107629	363569.099107618
7.99459319977868e-05	0	363569.099107629	363569.099107618
7.99621389864104e-05	0	363569.099107629	363569.099107618
7.99775377792904e-05	0	363569.099107629	363569.099107618
7.99921623909185e-05	0	363569.099107629	363569.099107618
8.00060457744022e-05	0	363569.099107629	363569.099107618
8.00192198336335e-05	0	363569.099107629	363569.099107618
8.00317154365989e-05	0	363569.099107629	363569.099107618
8.00435624297436e-05	0	363569.099107629	363569.099107618
8.0054789653307e-05	0	363569.099107629	363569.099107618
8.00654249575456e-05	0	363569.099107629	363569.099107618
8.00754952197654e-05	0	363569.099107629	363569.099107618
8.00850263620831e-05	0	363569.099107629	363569.099107618
8.00940433698427e-05	0	363569.099107629	363569.099107618
8.01025703106122e-05	0	363569.099107629	363569.099107618
8.01106303536907e-05	0	363569.099107629	363569.099107618
8.01182457900572e-05	0	363569.099107629	363569.099107618
8.01254380526951e-05	0	363569.099107629	363569.099107618
8.01322277372295e-05	0	363569.099107629	363569.099107618
8.0138634622817e-05	0	363569.099107629	363569.099107618
8.01446776932298e-05	0	363569.099107629	363569.099107618
8.01503751580799e-05	0	363569.099107629	363569.099107618
8.01557444741305e-05	0	363569.099107629	363569.099107618
8.0160802366646e-05	0	363569.099107629	363569.099107618
8.01655648507323e-05	0	363569.099107629	363569.099107618
8.01700472526256e-05	0	363569.099107629	363569.099107618
8.01742642308863e-05	0	363569.099107629	363569.099107618
8.0178229797461e-05	0	363569.099107629	363569.099107618
8.01819573385746e-05	0	363569.099107629	363569.099107618
8.01854596354215e-05	0	363569.099107629	363569.099107618
8.01887488846226e-05	0	363569.099107629	363569.099107618
8.01918367184205e-05	0	363569.099107629	363569.099107618
8.01947342245872e-05	0	363569.099107629	363569.099107618
8.01974519660193e-05	0	363569.099107629	363569.099107618
8.02e-05	0	363569.099107629	363569.099107618
8.02025e-05	0	363569.099107629	363569.099107618
8.0205e-05	0	363569.099107629	363569.099107618
8.02075e-05	0	363569.099107629	363569.099107618
8.021e-05	0	363569.099107629	363569.099107618
8.02125e-05	0	363569.099107629	363569.099107618
8.0215e-05	0	363569.099107629	363569.099107618
8.02175e-05	0	363569.099107629	363569.099107618
8.022e-05	0	363569.099107629	363569.099107618
8.02225e-05	0	363569.099107629	363569.099107618
8.0225e-05	0	363569.099107629	363569.099107618
8.02275e-05	0	363569.099107629	363569.099107618
8.023e-05	0	363569.099107629	363569.099107618
8.02325e-05	0	363569.099107629	363569.099107618
8.0235e-05	0	363569.099107629	363569.099107618
8.02375e-05	0	363569.099107629	363569.099107618
8.024e-05	0	363569.099107629	363569.099107618
8.02425e-05	0	363569.099107629	363569.099107618
8.0245e-05	0	363569.099107629	363569.099107618
8.02475e-05	0	363569.099107629	363569.099107618
8.025e-05	0	363569.099107629	363569.099107618
8.02525e-05	0	363569.099107629	363569.099107618
8.0255e-05	0	363569.099107629	363569.099107618
8.02575e-05	0	363569.099107629	363569.099107618
8.026e-05	0	363569.099107629	363569.099107618
8.02625e-05	0	363569.099107629	363569.099107618
8.0265e-05	0	363569.099107629	363569.099107618
8.02675e-05	0	363569.099107629	363569.099107618
8.027e-05	0	363569.099107629	363569.099107618
8.02725e-05	0	363569.099107629	363569.099107618
8.0275e-05	0	363569.099107629	363569.099107618
8.02775e-05	0	363569.099107629	363569.099107618
8.028e-05	0	363569.099107629	363569.099107618
8.02825e-05	0	363569.099107629	363569.099107618
8.0285e-05	0	363569.099107629	363569.099107618
8.02875e-05	0	363569.099107629	363569.099107618
8.029e-05	0	363569.099107629	363569.099107618
8.02925e-05	0	363569.099107629	363569.099107618
8.0295e-05	0	363569.099107629	363569.099107618
8.02975e-05	0	363569.099107629	363569.099107618
8.03e-05	0	363569.099107629	363569.099107618
8.03025e-05	0	363569.099107629	363569.099107618
8.0305e-05	0	363569.099107629	363569.099107618
8.03075e-05	0	363569.099107629	363569.099107618
8.031e-05	0	363569.099107629	363569.099107618
8.03125e-05	0	363569.099107629	363569.099107618
8.0315e-05	0	363569.099107629	363569.099107618
8.03175e-05	0	363569.099107629	363569.099107618
8.032e-05	0	363569.099107629	363569.099107618
8.03225e-05	0	363569.099107629	363569.099107618
8.0325e-05	0	363569.099107629	363569.099107618
8.03275e-05	0	363569.099107629	363569.099107618
8.033e-05	0	363569.099107629	363569.099107618
8.03325e-05	0	363569.099107629	363569.099107618
8.0335e-05	0	363569.099107629	363569.099107618
8.03375e-05	0	363569.099107629	363569.099107618
8.034e-05	0	363569.099107629	363569.099107618
8.03425e-05	0	363569.099107629	363569.099107618
8.0345e-05	0	363569.099107629	363569.099107618
8.03475e-05	0	363569.099107629	363569.099107618
8.035e-05	0	363569.099107629	363569.099107618
8.03525e-05	0	363569.099107629	363569.099107618
8.0355e-05	0	363569.099107629	363569.099107618
8.03575e-05	0	363569.099107629	363569.099107618
8.036e-05	0	363569.099107629	363569.099107618
8.03625e-05	0	363569.099107629	363569.099107618
8.0365e-05	0	363569.099107629	363569.099107618
8.03675e-05	0	363569.099107629	363569.099107618
8.037e-05	0	363569.099107629	363569.099107618
8.03725e-05	0	363569.099107629	363569.099107618
8.0375e-05	0	363569.099107629	363569.099107618
8.03775e-05	0	363569.099107629	363569.099107618
8.038e-05	0	363569.099107629	363569.099107618
8.03825e-05	0	363569.099107629	363569.099107618
8.0385e-05	0	363569.099107629	363569.099107618
8.03875e-05	0	363569.099107629	363569.099107618
8.039e-05	0	363569.099107629	363569.099107618
8.03925e-05	0	363569.099107629	363569.099107618
8.0395e-05	0	363569.099107629	363569.099107618
8.03975e-05	0	363569.099107629	363569.099107618
8.04e-05	0	363569.099107629	363569.099107618
8.04028975061667e-05	0	363569.099107629	363569.099107618
8.04059853399646e-05	0	363569.099107629	363569.099107618
8.04092745891657e-05	0	363569.099107629	363569.099107618
8.04127768860126e-05	0	363569.099107629	363569.099107618
8.04165044271263e-05	0	363569.099107629	363569.099107618
8.04204699937009e-05	0	363569.099107629	363569.099107618
8.04246869719617e-05	0	363569.099107629	363569.099107618
8.0429169373855e-05	0	363569.099107629	363569.099107618
8.04339318579413e-05	0	363569.099107629	363569.099107618
8.04389897504567e-05	0	363569.099107629	363569.099107618
8.04443590665074e-05	0	363569.099107629	363569.099107618
8.04500565313574e-05	0	363569.099107629	363569.099107618
8.04560996017702e-05	0	363569.099107629	363569.099107618
8.04625064873577e-05	0	363569.099107629	363569.099107618
8.04692961718921e-05	0	363569.099107629	363569.099107618
8.047648843453e-05	0	363569.099107629	363569.099107618
8.04841038708965e-05	0	363569.099107629	363569.099107618
8.0492163913975e-05	0	363569.099107629	363569.099107618
8.05006908547445e-05	0	363569.099107629	363569.099107618
8.05097078625041e-05	0	363569.099107629	363569.099107618
8.05192390048219e-05	0	363569.099107629	363569.099107618
8.05293092670417e-05	0	363569.099107629	363569.099107618
8.05399445712803e-05	0	363569.099107629	363569.099107618
8.05511717948436e-05	0	363569.099107629	363569.099107618
8.05630187879883e-05	0	363569.099107629	363569.099107618
8.05755143909537e-05	0	363569.099107629	363569.099107618
8.05886884501851e-05	0	363569.099107629	363569.099107618
8.06025718336687e-05	0	363569.099107629	363569.099107618
8.06171964452968e-05	0	363569.099107629	363569.099107618
8.06325952381768e-05	0	363569.099107629	363569.099107618
8.06488022268005e-05	0	363569.099107629	363569.099107618
8.06658524979847e-05	0	363569.099107629	363569.099107618
8.06837822204952e-05	0	363569.099107629	363569.099107618
8.07026286532633e-05	0	363569.099107629	363569.099107618
8.07224301521048e-05	0	363569.099107629	363569.099107618
8.07432261748484e-05	0	363569.099107629	363569.099107618
8.07650572847834e-05	0	363569.099107629	363569.099107618
8.07879651523316e-05	0	363569.099107629	363569.099107618
8.08119925548537e-05	0	363569.099107629	363569.099107618
8.08371833744959e-05	0	363569.099107629	363569.099107618
8.08635825939869e-05	0	363569.099107629	363569.099107618
8.0891236290294e-05	0	363569.099107629	363569.099107618
8.09201916260491e-05	0	363569.099107629	363569.099107618
8.09504968386575e-05	0	363569.099107629	363569.099107618
8.09822012270035e-05	0	363569.099107629	363569.099107618
8.10153551356694e-05	0	363569.099107629	363569.099107618
8.10500099365876e-05	0	363569.099107629	363569.099107618
8.10862180080477e-05	0	363569.099107629	363569.099107618
8.11240327109851e-05	0	363569.099107629	363569.099107618
8.11635083624804e-05	0	363569.099107629	363569.099107618
8.12047002064025e-05	0	363569.099107629	363569.099107618
8.12476643811357e-05	0	363569.099107629	363569.099107618
8.12924578843329e-05	0	363569.099107629	363569.099107618
8.13391385346435e-05	0	363569.099107629	363569.099107618
8.13877649303718e-05	0	363569.099107629	363569.099107618
8.14383964050245e-05	0	363569.099107629	363569.099107618
8.14910929797174e-05	0	363569.099107629	363569.099107618
8.1545915312412e-05	0	363569.099107629	363569.099107618
8.16029246439666e-05	0	363569.099107629	363569.099107618
8.16621827409885e-05	0	363569.099107629	363569.099107618
8.17237518354853e-05	0	363569.099107629	363569.099107618
8.17876945613211e-05	0	363569.099107629	363569.099107618
8.18540738874893e-05	0	363569.099107629	363569.099107618
8.19229530482283e-05	0	363569.099107629	363569.099107618
8.19943954700079e-05	0	363569.099107629	363569.099107618
8.20684646954313e-05	0	363569.099107629	363569.099107618
8.21452243041018e-05	0	363569.099107629	363569.099107618
8.22247378305154e-05	0	363569.099107629	363569.099107618
8.23070686790504e-05	0	363569.099107629	363569.099107618
8.23922800361359e-05	0	363569.099107629	363569.099107618
8.24804347796891e-05	0	363569.099107629	363569.099107618
8.25715953859239e-05	0	363569.099107629	363569.099107618
8.26658238336446e-05	0	363569.099107629	363569.099107618
8.27631815061446e-05	0	363569.099107629	363569.099107618
8.28637290908462e-05	0	363569.099107629	363569.099107618
8.29675264768226e-05	0	363569.099107629	363569.099107618
8.3074632650359e-05	0	363569.099107629	363569.099107618
8.31851055887136e-05	0	363569.099107629	363569.099107618
8.3299002152256e-05	0	363569.099107629	363569.099107618
8.34163779751639e-05	0	363569.099107629	363569.099107618
8.35372873548741e-05	0	363569.099107629	363569.099107618
8.36617831404894e-05	0	363569.099107629	363569.099107618
8.37899166203533e-05	0	363569.099107629	363569.099107618
8.39217374090123e-05	0	363569.099107629	363569.099107618
8.40572933337959e-05	0	363569.099107629	363569.099107618
8.41966303212473e-05	0	363569.099107629	363569.099107618
8.43397922836522e-05	0	363569.099107629	363569.099107618
8.44868210059112e-05	0	363569.099107629	363569.099107618
8.46377560330155e-05	0	363569.099107629	363569.099107618
8.47926345583844e-05	0	363569.099107629	363569.099107618
8.49514913133332e-05	0	363569.099107629	363569.099107618
8.511435845794e-05	0	363569.099107629	363569.099107618
8.5281265473586e-05	0	363569.099107629	363569.099107618
8.54522390574463e-05	0	363569.099107629	363569.099107618
8.56273030192073e-05	0	363569.099107629	363569.099107618
8.58064781802936e-05	0	363569.099107629	363569.099107618
8.59897822758799e-05	0	363569.099107629	363569.099107618
8.61772298599707e-05	0	363569.099107629	363569.099107618
8.63688322138225e-05	0	363569.099107629	363569.099107618
8.65645972579866e-05	0	363569.099107629	363569.099107618
8.67645294682413e-05	0	363569.099107629	363569.099107618
8.69686297956846e-05	0	363569.099107629	363569.099107618
8.7176895591248e-05	0	363569.099107629	363569.099107618
8.73893205348904e-05	0	363569.099107629	363569.099107618
8.760589456972e-05	0	363569.099107629	363569.099107618
8.78266038412892e-05	0	363569.099107629	363569.099107618
8.80514306422944e-05	0	363569.099107629	363569.099107618
8.82803533629055e-05	0	363569.099107629	363569.099107618
8.851334644694e-05	0	363569.099107629	363569.099107618
8.87503803540829e-05	0	363569.099107629	363569.099107618
8.89914215283447e-05	0	363569.099107629	363569.099107618
8.92364323729341e-05	0	363569.099107629	363569.099107618
8.94853712317104e-05	0	363569.099107629	363569.099107618
8.97381923773651e-05	0	363569.099107629	363569.099107618
8.99948460064683e-05	0	363569.099107629	363569.099107618
9.02552782414983e-05	0	363569.099107629	363569.099107618
9.05194311399581e-05	0	363569.099107629	363569.099107618
9.07872427106647e-05	0	363569.099107629	363569.099107618
9.10586469372796e-05	0	363569.099107629	363569.099107618
9.13335738091319e-05	0	363569.099107629	363569.099107618
9.16119493593666e-05	0	363569.099107629	363569.099107618
9.18936957104325e-05	0	363569.099107629	363569.099107618
9.2178731126904e-05	0	363569.099107629	363569.099107618
9.24669700756148e-05	0	363569.099107629	363569.099107618
9.27583232930583e-05	0	363569.099107629	363569.099107618
9.30526978599942e-05	0	363569.099107629	363569.099107618
9.33499972831785e-05	0	363569.099107629	363569.099107618
9.3650121584116e-05	0	363569.099107629	363569.099107618
9.39529673947146e-05	0	363569.099107629	363569.099107618
9.42584280597034e-05	0	363569.099107629	363569.099107618
9.45663937456541e-05	0	363569.099107629	363569.099107618
9.48767515564303e-05	0	363569.099107629	363569.099107618
9.51893856548705e-05	0	363569.099107629	363569.099107618
9.5504177390489e-05	0	363569.099107629	363569.099107618
9.5821005432969e-05	0	363569.099107629	363569.099107618
9.61397459111976e-05	0	363569.099107629	363569.099107618
9.64602725575818e-05	0	363569.099107629	363569.099107618
9.67824568573673e-05	0	363569.099107629	363569.099107618
9.71061682026681e-05	0	363569.099107629	363569.099107618
9.74312740508981e-05	0	363569.099107629	363569.099107618
9.77576400872884e-05	0	363569.099107629	363569.099107618
9.80851303911565e-05	0	363569.099107629	363569.099107618
9.84136076055863e-05	0	363569.099107629	363569.099107618
9.87429331101646e-05	0	363569.099107629	363569.099107618
9.90729671964143e-05	0	363569.099107629	363569.099107618
9.94035692455518e-05	0	363569.099107629	363569.099107618
9.97345979081952e-05	0	363569.099107629	363569.099107618
0.000100065911285636	0	363569.099107629	363569.099107618
0.000100397367112294	0	363569.099107629	363569.099107618
0.000100728822938951	0	363569.099107629	363569.099107618
0.000101060136316392	0	363569.099107629	363569.099107618
0.000101391164979035	0	363569.099107629	363569.099107618
0.000101721767028173	0	363569.099107629	363569.099107618
0.000102051801114423	0	363569.099107629	363569.099107618
0.000102381126619001	0	363569.099107629	363569.099107618
0.000102709603833431	0	363569.099107629	363569.099107618
0.000103037094137299	0	363569.099107629	363569.099107618
0.000103363460173689	0	363569.099107629	363569.099107618
0.000103688566021919	0	363569.099107629	363569.099107618
0.00010401227736722	0	363569.099107629	363569.099107618
0.000104334461667005	0	363569.099107629	363569.099107618
0.00010465498831339	0	363569.099107629	363569.099107618
0.000104973728791618	0	363569.099107629	363569.099107618
0.000105290556834098	0	363569.099107629	363569.099107618
0.000105605348569717	0	363569.099107629	363569.099107618
0.000105917982668157	0	363569.099107629	363569.099107618
0.000106228340478933	0	363569.099107629	363569.099107618
0.000106536306164884	0	363569.099107629	363569.099107618
0.000106841766829873	0	363569.099107629	363569.099107618
0.000107144612640471	0	363569.099107629	363569.099107618
0.000107444736941409	0	363569.099107629	363569.099107618
0.000107742036364593	0	363569.099107629	363569.099107618
0.000108036410931529	0	363569.099107629	363569.099107618
0.000108327764148972	0	363569.099107629	363569.099107618
0.000108616003097683	0	363569.099107629	363569.099107618
0.000108901038514155	0	363569.099107629	363569.099107618
0.000109182784865221	0	363569.099107629	363569.099107618
0.000109461160415455	0	363569.099107629	363569.099107618
0.000109736087287308	0	363569.099107629	363569.099107618
0.000110007491513922	0	363569.099107629	363569.099107618
0.000110275303084629	0	363569.099107629	363569.099107618
0.000110539455983089	0	363569.099107629	363569.099107618
0.000110799888218119	0	363569.099107629	363569.099107618
0.000111056541847222	0	363569.099107629	363569.099107618
0.000111309362992877	0	363569.099107629	363569.099107618
0.000111558301851653	0	363569.099107629	363569.099107618
0.000111803312696243	0	363569.099107629	363569.099107618
0.000112044353870504	0	363569.099107629	363569.099107618
0.000112281387777647	0	363569.099107629	363569.099107618
0.000112514380861682	0	363569.099107629	363569.099107618
0.000112743303582293	0	363569.099107629	363569.099107618
0.000112968130383298	0	363569.099107629	363569.099107618
0.000113188839654867	0	363569.099107629	363569.099107618
0.000113405413689697	0	363569.099107629	363569.099107618
0.000113617838633339	0	363569.099107629	363569.099107618
0.000113826104428903	0	363569.099107629	363569.099107618
0.000114030204756346	0	363569.099107629	363569.099107618
0.000114230136966601	0	363569.099107629	363569.099107618
0.000114425902010765	0	363569.099107629	363569.099107618
0.000114617504364617	0	363569.099107629	363569.099107618
0.000114804951948707	0	363569.099107629	363569.099107618
0.000114988256044294	0	363569.099107629	363569.099107618
0.00011516743120538	0	363569.099107629	363569.099107618
0.000115342495167141	0	363569.099107629	363569.099107618
0.000115513468751001	0	363569.099107629	363569.099107618
0.000115680375766647	0	363569.099107629	363569.099107618
0.000115843242911254	0	363569.099107629	363569.099107618
0.000116002099666203	0	363569.099107629	363569.099107618
0.000116156978191572	0	363569.099107629	363569.099107618
0.000116307913218676	0	363569.099107629	363569.099107618
0.000116454941940935	0	363569.099107629	363569.099107618
0.00011659810390334	0	363569.099107629	363569.099107618
0.000116737440890791	0	363569.099107629	363569.099107618
0.000116872996815575	0	363569.099107629	363569.099107618
0.000117004817604234	0	363569.099107629	363569.099107618
0.000117132951084098	0	363569.099107629	363569.099107618
0.000117257446869713	0	363569.099107629	363569.099107618
0.000117378356249423	0	363569.099107629	363569.099107618
0.000117495732072331	0	363569.099107629	363569.099107618
0.000117609628635874	0	363569.099107629	363569.099107618
0.000117720101574228	0	363569.099107629	363569.099107618
0.000117827207747765	0	363569.099107629	363569.099107618
0.000117931005133741	0	363569.099107629	363569.099107618
0.000118031552718443	0	363569.099107629	363569.099107618
0.000118128910390943	0	363569.099107629	363569.099107618
0.000118223138838663	0	363569.099107629	363569.099107618
0.000118314299444898	0	363569.099107629	363569.099107618
0.000118402454188451	0	363569.099107629	363569.099107618
0.000118487665545537	0	363569.099107629	363569.099107618
0.000118569996394072	0	363569.099107629	363569.099107618
0.000118649509920485	0	363569.099107629	363569.099107618
0.000118726269529156	0	363569.099107629	363569.099107618
0.000118800338754579	0	363569.099107629	363569.099107618
0.000118871781176359	0	363569.099107629	363569.099107618
0.000118940660337098	0	363569.099107629	363569.099107618
0.000119007039663266	0	363569.099107629	363569.099107618
0.000119070982389102	0	363569.099107629	363569.099107618
0.000119132551483599	0	363569.099107629	363569.099107618
0.000119191809580621	0	363569.099107629	363569.099107618
0.000119248818912175	0	363569.099107629	363569.099107618
0.00011930364124487	0	363569.099107629	363569.099107618
0.000119356337819563	0	363569.099107629	363569.099107618
0.000119406969294215	0	363569.099107629	363569.099107618
0.000119455595689944	0	363569.099107629	363569.099107618
0.000119502276340254	0	363569.099107629	363569.099107618
0.000119547069843452	0	363569.099107629	363569.099107618
0.000119590034018185	0	363569.099107629	363569.099107618
0.000119631225862107	0	363569.099107629	363569.099107618
0.000119670701513602	0	363569.099107629	363569.099107618
0.00011970851621654	0	363569.099107629	363569.099107618
0.000119744724288	0	363569.099107629	363569.099107618
0.000119779379088918	0	363569.099107629	363569.099107618
0.000119812532997584	0	363569.099107629	363569.099107618
0.00011984423738593	0	363569.099107629	363569.099107618
0.000119874542598538	0	363569.099107629	363569.099107618
0.000119903497934293	0	363569.099107629	363569.099107618
0.0001199311516306	0	363569.099107629	363569.099107618
0.000119957550850091	0	363569.099107629	363569.099107618
0.000119982741669734	0	363569.099107629	363569.099107618
0.000120006769072256	0	363569.099107629	363569.099107618
0.000120029676939804	0	363569.099107629	363569.099107618
0.000120051508049739	0	363569.099107629	363569.099107618
0.000120072304072482	0	363569.099107629	363569.099107618
0.000120092105571324	0	363569.099107629	363569.099107618
0.000120110952004092	0	363569.099107629	363569.099107618
0.000120128881726603	0	363569.099107629	363569.099107618
0.000120145931997787	0	363569.099107629	363569.099107618
0.00012016213898641	0	363569.099107629	363569.099107618
0.00012017753777929	0	363569.099107629	363569.099107618
0.000120192162390919	0	363569.099107629	363569.099107618
0.000120206045774402	0	363569.099107629	363569.099107618
0.000120219219833633	0	363569.099107629	363569.099107618
0.000120231715436599	0	363569.099107629	363569.099107618
0.000120243562429744	0	363569.099107629	363569.099107618
0.000120254789653307	0	363569.099107629	363569.099107618
0.000120265424957546	0	363569.099107629	363569.099107618
0.000120275495219765	0	363569.099107629	363569.099107618
0.000120285026362083	0	363569.099107629	363569.099107618
0.000120294043369843	0	363569.099107629	363569.099107618
0.000120302570310612	0	363569.099107629	363569.099107618
0.000120310630353691	0	363569.099107629	363569.099107618
0.000120318245790057	0	363569.099107629	363569.099107618
0.000120325438052695	0	363569.099107629	363569.099107618
0.00012033222773723	0	363569.099107629	363569.099107618
0.000120338634622817	0	363569.099107629	363569.099107618
0.00012034467769323	0	363569.099107629	363569.099107618
0.00012035037515808	0	363569.099107629	363569.099107618
0.000120355744474131	0	363569.099107629	363569.099107618
0.000120360802366646	0	363569.099107629	363569.099107618
0.000120365564850732	0	363569.099107629	363569.099107618
0.000120370047252626	0	363569.099107629	363569.099107618
0.000120374264230886	0	363569.099107629	363569.099107618
0.000120378229797461	0	363569.099107629	363569.099107618
0.000120381957338575	0	363569.099107629	363569.099107618
0.000120385459635422	0	363569.099107629	363569.099107618
0.000120388748884623	0	363569.099107629	363569.099107618
0.000120391836718421	0	363569.099107629	363569.099107618
0.000120394734224587	0	363569.099107629	363569.099107618
0.000120397451966019	0	363569.099107629	363569.099107618
0.0001204	0	363569.099107629	363569.099107618
