Voltage	Current, 0 suns
0	6.5118e-11
0.012	6.5134e-11
0.024	6.5167e-11
0.036	6.5199e-11
0.048	6.5232e-11
0.06	6.5264e-11
0.072	6.5295e-11
0.084	6.5327e-11
0.096	6.5358e-11
0.108	6.5389e-11
0.12	6.542e-11
0.132	6.5451e-11
0.144	6.5481e-11
0.156	6.5511e-11
0.168	6.5541e-11
0.18	6.5571e-11
0.192	6.56e-11
0.204	6.5629e-11
0.216	6.5658e-11
0.228	6.5687e-11
0.24	6.5715e-11
0.252	6.5743e-11
0.264	6.5771e-11
0.276	6.5799e-11
0.288	6.5826e-11
0.3	6.5853e-11
0.312	6.588e-11
0.324	6.5907e-11
0.336	6.5933e-11
0.348	6.596e-11
0.36	6.5986e-11
0.372	6.6012e-11
0.384	6.6037e-11
0.396	6.6062e-11
0.408	6.6088e-11
0.42	6.6112e-11
0.432	6.6137e-11
0.444	6.6162e-11
0.456	6.6186e-11
0.468	6.621e-11
0.48	6.6234e-11
0.492	6.6257e-11
0.504	6.6281e-11
0.516	6.6304e-11
0.528	6.6327e-11
0.54	6.6349e-11
0.552	6.6372e-11
0.564	6.6394e-11
0.576	6.6416e-11
0.588	6.6438e-11
0.6	6.646e-11
0.612	6.6481e-11
0.624	6.6503e-11
0.636	6.6524e-11
0.648	6.6545e-11
0.66	6.6566e-11
0.672	6.6586e-11
0.684	6.6606e-11
0.696	6.6627e-11
0.708	6.6647e-11
0.72	6.6666e-11
0.732	6.6686e-11
0.744	6.6705e-11
0.756	6.6725e-11
0.768	6.6744e-11
0.78	6.6763e-11
0.792	6.6781e-11
0.804	6.68e-11
0.816	6.6818e-11
0.828	6.6836e-11
0.84	6.6854e-11
0.852	6.6872e-11
0.864	6.689e-11
0.876	6.6908e-11
0.888	6.6925e-11
0.9	6.6942e-11
0.912	6.6959e-11
0.924	6.6976e-11
0.936	6.6993e-11
0.948	6.7009e-11
0.96	6.7026e-11
0.972	6.7042e-11
0.984	6.7058e-11
0.996	6.7074e-11
1.008	6.709e-11
1.02	6.7106e-11
1.032	6.7121e-11
1.044	6.7137e-11
1.056	6.7152e-11
1.068	6.7167e-11
1.08	6.7182e-11
1.092	6.7197e-11
1.104	6.7212e-11
1.116	6.7226e-11
1.128	6.7241e-11
1.14	6.7255e-11
1.152	6.7269e-11
1.164	6.7278e-11
1.176	6.567e-11
1.188	6.2193e-11
1.2	1.6277e-12
1.188	-6.2188e-11
1.176	-6.7297e-11
1.164	-6.7283e-11
1.152	-6.7269e-11
1.14	-6.7254e-11
1.128	-6.724e-11
1.116	-6.7226e-11
1.104	-6.7211e-11
1.092	-6.7197e-11
1.08	-6.7182e-11
1.068	-6.7167e-11
1.056	-6.7152e-11
1.044	-6.7136e-11
1.032	-6.7121e-11
1.02	-6.7105e-11
1.008	-6.709e-11
0.996	-6.7074e-11
0.984	-6.7058e-11
0.972	-6.7042e-11
0.96	-6.7026e-11
0.948	-6.7009e-11
0.936	-6.6993e-11
0.924	-6.6976e-11
0.912	-6.6959e-11
0.9	-6.6942e-11
0.888	-6.6925e-11
0.876	-6.6907e-11
0.864	-6.689e-11
0.852	-6.6872e-11
0.84	-6.6854e-11
0.828	-6.6836e-11
0.816	-6.6818e-11
0.804	-6.68e-11
0.792	-6.6781e-11
0.78	-6.6763e-11
0.768	-6.6744e-11
0.756	-6.6725e-11
0.744	-6.6705e-11
0.732	-6.6686e-11
0.72	-6.6666e-11
0.708	-6.6647e-11
0.696	-6.6627e-11
0.684	-6.6606e-11
0.672	-6.6586e-11
0.66	-6.6566e-11
0.648	-6.6545e-11
0.636	-6.6524e-11
0.624	-6.6503e-11
0.612	-6.6481e-11
0.6	-6.646e-11
0.588	-6.6438e-11
0.576	-6.6416e-11
0.564	-6.6394e-11
0.552	-6.6372e-11
0.54	-6.6349e-11
0.528	-6.6327e-11
0.516	-6.6304e-11
0.504	-6.6281e-11
0.492	-6.6257e-11
0.48	-6.6234e-11
0.468	-6.621e-11
0.456	-6.6186e-11
0.444	-6.6162e-11
0.432	-6.6137e-11
0.42	-6.6112e-11
0.408	-6.6088e-11
0.396	-6.6062e-11
0.384	-6.6037e-11
0.372	-6.6012e-11
0.36	-6.5986e-11
0.348	-6.596e-11
0.336	-6.5933e-11
0.324	-6.5907e-11
0.312	-6.588e-11
0.3	-6.5853e-11
0.288	-6.5826e-11
0.276	-6.5799e-11
0.264	-6.5771e-11
0.252	-6.5743e-11
0.24	-6.5715e-11
0.228	-6.5687e-11
0.216	-6.5658e-11
0.204	-6.5629e-11
0.192	-6.56e-11
0.18	-6.5571e-11
0.168	-6.5541e-11
0.156	-6.5511e-11
0.144	-6.5481e-11
0.132	-6.5451e-11
0.12	-6.542e-11
0.108	-6.5389e-11
0.096	-6.5358e-11
0.084	-6.5327e-11
0.072	-6.5295e-11
0.06	-6.5264e-11
0.048	-6.5232e-11
0.036	-6.5199e-11
0.024	-6.5167e-11
0.012	-6.5134e-11
0	-6.5101e-11
-0.012	-6.5068e-11
-0.024	-6.5034e-11
-0.036	-6.5e-11
-0.048	-6.4966e-11
-0.06	-6.4932e-11
-0.072	-6.4898e-11
-0.084	-6.4863e-11
-0.096	-6.4828e-11
-0.108	-6.4793e-11
-0.12	-6.4757e-11
-0.132	-6.4721e-11
-0.144	-6.4686e-11
-0.156	-6.4649e-11
-0.168	-6.4613e-11
-0.18	-6.4576e-11
-0.192	-6.4539e-11
-0.204	-6.4502e-11
-0.216	-6.4465e-11
-0.228	-6.4428e-11
-0.24	-6.439e-11
-0.252	-6.4352e-11
-0.264	-6.4314e-11
-0.276	-6.4275e-11
-0.288	-6.4237e-11
-0.3	-6.4198e-11
-0.312	-6.4159e-11
-0.324	-6.4119e-11
-0.336	-6.408e-11
-0.348	-6.404e-11
-0.36	-6.4e-11
-0.372	-6.396e-11
-0.384	-6.392e-11
-0.396	-6.388e-11
-0.408	-6.3839e-11
-0.42	-6.3798e-11
-0.432	-6.3757e-11
-0.444	-6.3716e-11
-0.456	-6.3675e-11
-0.468	-6.3633e-11
-0.48	-6.3592e-11
-0.492	-6.355e-11
-0.504	-6.3508e-11
-0.516	-6.3466e-11
-0.528	-6.3423e-11
-0.54	-6.3381e-11
-0.552	-6.3338e-11
-0.564	-6.3296e-11
-0.576	-6.3253e-11
-0.588	-6.321e-11
-0.6	-6.3167e-11
-0.612	-6.3123e-11
-0.624	-6.308e-11
-0.636	-6.3036e-11
-0.648	-6.2993e-11
-0.66	-6.2949e-11
-0.672	-6.2905e-11
-0.684	-6.2861e-11
-0.696	-6.2817e-11
-0.708	-6.2773e-11
-0.72	-6.2729e-11
-0.732	-6.2685e-11
-0.744	-6.2641e-11
-0.756	-6.2596e-11
-0.768	-6.2552e-11
-0.78	-6.2507e-11
-0.792	-6.2463e-11
-0.804	-6.2418e-11
-0.816	-6.2373e-11
-0.828	-6.2328e-11
-0.84	-6.2284e-11
-0.852	-6.2239e-11
-0.864	-6.2194e-11
-0.876	-6.2149e-11
-0.888	-6.2104e-11
-0.9	-6.2059e-11
-0.912	-6.2014e-11
-0.924	-6.1969e-11
-0.936	-6.1924e-11
-0.948	-6.1879e-11
-0.96	-6.1834e-11
-0.972	-6.1789e-11
-0.984	-6.1744e-11
-0.996	-6.1698e-11
-1.008	-6.1653e-11
-1.02	-6.1608e-11
-1.032	-6.1563e-11
-1.044	-6.1518e-11
-1.056	-6.1473e-11
-1.068	-6.1428e-11
-1.08	-6.1383e-11
-1.092	-6.1338e-11
-1.104	-6.1293e-11
-1.116	-6.1248e-11
-1.128	-6.1203e-11
-1.14	-6.1158e-11
-1.152	-6.1114e-11
-1.164	-6.1069e-11
-1.176	-6.1024e-11
-1.188	-6.0473e-11
-1.2	7.9851e-19
-1.188	6.0473e-11
-1.176	6.1024e-11
-1.164	6.1069e-11
-1.152	6.1114e-11
-1.14	6.1158e-11
-1.128	6.1203e-11
-1.116	6.1248e-11
-1.104	6.1293e-11
-1.092	6.1338e-11
-1.08	6.1383e-11
-1.068	6.1428e-11
-1.056	6.1473e-11
-1.044	6.1518e-11
-1.032	6.1563e-11
-1.02	6.1608e-11
-1.008	6.1653e-11
-0.996	6.1698e-11
-0.984	6.1744e-11
-0.972	6.1789e-11
-0.96	6.1834e-11
-0.948	6.1879e-11
-0.936	6.1924e-11
-0.924	6.1969e-11
-0.912	6.2014e-11
-0.9	6.2059e-11
-0.888	6.2104e-11
-0.876	6.2149e-11
-0.864	6.2194e-11
-0.852	6.2239e-11
-0.84	6.2284e-11
-0.828	6.2328e-11
-0.816	6.2373e-11
-0.804	6.2418e-11
-0.792	6.2463e-11
-0.78	6.2507e-11
-0.768	6.2552e-11
-0.756	6.2596e-11
-0.744	6.2641e-11
-0.732	6.2685e-11
-0.72	6.2729e-11
-0.708	6.2773e-11
-0.696	6.2817e-11
-0.684	6.2861e-11
-0.672	6.2905e-11
-0.66	6.2949e-11
-0.648	6.2993e-11
-0.636	6.3036e-11
-0.624	6.308e-11
-0.612	6.3123e-11
-0.6	6.3167e-11
-0.588	6.321e-11
-0.576	6.3253e-11
-0.564	6.3296e-11
-0.552	6.3338e-11
-0.54	6.3381e-11
-0.528	6.3423e-11
-0.516	6.3466e-11
-0.504	6.3508e-11
-0.492	6.355e-11
-0.48	6.3592e-11
-0.468	6.3633e-11
-0.456	6.3675e-11
-0.444	6.3716e-11
-0.432	6.3757e-11
-0.42	6.3798e-11
-0.408	6.3839e-11
-0.396	6.388e-11
-0.384	6.392e-11
-0.372	6.396e-11
-0.36	6.4e-11
-0.348	6.404e-11
-0.336	6.408e-11
-0.324	6.4119e-11
-0.312	6.4159e-11
-0.3	6.4198e-11
-0.288	6.4237e-11
-0.276	6.4275e-11
-0.264	6.4314e-11
-0.252	6.4352e-11
-0.24	6.439e-11
-0.228	6.4428e-11
-0.216	6.4465e-11
-0.204	6.4502e-11
-0.192	6.4539e-11
-0.18	6.4576e-11
-0.168	6.4613e-11
-0.156	6.4649e-11
-0.144	6.4686e-11
-0.132	6.4721e-11
-0.12	6.4757e-11
-0.108	6.4793e-11
-0.096	6.4828e-11
-0.084	6.4863e-11
-0.072	6.4898e-11
-0.06	6.4932e-11
-0.048	6.4966e-11
-0.036	6.5e-11
-0.024	6.5034e-11
-0.012	6.5068e-11
0	6.5084e-11
