Position  (cm)	V (V)	n (cm-3)	p (cm-3)
0	0	6.3254650960552e-07	6.3254650960552e-07
2.71772990163398e-09	-2.43549244777624e-29	6.32534116349289e-07	6.32534116349289e-07
5.61522377519022e-09	-5.03208029938039e-29	6.32520903342367e-07	6.32520903342367e-07
8.70304447246179e-09	-7.79922944976901e-29	6.32506822416564e-07	6.32506822416564e-07
1.19922797183434e-08	-1.07468761586961e-28	6.32491823010191e-07	6.32491823010191e-07
1.54945617061906e-08	-1.38854446110859e-28	6.32475852078701e-07	6.32475852078701e-07
1.92220870050832e-08	-1.7225864756918e-28	6.32458854003907e-07	6.32458854003907e-07
2.31876367551388e-08	-2.07795904092482e-28	6.32440770501893e-07	6.32440770501893e-07
2.74045971246653e-08	-2.45586175768776e-28	6.32421540529723e-07	6.32421540529723e-07
3.18869800006108e-08	-2.85755030060896e-28	6.32401100191088e-07	6.32401100191088e-07
3.66494438812692e-08	-3.28433829036384e-28	6.32379382641037e-07	6.32379382641037e-07
4.17073149377636e-08	-3.73759918109889e-28	6.32356317989929e-07	6.32356317989929e-07
4.70766082081932e-08	-4.2187681597441e-28	6.32331833206787e-07	6.32331833206787e-07
5.27740488858083e-08	-4.72934405375191e-28	6.3230585202222e-07	6.3230585202222e-07
5.88170936598415e-08	-5.2708912435548e-28	6.32278294831104e-07	6.32278294831104e-07
6.52239520650348e-08	-5.84504157580223e-28	6.32249078595229e-07	6.32249078595229e-07
7.20136077930864e-08	-6.45349627318502e-28	6.32218116746111e-07	6.32218116746111e-07
7.92058399166006e-08	-7.09802783641872e-28	6.3218531908821e-07	6.3218531908821e-07
8.68212439733243e-08	-7.78048193370642e-28	6.32150591702784e-07	6.32150591702784e-07
9.48812528557274e-08	-8.50277927275763e-28	6.32113836852626e-07	6.32113836852626e-07
1.03408157448231e-07	-9.26691745019256e-28	6.32074952887959e-07	6.32074952887959e-07
1.12425126951681e-07	-1.0074972772919e-27	6.32033834153747e-07	6.32033834153747e-07
1.21956228831962e-07	-1.09291020458263e-27	6.31990370898736e-07	6.31990370898736e-07
1.32026448326952e-07	-1.18315443199002e-27	6.3194444918649e-07	6.3194444918649e-07
1.426617074435e-07	-1.27846225946368e-27	6.31895950808769e-07	6.31895950808769e-07
1.53888883373445e-07	-1.37907454683923e-27	6.31844753201543e-07	6.31844753201543e-07
1.65735826255337e-07	-1.48524087300995e-27	6.31790729364001e-07	6.31790729364001e-07
1.78231376206037e-07	-1.59721968855537e-27	6.31733747780881e-07	6.31733747780881e-07
1.91405379544178e-07	-1.71527846112775e-27	6.31673672348492e-07	6.31673672348492e-07
2.05288704125235e-07	-1.83969381287721e-27	6.31610362304779e-07	6.31610362304779e-07
2.19913253705957e-07	-1.97075164917859e-27	6.31543672163824e-07	6.31543672163824e-07
2.35311981253984e-07	-2.10874727790545e-27	6.31473451655149e-07	6.31473451655149e-07
2.51518901116774e-07	-2.25398551848188e-27	6.31399545668225e-07	6.31399545668225e-07
2.68569099962338e-07	-2.40678079992789e-27	6.31321794202578e-07	6.31321794202578e-07
2.86498746402977e-07	-2.56745724710246e-27	6.3124003232391e-07	6.3124003232391e-07
3.05345099211968e-07	-2.73634875433728e-27	6.31154090126622e-07	6.31154090126622e-07
3.25146514042238e-07	-2.91379904564622e-27	6.3106379270318e-07	6.3106379270318e-07
3.45942448555267e-07	-3.10016172068789e-27	6.30968960120727e-07	6.30968960120727e-07
3.67773465868075e-07	-3.29580028565581e-27	6.3086940740536e-07	6.3086940740536e-07
3.90681236225808e-07	-3.5010881682673e-27	6.30764944534508e-07	6.30764944534508e-07
4.14708536807577e-07	-3.71640871602353e-27	6.30655376437814e-07	6.30655376437814e-07
4.39899249573468e-07	-3.94215517691551e-27	6.30540503006955e-07	6.30540503006955e-07
4.66298357061353e-07	-4.17873066175715e-27	6.30420119114806e-07	6.30420119114806e-07
4.93951936042986e-07	-4.42654808733445e-27	6.30294014644374e-07	6.30294014644374e-07
5.22907148950204e-07	-4.68603009957147e-27	6.3016197452789e-07	6.3016197452789e-07
5.5321223298367e-07	-4.95760897592831e-27	6.30023778796481e-07	6.30023778796481e-07
5.8491648681848e-07	-5.24172650626353e-27	6.29879202640789e-07	6.29879202640789e-07
6.18070254823344e-07	-5.53883385141438e-27	6.29728016482937e-07	6.29728016482937e-07
6.52724908712662e-07	-5.84939137877193e-27	6.29569986060197e-07	6.29569986060197e-07
6.88932826553908e-07	-6.17386847415588e-27	6.29404872520721e-07	6.29404872520721e-07
7.26747369056153e-07	-6.51274332932424e-27	6.29232432531667e-07	6.29232432531667e-07
7.66222853069321e-07	-6.8665027044871e-27	6.29052418400048e-07	6.29052418400048e-07
8.07414522228046e-07	-7.23564166523158e-27	6.28864578206598e-07	6.28864578206598e-07
8.50378514678524e-07	-7.62066329330622e-27	6.28668655952946e-07	6.28668655952946e-07
8.95171827831744e-07	-8.02207837075716e-27	6.28464391722343e-07	6.28464391722343e-07
9.418522800919e-07	-8.44040503695749e-27	6.28251521854189e-07	6.28251521854189e-07
9.90478469514468e-07	-8.87616841812191e-27	6.28029779132556e-07	6.28029779132556e-07
1.04110972935466e-06	-9.32990022895425e-27	6.27798892988895e-07	6.27798892988895e-07
1.09380608047341e-06	-9.80213834613397e-27	6.27558589719074e-07	6.27558589719074e-07
1.14862818057504e-06	-1.02934263534097e-26	6.27308592714856e-07	6.27308592714856e-07
1.20563727025797e-06	-1.0804313058133e-26	6.27048622709922e-07	6.27048622709922e-07
1.26489511586741e-06	-1.13353519791327e-26	6.26778398040467e-07	6.26778398040467e-07
1.32646394914704e-06	-1.18871008059045e-26	6.26497634920401e-07	6.26497634920401e-07
1.39040640369498e-06	-1.24601208291605e-26	6.26206047731116e-07	6.26206047731116e-07
1.45678544823779e-06	-1.30549763428648e-26	6.25903349325769e-07	6.25903349325769e-07
1.52566431674532e-06	-1.36722340179582e-26	6.25589251347967e-07	6.25589251347967e-07
1.59710643541841e-06	-1.43124622480587e-26	6.25263464564714e-07	6.25263464564714e-07
1.6711753465907e-06	-1.49762304675078e-26	6.24925699213434e-07	6.24925699213434e-07
1.74793462959565e-06	-1.56641084422207e-26	6.24575665362823e-07	6.24575665362823e-07
1.82744781865966e-06	-1.6376665533886e-26	6.24213073287274e-07	6.24213073287274e-07
1.90977831789222e-06	-1.711446993815e-26	6.23837633854531e-07	6.23837633854531e-07
1.99498931345425e-06	-1.78780878975142e-26	6.23449058926219e-07	6.23449058926219e-07
2.08314368299602e-06	-1.86680828897628e-26	6.23047061770814e-07	6.23047061770814e-07
2.17430390246665e-06	-1.94850147928372e-26	6.22631357488613e-07	6.22631357488613e-07
2.2685319504073e-06	-2.03294390271595e-26	6.22201663448165e-07	6.22201663448165e-07
2.36588920985104e-06	-2.12019056765088e-26	6.21757699733629e-07	6.21757699733629e-07
2.46643636796251e-06	-2.21029585886421e-26	6.21299189602424e-07	6.21299189602424e-07
2.57023331356107e-06	-2.3033134456949e-26	6.20825859952548e-07	6.20825859952548e-07
2.67733903268147e-06	-2.39929618845187e-26	6.20337441798827e-07	6.20337441798827e-07
2.78781150233612e-06	-2.49829604320909e-26	6.19833670757385e-07	6.19833670757385e-07
2.90170758265315e-06	-2.60036396514522e-26	6.19314287537504e-07	6.19314287537504e-07
3.01908290757432e-06	-2.70554981059251e-26	6.18779038440059e-07	6.18779038440059e-07
3.13999177430611e-06	-2.81390223796855e-26	6.18227675861641e-07	6.18227675861641e-07
3.26448703172713e-06	-2.92546860777246e-26	6.1765995880343e-07	6.1765995880343e-07
3.39261996796315e-06	-3.04029488183547e-26	6.17075653383877e-07	6.17075653383877e-07
3.52444019735036e-06	-3.15842552202296e-26	6.16474533354161e-07	6.16474533354161e-07
3.65999554701504e-06	-3.27990338859299e-26	6.1585638061541e-07	6.1585638061541e-07
3.79933194330588e-06	-3.40476963842259e-26	6.1522098573658e-07	6.1522098573658e-07
3.94249329832204e-06	-3.53306362331996e-26	6.14568148471909e-07	6.14568148471909e-07
4.089521396787e-06	-3.66482278864655e-26	6.13897678276787e-07	6.13897678276787e-07
4.24045578352403e-06	-3.8000825724782e-26	6.13209394820885e-07	6.13209394820885e-07
4.39533365179475e-06	-3.93887630553984e-26	6.12503128497347e-07	6.12503128497347e-07
4.55418973276703e-06	-4.08123511215222e-26	6.11778720926836e-07	6.11778720926836e-07
4.71705618638251e-06	-4.22718781243278e-26	6.11036025455191e-07	6.11036025455191e-07
4.88396249389745e-06	-4.37676082599628e-26	6.10274907643459e-07	6.10274907643459e-07
5.05493535237346e-06	-4.52997807740265e-26	6.09495245749033e-07	6.09495245749033e-07
5.22999857139624e-06	-4.68686090360156e-26	6.08696931196627e-07	6.08696931196627e-07
5.40917297230175e-06	-4.84742796362403e-26	6.07879869037827e-07	6.07879869037827e-07
5.59247629018959e-06	-5.01169515077167e-26	6.07043978397914e-07	6.07043978397914e-07
5.77992307900238e-06	-5.17967550755375e-26	6.06189192908728e-07	6.06189192908728e-07
5.97152461994902e-06	-5.35137914362057e-26	6.05315461126261e-07	6.05315461126261e-07
6.16728883354697e-06	-5.52681315694041e-26	6.04422746931767e-07	6.04422746931767e-07
6.36722019555563e-06	-5.70598155846307e-26	6.03511029915109e-07	6.03511029915109e-07
6.57131965706889e-06	-5.88888520051089e-26	6.02580305739158e-07	6.02580305739158e-07
6.77958456902964e-06	-6.07552170913251e-26	6.01630586484011e-07	6.01630586484011e-07
6.99200861142341e-06	-6.26588542064977e-26	6.00661900969883e-07	6.00661900969883e-07
7.20858172740124e-06	-6.45996732262191e-26	5.99674295057514e-07	5.99674295057514e-07
7.42929006257429e-06	-6.65775499944452e-26	5.98667831924997e-07	5.98667831924997e-07
7.65411590971395e-06	-6.85923258279251e-26	5.97642592319951e-07	5.97642592319951e-07
7.88303765908189e-06	-7.06438070710845e-26	5.96598674786027e-07	5.96598674786027e-07
8.11602975460396e-06	-7.27317647032779e-26	5.95536195862758e-07	5.95536195862758e-07
8.3530626560906e-06	-7.48559340002283e-26	5.94455290257842e-07	5.94455290257842e-07
8.59410280769467e-06	-7.70160142513596e-26	5.93356110990978e-07	5.93356110990978e-07
8.83911261278437e-06	-7.92116685346229e-26	5.92238829508449e-07	5.92238829508449e-07
9.08805041539565e-06	-8.14425235502806e-26	5.91103635767704e-07	5.91103635767704e-07
9.3408704884141e-06	-8.37081695149988e-26	5.89950738291246e-07	5.89950738291246e-07
9.59752302862105e-06	-8.60081601174536e-26	5.88780364189228e-07	5.88780364189228e-07
9.85795415872344e-06	-8.8342012536522e-26	5.87592759150191e-07	5.87592759150191e-07
1.01221059364702e-05	-9.07092075229778e-26	5.86388187399497e-07	5.86388187399497e-07
1.03899163709411e-05	-9.31091895454655e-26	5.85166931625045e-07	5.85166931625045e-07
1.06613194460779e-05	-9.55413670013699e-26	5.83929292869969e-07	5.83929292869969e-07
1.09362451515067e-05	-9.80051124930356e-26	5.8267559039208e-07	5.8267559039208e-07
1.12146195206863e-05	-1.00499763169632e-25	5.81406161489909e-07	5.81406161489909e-07
1.14963646763958e-05	-1.03024621134789e-25	5.80121361295268e-07	5.80121361295268e-07
1.17813988835567e-05	-1.0557895391996e-25	5.78821562532385e-07	5.78821562532385e-07
1.20696366093652e-05	-1.08161995023305e-25	5.7750715524368e-07	5.7750715524368e-07
1.23609885906936e-05	-1.107729445137e-25	5.76178546482413e-07	5.76178546482413e-07
1.26553619086959e-05	-1.13410969699318e-25	5.74836159972466e-07	5.74836159972466e-07
1.29526600705374e-05	-1.16075205860049e-25	5.73480435735649e-07	5.73480435735648e-07
1.3252783098147e-05	-1.1876475704285e-25	5.72111829686968e-07	5.72111829686968e-07
1.35556276238713e-05	-1.21478696918954e-25	5.70730813198439e-07	5.70730813198439e-07
1.38610869928918e-05	-1.24216069701677e-25	5.69337872632039e-07	5.69337872632039e-07
1.41690513722462e-05	-1.26975891123414e-25	5.67933508842561e-07	5.6793350884256e-07
1.44794078662773e-05	-1.29757149470233e-25	5.66518236651144e-07	5.66518236651144e-07
1.47920406383146e-05	-1.32558806672325e-25	5.65092584290392e-07	5.65092584290392e-07
1.51068310383762e-05	-1.35379799448402e-25	5.63657092822029e-07	5.63657092822029e-07
1.542365773666e-05	-1.38219040501979e-25	5.62212315528161e-07	5.62212315528161e-07
1.57423968625785e-05	-1.41075419767334e-25	5.60758817277259e-07	5.60758817277259e-07
1.60629221490743e-05	-1.43947805702796e-25	5.59297173866053e-07	5.59297173866053e-07
1.63851050819388e-05	-1.46835046628849e-25	5.57827971338624e-07	5.57827971338624e-07
1.67088150538398e-05	-1.49735972108464e-25	5.56351805284007e-07	5.56351805284007e-07
1.70339195227535e-05	-1.52649394366882e-25	5.54869280113723e-07	5.54869280113723e-07
1.73602841744809e-05	-1.55574109748007e-25	5.53381008320677e-07	5.53381008320677e-07
1.76877730889163e-05	-1.5850890020441e-25	5.5188760972095e-07	5.5188760972095e-07
1.80162489097262e-05	-1.61452534817918e-25	5.50389710680038e-07	5.50389710680038e-07
1.83455730170857e-05	-1.64403771347584e-25	5.48887943325146e-07	5.48887943325146e-07
1.86756057031102e-05	-1.67361357801817e-25	5.47382944745197e-07	5.47382944745196e-07
1.90062063496129e-05	-1.70324034031362e-25	5.45875356180223e-07	5.45875356180223e-07
1.93372336078115e-05	-1.73290533339729e-25	5.44365822201889e-07	5.44365822201889e-07
1.96685455795999e-05	-1.76259584107671e-25	5.42854989886854e-07	5.42854989886853e-07
2e-05	-1.79229911428213e-25	5.41343507984768e-07	5.41343507984768e-07
2.03314544204001e-05	-1.82200238748757e-25	5.3983202608268e-07	5.3983202608268e-07
2.06627663921885e-05	-1.85169289516697e-25	5.38321193767639e-07	5.38321193767638e-07
2.09937936503871e-05	-1.88135788825063e-25	5.36811659789295e-07	5.36811659789295e-07
2.13243942968898e-05	-1.91098465054605e-25	5.35304071224308e-07	5.35304071224308e-07
2.16544269829143e-05	-1.94056051508836e-25	5.33799072644341e-07	5.33799072644341e-07
2.19837510902738e-05	-1.970072880385e-25	5.32297305289428e-07	5.32297305289428e-07
2.23122269110837e-05	-1.99950922652006e-25	5.30799406248491e-07	5.30799406248491e-07
2.26397158255191e-05	-2.02885713108409e-25	5.29306007648736e-07	5.29306007648736e-07
2.29660804772465e-05	-2.05810428489534e-25	5.27817735855658e-07	5.27817735855658e-07
2.32911849461602e-05	-2.08723850747954e-25	5.26335210685338e-07	5.26335210685338e-07
2.36148949180612e-05	-2.11624776227569e-25	5.24859044630681e-07	5.24859044630681e-07
2.39370778509257e-05	-2.14512017153621e-25	5.23389842103209e-07	5.23389842103209e-07
2.42576031374215e-05	-2.17384403089084e-25	5.21928198691957e-07	5.21928198691957e-07
2.457634226334e-05	-2.20240782354441e-25	5.20474700441005e-07	5.20474700441005e-07
2.48931689616238e-05	-2.23080023408019e-25	5.19029923147085e-07	5.19029923147084e-07
2.52079593616854e-05	-2.25901016184097e-25	5.17594431678665e-07	5.17594431678665e-07
2.55205921337227e-05	-2.28702673386191e-25	5.16168779317854e-07	5.16168779317854e-07
2.58309486277538e-05	-2.31483931733013e-25	5.14753507126375e-07	5.14753507126375e-07
2.61389130071082e-05	-2.34243753154755e-25	5.13349143336832e-07	5.13349143336832e-07
2.64443723761287e-05	-2.36981125937483e-25	5.11956202770364e-07	5.11956202770364e-07
2.6747216901853e-05	-2.39695065813592e-25	5.10575186281764e-07	5.10575186281764e-07
2.70473399294626e-05	-2.42384616996399e-25	5.09206580233011e-07	5.09206580233011e-07
2.73446380913041e-05	-2.45048853157136e-25	5.07850855996118e-07	5.07850855996117e-07
2.76390114093064e-05	-2.47686878342762e-25	5.06508469486093e-07	5.06508469486093e-07
2.79303633906348e-05	-2.50297827833165e-25	5.05179860724746e-07	5.05179860724746e-07
2.82186011164433e-05	-2.52880868936518e-25	5.03865453435959e-07	5.03865453435959e-07
2.85036353236042e-05	-2.55435201721697e-25	5.02565654672992e-07	5.02565654672991e-07
2.87853804793137e-05	-2.57960059686861e-25	5.01280854478265e-07	5.01280854478265e-07
2.90637548484933e-05	-2.60454710363467e-25	5.00011425576006e-07	5.00011425576006e-07
2.93386805539221e-05	-2.62918455855142e-25	4.98757723098028e-07	4.98757723098028e-07
2.96100836290589e-05	-2.65350633311055e-25	4.97520084342861e-07	4.97520084342861e-07
2.98778940635298e-05	-2.6775061533355e-25	4.96298828568317e-07	4.96298828568317e-07
3.01420458412766e-05	-2.70117810320014e-25	4.9509425681753e-07	4.9509425681753e-07
3.0402476971379e-05	-2.72451662739089e-25	4.93906651778399e-07	4.93906651778399e-07
3.06591295115859e-05	-2.74751653341549e-25	4.92736277676285e-07	4.92736277676285e-07
3.09119495846044e-05	-2.7701729930627e-25	4.91583380199731e-07	4.91583380199731e-07
3.11608873872156e-05	-2.79248154321931e-25	4.90448186458889e-07	4.90448186458889e-07
3.14058971923053e-05	-2.814438086052e-25	4.89330904976263e-07	4.89330904976263e-07
3.16469373439094e-05	-2.83603888856336e-25	4.88231725709301e-07	4.88231725709301e-07
3.1883970245396e-05	-2.85728058153291e-25	4.87150820104286e-07	4.87150820104286e-07
3.21169623409181e-05	-2.87816015785491e-25	4.86088341180919e-07	4.86088341180919e-07
3.23458840902861e-05	-2.89867497028655e-25	4.85044423646896e-07	4.85044423646896e-07
3.25707099374257e-05	-2.91882272862139e-25	4.84019184041751e-07	4.84019184041751e-07
3.27914182725988e-05	-2.93860149630371e-25	4.83012720909135e-07	4.83012720909135e-07
3.30079913885766e-05	-2.95800968650099e-25	4.82025114996668e-07	4.82025114996668e-07
3.32204154309704e-05	-2.97704605765279e-25	4.81056429482441e-07	4.81056429482441e-07
3.34286803429311e-05	-2.99570970851505e-25	4.80106710227196e-07	4.80106710227196e-07
3.36327798044444e-05	-3.01400007271993e-25	4.79175986051148e-07	4.79175986051148e-07
3.3832711166453e-05	-3.03191691287228e-25	4.78264269034393e-07	4.78264269034393e-07
3.4028475380051e-05	-3.04946031420436e-25	4.77371554839803e-07	4.77371554839802e-07
3.42200769209976e-05	-3.06663067781114e-25	4.76497823057241e-07	4.7649782305724e-07
3.44075237098104e-05	-3.08342871348944e-25	4.75643037567959e-07	4.75643037567959e-07
3.45908270276982e-05	-3.09985543220431e-25	4.74807146927953e-07	4.74807146927953e-07
3.47700014286038e-05	-3.11591213820666e-25	4.7399008476906e-07	4.73990084769059e-07
3.49450646476265e-05	-3.13160042082665e-25	4.73191770216563e-07	4.73191770216563e-07
3.51160375061026e-05	-3.1469221459674e-25	4.72412108322046e-07	4.72412108322045e-07
3.52829438136175e-05	-3.16187944732387e-25	4.71650990510224e-07	4.71650990510224e-07
3.5445810267233e-05	-3.17647471735204e-25	4.70908295038491e-07	4.70908295038491e-07
3.56046663482053e-05	-3.1907105980134e-25	4.70183887467893e-07	4.70183887467893e-07
3.5759544216476e-05	-3.20458997131969e-25	4.6947762114427e-07	4.69477621144269e-07
3.5910478603213e-05	-3.21811594970298e-25	4.68789337688283e-07	4.68789337688282e-07
3.6057506701678e-05	-3.23129186623577e-25	4.68118867493078e-07	4.68118867493077e-07
3.62006680566941e-05	-3.24412126472563e-25	4.67466030228325e-07	4.67466030228325e-07
3.6340004452985e-05	-3.2566078897087e-25	4.66830635349415e-07	4.66830635349415e-07
3.64755598026496e-05	-3.2687556763658e-25	4.66212482610586e-07	4.66212482610585e-07
3.66073800320368e-05	-3.28056874038466e-25	4.65611362580793e-07	4.65611362580793e-07
3.67355129682729e-05	-3.29205136779107e-25	4.65027057161165e-07	4.65027057161164e-07
3.68600082256939e-05	-3.30320800477155e-25	4.6445934010288e-07	4.6445934010288e-07
3.69809170924257e-05	-3.31404324750922e-25	4.63907977524389e-07	4.63907977524389e-07
3.70982924173468e-05	-3.32456183205404e-25	4.63372728426874e-07	4.63372728426874e-07
3.72121884976639e-05	-3.33476862424775e-25	4.62853345206924e-07	4.62853345206924e-07
3.73226609673185e-05	-3.34466860972356e-25	4.62349574165415e-07	4.62349574165415e-07
3.74297666864389e-05	-3.35426688399934e-25	4.61861156011629e-07	4.61861156011628e-07
3.75335636320375e-05	-3.3635686426825e-25	4.61387826361688e-07	4.61387826361687e-07
3.7634110790149e-05	-3.37257917180394e-25	4.60929316230421e-07	4.60929316230421e-07
3.77314680495927e-05	-3.38130383829754e-25	4.60485352515824e-07	4.60485352515823e-07
3.78256960975334e-05	-3.38974808064085e-25	4.60055658475317e-07	4.60055658475317e-07
3.7916856317004e-05	-3.39791739967167e-25	4.59639954193059e-07	4.59639954193058e-07
3.80050106865458e-05	-3.40581734959424e-25	4.59237957037598e-07	4.59237957037598e-07
3.80902216821078e-05	-3.41345352918797e-25	4.58849382109231e-07	4.58849382109231e-07
3.81725521813403e-05	-3.4208315732307e-25	4.58473942676436e-07	4.58473942676436e-07
3.82520653704044e-05	-3.42795714414744e-25	4.58111350600836e-07	4.58111350600835e-07
3.83288246534093e-05	-3.43483592389466e-25	4.57761316750175e-07	4.57761316750175e-07
3.84028935645816e-05	-3.44147360608924e-25	4.57423551398847e-07	4.57423551398847e-07
3.84743356832547e-05	-3.44787588839033e-25	4.57097764615548e-07	4.57097764615548e-07
3.85432145517622e-05	-3.45404846514138e-25	4.567836666377e-07	4.567836666377e-07
3.8609593596305e-05	-3.45999702027853e-25	4.5648096823231e-07	4.56480968232309e-07
3.8673536050853e-05	-3.46572722051118e-25	4.56189381042983e-07	4.56189381042983e-07
3.87351048841326e-05	-3.47124470877899e-25	4.55908617922876e-07	4.55908617922876e-07
3.8794362729742e-05	-3.47655509798905e-25	4.55638393253382e-07	4.55638393253382e-07
3.8851371819425e-05	-3.48166396503634e-25	4.5537842324841e-07	4.5537842324841e-07
3.89061939195266e-05	-3.48657684510916e-25	4.55128426244156e-07	4.55128426244156e-07
3.89588902706453e-05	-3.491299226281e-25	4.54888122974299e-07	4.54888122974299e-07
3.90095215304855e-05	-3.49583654438939e-25	4.54657236830605e-07	4.54657236830605e-07
3.90581477199081e-05	-3.50019417820111e-25	4.54435494108939e-07	4.54435494108939e-07
3.91048281721683e-05	-3.50437744486318e-25	4.54222624240754e-07	4.54222624240753e-07
3.91496214853215e-05	-3.50839159563776e-25	4.5401836001012e-07	4.5401836001012e-07
3.9192585477772e-05	-3.51224181191858e-25	4.53822437756439e-07	4.53822437756439e-07
3.92337771469307e-05	-3.51593320152609e-25	4.53634597562961e-07	4.53634597562961e-07
3.92732526309438e-05	-3.51947079527781e-25	4.53454583431315e-07	4.53454583431315e-07
3.93110671734461e-05	-3.52285954382957e-25	4.53282143442236e-07	4.53282143442235e-07
3.93472750912873e-05	-3.52610431478348e-25	4.53117029902735e-07	4.53117029902735e-07
3.93819297451767e-05	-3.52920989005712e-25	4.52958999479972e-07	4.52958999479972e-07
3.94150835131815e-05	-3.53218096350867e-25	4.52807813322097e-07	4.52807813322097e-07
3.94467877670163e-05	-3.53502213881208e-25	4.52663237166383e-07	4.52663237166383e-07
3.94770928510498e-05	-3.5377379275757e-25	4.52525041434953e-07	4.52525041434953e-07
3.9506048063957e-05	-3.54033274769812e-25	4.52393001318449e-07	4.52393001318449e-07
3.95337016429387e-05	-3.54281092195394e-25	4.52266896847998e-07	4.52266896847998e-07
3.95601007504265e-05	-3.54517667680239e-25	4.52146512955831e-07	4.52146512955831e-07
3.95852914631924e-05	-3.54743414141135e-25	4.52031639524954e-07	4.52031639524954e-07
3.96093187637742e-05	-3.54958734688894e-25	4.51922071428244e-07	4.51922071428244e-07
3.96322265341319e-05	-3.55164022571509e-25	4.51817608557376e-07	4.51817608557376e-07
3.96540575514447e-05	-3.55359661136482e-25	4.51718055841994e-07	4.51718055841994e-07
3.96748534859578e-05	-3.55546023811529e-25	4.51623223259526e-07	4.51623223259526e-07
3.9694654900788e-05	-3.55723474102843e-25	4.51532925836071e-07	4.51532925836071e-07
3.9713501253597e-05	-3.55892365610081e-25	4.5144698363877e-07	4.51446983638769e-07
3.97314309000377e-05	-3.5605304205726e-25	4.51365221760089e-07	4.51365221760089e-07
3.97484810988832e-05	-3.5620583733871e-25	4.51287470294431e-07	4.51287470294431e-07
3.9764688018746e-05	-3.56351075579291e-25	4.51213564307495e-07	4.51213564307495e-07
3.9780086746294e-05	-3.56489071208022e-25	4.51143343798809e-07	4.51143343798809e-07
3.97947112958748e-05	-3.5662012904433e-25	4.51076653657844e-07	4.51076653657844e-07
3.98085946204558e-05	-3.56744544396087e-25	4.51013343614122e-07	4.51013343614121e-07
3.9821768623794e-05	-3.56862603168662e-25	4.50953268181723e-07	4.50953268181723e-07
3.98342641737447e-05	-3.56974581984211e-25	4.50896286598595e-07	4.50896286598595e-07
3.98461111166266e-05	-3.57080748310386e-25	4.50842262761044e-07	4.50842262761044e-07
3.98573382925565e-05	-3.57181360597762e-25	4.5079106515381e-07	4.5079106515381e-07
3.98679735516731e-05	-3.57276668425238e-25	4.50742566776081e-07	4.50742566776081e-07
3.9878043771168e-05	-3.57366912652647e-25	4.50696645063829e-07	4.50696645063829e-07
3.98875748730483e-05	-3.57452325579939e-25	4.50653181808811e-07	4.50653181808811e-07
3.98965918425518e-05	-3.57533131112213e-25	4.50612063074593e-07	4.50612063074593e-07
3.99051187471443e-05	-3.5760954492996e-25	4.50573179109919e-07	4.50573179109919e-07
3.99131787560267e-05	-3.57681774663866e-25	4.50536424259756e-07	4.50536424259756e-07
3.99207941600834e-05	-3.57750020073595e-25	4.50501696874325e-07	4.50501696874324e-07
3.99279863922069e-05	-3.57814473229919e-25	4.50468899216419e-07	4.50468899216419e-07
3.9934776047935e-05	-3.57875318699658e-25	4.50437937367296e-07	4.50437937367296e-07
3.99411829063402e-05	-3.57932733732884e-25	4.50408721131416e-07	4.50408721131416e-07
3.99472259511142e-05	-3.57986888451866e-25	4.50381163940296e-07	4.50381163940296e-07
3.99529233917918e-05	-3.5803794604127e-25	4.50355182755725e-07	4.50355182755725e-07
3.99582926850622e-05	-3.58086062939134e-25	4.50330697972579e-07	4.50330697972579e-07
3.99633505561187e-05	-3.58131389028208e-25	4.50307633321468e-07	4.50307633321468e-07
3.99681130199994e-05	-3.58174067827185e-25	4.50285915771414e-07	4.50285915771413e-07
3.99725954028753e-05	-3.58214236681478e-25	4.50265475432776e-07	4.50265475432775e-07
3.99768123632449e-05	-3.58252026953157e-25	4.50246245460602e-07	4.50246245460602e-07
3.99807779129949e-05	-3.58287564209684e-25	4.50228161958585e-07	4.50228161958585e-07
3.99845054382938e-05	-3.58320968411145e-25	4.50211163883789e-07	4.50211163883789e-07
3.99880077202817e-05	-3.5835235409567e-25	4.50195192952296e-07	4.50195192952296e-07
3.99912969555275e-05	-3.58381830562761e-25	4.50180193545921e-07	4.50180193545921e-07
3.99943847762248e-05	-3.58409502054266e-25	4.50166112620116e-07	4.50166112620116e-07
3.99972822700984e-05	-3.58435467932784e-25	4.50152899613192e-07	4.50152899613192e-07
4e-05	-3.58459822857264e-25	4.50140506356959e-07	4.50140506356959e-07
4.00016666666667e-05	-3.58474758683218e-25	6.23113450565575e-07	6.23113450565574e-07
4.00033333333333e-05	-3.58489694509172e-25	8.62557210533134e-07	8.62557210533134e-07
4.0005e-05	-3.58504630335127e-25	1.19401548829572e-06	1.19401548829572e-06
4.00066666666667e-05	-3.58519566161081e-25	1.65284803383078e-06	1.65284803383078e-06
4.00083333333333e-05	-3.58534501987036e-25	2.28800279979887e-06	2.28800279979887e-06
4.001e-05	-3.58549437812992e-25	3.1672376767938e-06	3.1672376767938e-06
4.00116666666667e-05	-3.58564373638948e-25	4.38434886030102e-06	4.38434886030102e-06
4.00133333333333e-05	-3.58579309464905e-25	6.06917696686539e-06	6.06917696686539e-06
4.0015e-05	-3.58594245290863e-25	8.40145834519135e-06	8.40145834519135e-06
4.00166666666667e-05	-3.58609181116821e-25	1.16299992310721e-05	1.16299992310721e-05
4.00183333333333e-05	-3.5862411694278e-25	1.60992182320814e-05	1.60992182320814e-05
4.002e-05	-3.5863905276874e-25	2.22858886770887e-05	2.22858886770887e-05
4.00216666666667e-05	-3.58653988594701e-25	3.08500004796591e-05	3.08500004796591e-05
4.00233333333333e-05	-3.58668924420662e-25	4.27051674259144e-05	4.27051674259144e-05
4.0025e-05	-3.58683860246624e-25	5.9116090889379e-05	5.9116090889379e-05
4.00266666666667e-05	-3.58698796072585e-25	8.18334773371988e-05	8.18334773371987e-05
4.00283333333333e-05	-3.58713731898548e-25	0.000113280802539351	0.000113280802539351
4.003e-05	-3.5872866772451e-25	0.000156812846361071	0.000156812846361071
4.00316666666667e-05	-3.58743603550476e-25	0.000217073578462535	0.000217073578462535
4.00333333333333e-05	-3.58758539376441e-25	0.000300491573910824	0.000300491573910824
4.0035e-05	-3.58773475202408e-25	0.000415965809320758	0.000415965809320758
4.00366666666667e-05	-3.58788411028374e-25	0.00057581499979502	0.00057581499979502
4.00383333333333e-05	-3.58803346854341e-25	0.00079709175131293	0.00079709175131293
4.004e-05	-3.58818282680307e-25	0.00110340172145822	0.00110340172145822
4.00416666666667e-05	-3.58833218506275e-25	0.00152742185537398	0.00152742185537398
4.00433333333333e-05	-3.58848154332243e-25	0.00211438634066029	0.00211438634066029
4.0045e-05	-3.58863090158212e-25	0.00292691216062008	0.00292691216062008
4.00466666666667e-05	-3.58878025984181e-25	0.0040516790326417	0.0040516790326417
4.00483333333333e-05	-3.58892961810151e-25	0.00560867634313836	0.00560867634313836
4.005e-05	-3.58907897636121e-25	0.00776400353601704	0.00776400353601704
4.00516666666667e-05	-3.58922833462091e-25	0.0107475894915013	0.0107475894915013
4.00533333333333e-05	-3.58937769288062e-25	0.0148777211871608	0.0148777211871608
4.0055e-05	-3.58952705114033e-25	0.0205949983421864	0.0205949983421864
4.00566666666667e-05	-3.58967640940005e-25	0.0285093363043503	0.0285093363043503
4.00583333333333e-05	-3.58982576765977e-25	0.0394650314159264	0.0394650314159264
4.006e-05	-3.5899751259195e-25	0.0546308299896626	0.0546308299896626
4.00616666666667e-05	-3.59012448417924e-25	0.0756246093924999	0.0756246093924999
4.00633333333333e-05	-3.59027384243898e-25	0.104685972134224	0.104685972134224
4.0065e-05	-3.59042320069873e-25	0.144915165182001	0.144915165182001
4.00666666666667e-05	-3.59057255895849e-25	0.200603812258209	0.200603812258209
4.00683333333333e-05	-3.59072191721825e-25	0.27769274142257	0.27769274142257
4.007e-05	-3.590871275478e-25	0.38440574868107	0.38440574868107
4.00716666666667e-05	-3.59102063373776e-25	0.532126907110354	0.532126907110354
4.00733333333333e-05	-3.59116999199752e-25	0.73661501224493	0.73661501224493
4.0075e-05	-3.59131935025732e-25	1.01968471997371	1.01968471997371
4.00766666666667e-05	-3.59146870851712e-25	1.41153371960268	1.41153371960268
4.00783333333333e-05	-3.59161806677693e-25	1.95396420339861	1.95396420339861
4.008e-05	-3.59176742503673e-25	2.70484229681513	2.70484229681513
4.00816666666667e-05	-3.59191678329654e-25	3.74427117852675	3.74427117852675
4.00833333333333e-05	-3.59206614155634e-25	5.18313643455195	5.18313643455195
4.0085e-05	-3.59221549981615e-25	7.17493525930826	7.17493525930827
4.00866666666667e-05	-3.59236485807598e-25	9.93215143480062	9.93215143480062
4.00883333333333e-05	-3.5925142163358e-25	13.7489229600924	13.7489229600924
4.009e-05	-3.59266357459562e-25	19.0324204985904	19.0324204985904
4.00916666666667e-05	-3.59281293285544e-25	26.3462840752009	26.3462840752009
4.00933333333333e-05	-3.59296229111525e-25	36.4707518218056	36.4707518218056
4.0095e-05	-3.59311164937505e-25	50.4858952651441	50.4858952651441
4.00966666666667e-05	-3.59326100763483e-25	69.8868406436902	69.8868406436902
4.00983333333333e-05	-3.59341036589456e-25	96.7432679860026	96.7432679860026
4.01e-05	-3.5935597241543e-25	133.920203208834	133.920203208834
4.01016666666667e-05	-3.59370908241399e-25	185.383657187086	185.383657187085
4.01033333333333e-05	-3.59385844067361e-25	256.623717173624	256.623717173624
4.0105e-05	-3.59400779893315e-25	355.240225676667	355.240225676667
4.01066666666667e-05	-3.59415715719256e-25	491.753526637707	491.753526637707
4.01083333333333e-05	-3.59430651545179e-25	680.726768765348	680.726768765348
4.011e-05	-3.59445587371078e-25	942.319492617755	942.319492617755
4.01116666666667e-05	-3.59460523196959e-25	1304.43823705732	1304.43823705732
4.01133333333333e-05	-3.59475459022807e-25	1805.71359037798	1805.71359037798
4.0115e-05	-3.59490394848573e-25	2499.62127592563	2499.62127592563
4.01166666666667e-05	-3.59505330674159e-25	3460.18690690723	3460.18690690723
4.01183333333333e-05	-3.59520266499519e-25	4789.88298990106	4789.88298990105
4.012e-05	-3.59535202324596e-25	6630.56062408616	6630.56062408616
4.01216666666667e-05	-3.59550138149241e-25	9178.58208278272	9178.58208278272
4.01233333333333e-05	-3.59565073973298e-25	12705.7686109098	12705.7686109098
4.0125e-05	-3.59580009796512e-25	17588.3981358141	17588.3981358141
4.01266666666667e-05	-3.5959494561848e-25	24347.3463477004	24347.3463477004
4.01283333333333e-05	-3.59609881439454e-25	33703.6533741229	33703.6533741229
4.013e-05	-3.59624817259253e-25	46655.4438639487	46655.4438639487
4.01316666666667e-05	-3.59639753076914e-25	64584.4062654859	64584.4062654859
4.01333333333333e-05	-3.59654688892721e-25	89403.1904363411	89403.190436341
4.0135e-05	-3.59669624705818e-25	123759.44786636	123759.44786636
4.01366666666667e-05	-3.59684560513536e-25	171318.281388583	171318.281388583
4.01383333333333e-05	-3.59699496312998e-25	237153.235925856	237153.235925856
4.014e-05	-3.59714432105097e-25	328287.540911068	328287.540911068
4.01416666666667e-05	-3.59729367887641e-25	454443.343758387	454443.343758387
4.01433333333333e-05	-3.59744303661609e-25	629078.862126451	629078.862126451
4.0145e-05	-3.59759239422254e-25	870824.097677325	870824.097677325
4.01466666666667e-05	-3.59774175150729e-25	1205468.27234508	1205468.27234508
4.01483333333333e-05	-3.59789110841681e-25	1668711.00547657	1668711.00547657
4.015e-05	-3.59804046456564e-25	2309970.72563834	2309970.72563834
4.01516666666667e-05	-3.59818981981996e-25	3197656.5958922	3197656.5958922
4.01533333333333e-05	-3.59833917377564e-25	4426466.35811315	4426466.35811315
4.0155e-05	-3.59848852602081e-25	6127488.62546626	6127488.62546626
4.01566666666667e-05	-3.59863787703758e-25	8482187.32904562	8482187.32904562
4.01583333333333e-05	-3.59878722739409e-25	11741760.1700773	11741760.1700773
4.016e-05	-3.59893657601919e-25	16253936.2245971	16253936.2245971
4.01616666666667e-05	-3.59908591963585e-25	22500071.4515473	22500071.4515473
4.01633333333333e-05	-3.59923525426938e-25	31146499.4281208	31146499.4281208
4.0165e-05	-3.59938458024222e-25	43115615.3755337	43115615.3755337
4.01666666666667e-05	-3.59953389807686e-25	59684276.6712153	59684276.6712153
4.01683333333333e-05	-3.59968318892977e-25	82620017.1502718	82620017.1502718
4.017e-05	-3.59983243565426e-25	114369606.446013	114369606.446013
4.01716666666667e-05	-3.59998162314436e-25	158320069.757855	158320069.757854
4.01733333333333e-05	-3.60013068683138e-25	219160013.459633	219160013.459633
4.0175e-05	-3.60027958779521e-25	303379802.529978	303379802.529978
4.01766666666667e-05	-3.600428369841e-25	419963948.395609	419963948.395609
4.01783333333333e-05	-3.60057702471911e-25	581349570.673236	581349570.673236
4.018e-05	-3.60072547318887e-25	804753180.869553	804753180.869553
4.01816666666667e-05	-3.60087366811587e-25	1114007328.44337	1114007328.44337
4.01833333333333e-05	-3.60102162105986e-25	1542103041.43428	1542103041.43428
4.0185e-05	-3.60116925074692e-25	2134709287.51361	2134709287.51361
4.01866666666667e-05	-3.60131619761731e-25	2955044909.27978	2955044909.27978
4.01883333333333e-05	-3.60146265762301e-25	4090622768.56678	4090622768.56678
4.019e-05	-3.60160916948064e-25	5662585560.70872	5662585560.70872
4.01916666666667e-05	-3.60175680558256e-25	7838629237.13063	7838629237.13063
4.01933333333333e-05	-3.6019054477529e-25	10850892698.5963	10850892698.5963
4.0195e-05	-3.60205412002964e-25	15020722219.4934	15020722219.4934
4.01966666666667e-05	-3.60220398275805e-25	20792952455.8475	20792952455.8475
4.01983333333333e-05	-3.60235494789172e-25	28783361111.8107	28783361111.8107
4.02e-05	-3.60250589324432e-25	39844359697.4486	39844359697.4486
4.02027177299016e-05	-3.60275197627679e-25	39844359697.4486	39844359697.4486
4.02056152237752e-05	-3.60301425833683e-25	39844359697.4486	39844359697.4486
4.02087030444725e-05	-3.60329368011403e-25	39844359697.4486	39844359697.4486
4.02119922797183e-05	-3.60359122751167e-25	39844359697.4486	39844359697.4486
4.02154945617062e-05	-3.60390793313165e-25	39844359697.4486	39844359697.4486
4.02192220870051e-05	-3.60424487775597e-25	39844359697.4486	39844359697.4486
4.02231876367551e-05	-3.6046031918192e-25	39844359697.4486	39844359697.4486
4.02274045971247e-05	-3.60498405686655e-25	39844359697.4486	39844359697.4486
4.02318869800006e-05	-3.60538870699103e-25	39844359697.4486	39844359697.4486
4.02366494438813e-05	-3.60581843024344e-25	39844359697.4486	39844359697.4486
4.02417073149378e-05	-3.60627457000778e-25	39844359697.4486	39844359697.4486
4.02470766082082e-05	-3.60675852633448e-25	39844359697.4486	39844359697.4486
4.02527740488858e-05	-3.60727175722305e-25	39844359697.4486	39844359697.4486
4.02588170936598e-05	-3.60781577984548e-25	39844359697.4486	39844359697.4486
4.0265223952065e-05	-3.60839217170096e-25	39844359697.4486	39844359697.4486
4.02720136077931e-05	-3.60900257169184e-25	39844359697.4486	39844359697.4486
4.02792058399166e-05	-3.60964868111005e-25	39844359697.4486	39844359697.4486
4.02868212439733e-05	-3.61033226452321e-25	39844359697.4486	39844359697.4486
4.02948812528557e-05	-3.61105515054784e-25	39844359697.4486	39844359697.4486
4.03034081574482e-05	-3.61181923249769e-25	39844359697.4486	39844359697.4486
4.03124251269517e-05	-3.61262646889402e-25	39844359697.4486	39844359697.4486
4.0321956228832e-05	-3.61347888382372e-25	39844359697.4486	39844359697.4486
4.0332026448327e-05	-3.61437856713061e-25	39844359697.4486	39844359697.4486
4.03426617074435e-05	-3.61532767442454e-25	39844359697.4486	39844359697.4486
4.03538888833734e-05	-3.61632842689247e-25	39844359697.4486	39844359697.4486
4.03657358262553e-05	-3.61738311089513e-25	39844359697.4486	39844359697.4486
4.0378231376206e-05	-3.6184940773332e-25	39844359697.4486	39844359697.4486
4.03914053795442e-05	-3.61966374076554e-25	39844359697.4486	39844359697.4486
4.04052887041252e-05	-3.62089457825885e-25	39844359697.4486	39844359697.4486
4.0419913253706e-05	-3.6221891279522e-25	39844359697.4486	39844359697.4486
4.0435311981254e-05	-3.62354998732078e-25	39844359697.4486	39844359697.4486
4.04515189011168e-05	-3.62497981111301e-25	39844359697.4486	39844359697.4486
4.04685690999623e-05	-3.62648130893671e-25	39844359697.4486	39844359697.4486
4.0486498746403e-05	-3.62805724247843e-25	39844359697.4486	39844359697.4486
4.0505345099212e-05	-3.62971042233988e-25	39844359697.4486	39844359697.4486
4.05251465140422e-05	-3.63144370447288e-25	39844359697.4486	39844359697.4486
4.05459424485553e-05	-3.6332599861898e-25	39844359697.4486	39844359697.4486
4.05677734658681e-05	-3.63516220171302e-25	39844359697.4486	39844359697.4486
4.05906812362258e-05	-3.63715331724674e-25	39844359697.4486	39844359697.4486
4.06147085368076e-05	-3.6392363255744e-25	39844359697.4486	39844359697.4486
4.06398992495735e-05	-3.64141424013067e-25	39844359697.4486	39844359697.4486
4.06662983570614e-05	-3.64369008851082e-25	39844359697.4486	39844359697.4486
4.0693951936043e-05	-3.64606690546062e-25	39844359697.4486	39844359697.4486
4.07229071489502e-05	-3.64854772529792e-25	39844359697.4486	39844359697.4486
4.07532122329837e-05	-3.65113557374463e-25	39844359697.4486	39844359697.4486
4.07849164868185e-05	-3.65383345918497e-25	39844359697.4486	39844359697.4486
4.08180702548233e-05	-3.65664436327399e-25	39844359697.4486	39844359697.4486
4.08527249087127e-05	-3.65957123090536e-25	39844359697.4486	39844359697.4486
4.08889328265539e-05	-3.66261695952069e-25	39844359697.4486	39844359697.4486
4.09267473690562e-05	-3.66578438776099e-25	39844359697.4486	39844359697.4486
4.09662228530693e-05	-3.66907628335756e-25	39844359697.4486	39844359697.4486
4.1007414522228e-05	-3.67249533030522e-25	39844359697.4486	39844359697.4486
4.10503785146785e-05	-3.6760441155779e-25	39844359697.4486	39844359697.4486
4.10951718278317e-05	-3.67972511523464e-25	39844359697.4486	39844359697.4486
4.11418522800919e-05	-3.68354067966068e-25	39844359697.4486	39844359697.4486
4.11904784695145e-05	-3.6874930179942e-25	39844359697.4486	39844359697.4486
4.12411097293547e-05	-3.69158418214226e-25	39844359697.4486	39844359697.4486
4.12938060804734e-05	-3.6958160502479e-25	39844359697.4486	39844359697.4486
4.1348628180575e-05	-3.70019030876116e-25	39844359697.4486	39844359697.4486
4.1405637270258e-05	-3.70470843342895e-25	39844359697.4486	39844359697.4486
4.14648951158674e-05	-3.70937167045869e-25	39844359697.4486	39844359697.4486
4.1526463949147e-05	-3.71418101723275e-25	39844359697.4486	39844359697.4486
4.1590406403695e-05	-3.71913720237986e-25	39844359697.4486	39844359697.4486
4.16567854482378e-05	-3.7242406659067e-25	39844359697.4486	39844359697.4486
4.17256643167453e-05	-3.72949153854721e-25	39844359697.4486	39844359697.4486
4.17971064354184e-05	-3.7348896203165e-25	39844359697.4486	39844359697.4486
4.18711753465907e-05	-3.74043435760947e-25	39844359697.4486	39844359697.4486
4.19479346295957e-05	-3.74612481844629e-25	39844359697.4486	39844359697.4486
4.20274478186597e-05	-3.75195966672379e-25	39844359697.4486	39844359697.4486
4.21097783178922e-05	-3.75793713898179e-25	39844359697.4486	39844359697.4486
4.21949893134543e-05	-3.76405502455652e-25	39844359697.4486	39844359697.4486
4.2283143682996e-05	-3.77031064445821e-25	39844359697.4486	39844359697.4486
4.23743039024667e-05	-3.77670082543739e-25	39844359697.4486	39844359697.4486
4.24685319504073e-05	-3.78322187002411e-25	39844359697.4486	39844359697.4486
4.2565889209851e-05	-3.78986952902031e-25	39844359697.4486	39844359697.4486
4.26664363679625e-05	-3.79663897696225e-25	39844359697.4486	39844359697.4486
4.27702333135611e-05	-3.8035247859778e-25	39844359697.4486	39844359697.4486
4.28773390326815e-05	-3.81052089898981e-25	39844359697.4486	39844359697.4486
4.29878115023361e-05	-3.81762060477512e-25	39844359697.4486	39844359697.4486
4.31017075826532e-05	-3.82481651365657e-25	39844359697.4486	39844359697.4486
4.32190829075743e-05	-3.83210053573701e-25	39844359697.4486	39844359697.4486
4.33399917743061e-05	-3.83946386713124e-25	39844359697.4486	39844359697.4486
4.34644870317271e-05	-3.84689697798943e-25	39844359697.4486	39844359697.4486
4.35926199679632e-05	-3.85438959670324e-25	39844359697.4486	39844359697.4486
4.37244401973504e-05	-3.86193069484827e-25	39844359697.4486	39844359697.4486
4.3859995547015e-05	-3.86950847854943e-25	39844359697.4486	39844359697.4486
4.39993319433059e-05	-3.87711039281107e-25	39844359697.4486	39844359697.4486
4.4142493298322e-05	-3.8847231080692e-25	39844359697.4486	39844359697.4486
4.4289521396787e-05	-3.89233247458893e-25	39844359697.4486	39844359697.4486
4.4440455783524e-05	-3.89992349976602e-25	39844359697.4486	39844359697.4486
4.45953336517948e-05	-3.90748035426206e-25	39844359697.4486	39844359697.4486
4.4754189732767e-05	-3.91498636446627e-25	39844359697.4486	39844359697.4486
4.49170561863825e-05	-3.92242398746116e-25	39844359697.4486	39844359697.4486
4.50839624938975e-05	-3.92977480836916e-25	39844359697.4486	39844359697.4486
4.52549353523735e-05	-3.93701957499622e-25	39844359697.4486	39844359697.4486
4.54299985713962e-05	-3.94413821767799e-25	39844359697.4486	39844359697.4486
4.56091729723018e-05	-3.95110982863436e-25	39844359697.4486	39844359697.4486
4.57924762901896e-05	-3.95791264570525e-25	39844359697.4486	39844359697.4486
4.59799230790024e-05	-3.96452405673425e-25	39844359697.4486	39844359697.4486
4.6171524619949e-05	-3.9709206191663e-25	39844359697.4486	39844359697.4486
4.6367288833547e-05	-3.97707810569673e-25	39844359697.4486	39844359697.4486
4.65672201955556e-05	-3.98297158872971e-25	39844359697.4486	39844359697.4486
4.67713196570689e-05	-3.98857552879269e-25	39844359697.4486	39844359697.4486
4.69795845690296e-05	-3.9938637677828e-25	39844359697.4486	39844359697.4486
4.71920086114234e-05	-3.99880955718865e-25	39844359697.4486	39844359697.4486
4.74085817274012e-05	-4.00338558505813e-25	39844359697.4486	39844359697.4486
4.76292900625743e-05	-4.00756384753877e-25	39844359697.4486	39844359697.4486
4.78541159097139e-05	-4.01131577322003e-25	39844359697.4486	39844359697.4486
4.80830376590819e-05	-4.01461246848209e-25	39844359697.4486	39844359697.4486
4.8316029754604e-05	-4.01742466429668e-25	39844359697.4486	39844359697.4486
4.85530626560906e-05	-4.01972277606979e-25	39844359697.4486	39844359697.4486
4.87941028076947e-05	-4.02147709782214e-25	39844359697.4486	39844359697.4486
4.90391126127844e-05	-4.02265777742905e-25	39844359697.4486	39844359697.4486
4.92880504153957e-05	-4.02323455626062e-25	39844359697.4486	39844359697.4486
4.95408704884141e-05	-4.02317647722555e-25	39844359697.4486	39844359697.4486
4.9797523028621e-05	-4.02245200232401e-25	39844359697.4486	39844359697.4486
5.00579541587234e-05	-4.0210295502787e-25	39844359697.4486	39844359697.4486
5.03221059364702e-05	-4.01887806167942e-25	39844359697.4486	39844359697.4486
5.05899163709412e-05	-4.01596727277445e-25	39844359697.4486	39844359697.4486
5.08613194460779e-05	-4.01226752641902e-25	39844359697.4486	39844359697.4486
5.11362451515067e-05	-4.00774944148013e-25	39844359697.4486	39844359697.4486
5.14146195206863e-05	-4.0023839541405e-25	39844359697.4486	39844359697.4486
5.16963646763959e-05	-3.9961425459348e-25	39844359697.4486	39844359697.4486
5.19813988835567e-05	-3.98899725623231e-25	39844359697.4486	39844359697.4486
5.22696366093652e-05	-3.98092074188279e-25	39844359697.4486	39844359697.4486
5.25609885906936e-05	-3.97188646134034e-25	39844359697.4486	39844359697.4486
5.28553619086959e-05	-3.96186889059732e-25	39844359697.4486	39844359697.4486
5.31526600705374e-05	-3.95084398664671e-25	39844359697.4486	39844359697.4486
5.3452783098147e-05	-3.9387892338528e-25	39844359697.4486	39844359697.4486
5.37556276238713e-05	-3.92568298423713e-25	39844359697.4486	39844359697.4486
5.40610869928918e-05	-3.91150447621988e-25	39844359697.4486	39844359697.4486
5.43690513722462e-05	-3.89623473748089e-25	39844359697.4486	39844359697.4486
5.46794078662773e-05	-3.87985673821032e-25	39844359697.4486	39844359697.4486
5.49920406383146e-05	-3.86235520702088e-25	39844359697.4486	39844359697.4486
5.53068310383762e-05	-3.84371711052465e-25	39844359697.4486	39844359697.4486
5.562365773666e-05	-3.82393196730077e-25	39844359697.4486	39844359697.4486
5.59423968625785e-05	-3.80299203367384e-25	39844359697.4486	39844359697.4486
5.62629221490743e-05	-3.78089220309345e-25	39844359697.4486	39844359697.4486
5.65851050819388e-05	-3.75762973688215e-25	39844359697.4486	39844359697.4486
5.69088150538398e-05	-3.73320466930047e-25	39844359697.4486	39844359697.4486
5.72339195227535e-05	-3.70761983967402e-25	39844359697.4486	39844359697.4486
5.75602841744809e-05	-3.68088008240943e-25	39844359697.4486	39844359697.4486
5.78877730889163e-05	-3.6529923220215e-25	39844359697.4486	39844359697.4486
5.82162489097262e-05	-3.62396670535164e-25	39844359697.4486	39844359697.4486
5.85455730170857e-05	-3.59381695108765e-25	39844359697.4486	39844359697.4486
5.88756057031102e-05	-3.56255965891134e-25	39844359697.4486	39844359697.4486
5.92062063496129e-05	-3.53021354882591e-25	39844359697.4486	39844359697.4486
5.95372336078115e-05	-3.49679916118901e-25	39844359697.4486	39844359697.4486
5.98685455795999e-05	-3.46233930832742e-25	39844359697.4486	39844359697.4486
6.02e-05	-3.4268597732933e-25	39844359697.4486	39844359697.4486
6.05314544204001e-05	-3.39038893132479e-25	39844359697.4486	39844359697.4486
6.08627663921885e-05	-3.35295685799442e-25	39844359697.4486	39844359697.4486
6.11937936503871e-05	-3.31459510182053e-25	39844359697.4486	39844359697.4486
6.15243942968898e-05	-3.27533646909489e-25	39844359697.4486	39844359697.4486
6.18544269829143e-05	-3.23521476516607e-25	39844359697.4486	39844359697.4486
6.21837510902738e-05	-3.1942649792792e-25	39844359697.4486	39844359697.4486
6.25122269110837e-05	-3.15252385869038e-25	39844359697.4486	39844359697.4486
6.28397158255191e-05	-3.11003024769632e-25	39844359697.4486	39844359697.4486
6.31660804772465e-05	-3.06682440321612e-25	39844359697.4486	39844359697.4486
6.34911849461602e-05	-3.02294738298802e-25	39844359697.4486	39844359697.4486
6.38148949180612e-05	-2.97844123675481e-25	39844359697.4486	39844359697.4486
6.41370778509257e-05	-2.93334877280755e-25	39844359697.4486	39844359697.4486
6.44576031374215e-05	-2.88771273766865e-25	39844359697.4486	39844359697.4486
6.477634226334e-05	-2.84157563045943e-25	39844359697.4486	39844359697.4486
6.50931689616238e-05	-2.79498020427107e-25	39844359697.4486	39844359697.4486
6.54079593616854e-05	-2.74796957683146e-25	39844359697.4486	39844359697.4486
6.57205921337228e-05	-2.70058703603635e-25	39844359697.4486	39844359697.4486
6.60309486277538e-05	-2.6528760327839e-25	39844359697.4486	39844359697.4486
6.63389130071082e-05	-2.60488028514058e-25	39844359697.4486	39844359697.4486
6.66443723761287e-05	-2.55664392884154e-25	39844359697.4486	39844359697.4486
6.6947216901853e-05	-2.50821169359333e-25	39844359697.4486	39844359697.4486
6.72473399294626e-05	-2.45962872504806e-25	39844359697.4486	39844359697.4486
6.75446380913041e-05	-2.41094008262163e-25	39844359697.4486	39844359697.4486
6.78390114093064e-05	-2.36219032041709e-25	39844359697.4486	39844359697.4486
6.81303633906348e-05	-2.31342314136801e-25	39844359697.4486	39844359697.4486
6.84186011164433e-05	-2.26468155346597e-25	39844359697.4486	39844359697.4486
6.87036353236042e-05	-2.21600807120544e-25	39844359697.4486	39844359697.4486
6.89853804793137e-05	-2.16744453389589e-25	39844359697.4486	39844359697.4486
6.92637548484933e-05	-2.11903200399806e-25	39844359697.4486	39844359697.4486
6.95386805539221e-05	-2.07081042195393e-25	39844359697.4486	39844359697.4486
6.98100836290589e-05	-2.02281831920267e-25	39844359697.4486	39844359697.4486
7.00778940635298e-05	-1.97509289774485e-25	39844359697.4486	39844359697.4486
7.03420458412766e-05	-1.92767009799664e-25	39844359697.4486	39844359697.4486
7.0602476971379e-05	-1.88058465272165e-25	39844359697.4486	39844359697.4486
7.08591295115859e-05	-1.83387018531604e-25	39844359697.4486	39844359697.4486
7.11119495846044e-05	-1.78755910000808e-25	39844359697.4486	39844359697.4486
7.13608873872156e-05	-1.74168224214388e-25	39844359697.4486	39844359697.4486
7.16058971923053e-05	-1.69626883037833e-25	39844359697.4486	39844359697.4486
7.18469373439094e-05	-1.65134644827075e-25	39844359697.4486	39844359697.4486
7.2083970245396e-05	-1.6069410385154e-25	39844359697.4486	39844359697.4486
7.23169623409181e-05	-1.56307709902237e-25	39844359697.4486	39844359697.4486
7.25458840902861e-05	-1.51977784752697e-25	39844359697.4486	39844359697.4486
7.27707099374257e-05	-1.4770651919307e-25	39844359697.4486	39844359697.4486
7.29914182725988e-05	-1.43495957014699e-25	39844359697.4486	39844359697.4486
7.32079913885766e-05	-1.39347996400217e-25	39844359697.4486	39844359697.4486
7.34204154309704e-05	-1.3526439287923e-25	39844359697.4486	39844359697.4486
7.36286803429311e-05	-1.31246751168214e-25	39844359697.4486	39844359697.4486
7.38327798044444e-05	-1.27296520113745e-25	39844359697.4486	39844359697.4486
7.4032711166453e-05	-1.23414990304552e-25	39844359697.4486	39844359697.4486
7.4228475380051e-05	-1.19603301253622e-25	39844359697.4486	39844359697.4486
7.44200769209976e-05	-1.15862455810464e-25	39844359697.4486	39844359697.4486
7.46075237098104e-05	-1.12193326007692e-25	39844359697.4486	39844359697.4486
7.47908270276983e-05	-1.0859665229239e-25	39844359697.4486	39844359697.4486
7.49700014286038e-05	-1.0507304430467e-25	39844359697.4486	39844359697.4486
7.51450646476265e-05	-1.01622982953594e-25	39844359697.4486	39844359697.4486
7.53160375061025e-05	-9.82468235625538e-26	39844359697.4486	39844359697.4486
7.54829438136175e-05	-9.49448040880924e-26	39844359697.4486	39844359697.4486
7.5645810267233e-05	-9.1717056925402e-26	39844359697.4486	39844359697.4486
7.58046663482053e-05	-8.85636151909419e-26	39844359697.4486	39844359697.4486
7.5959544216476e-05	-8.5484414862477e-26	39844359697.4486	39844359697.4486
7.6110478603213e-05	-8.24792976027155e-26	39844359697.4486	39844359697.4486
7.6257506701678e-05	-7.95480141236835e-26	39844359697.4486	39844359697.4486
7.64006680566941e-05	-7.66902279642586e-26	39844359697.4486	39844359697.4486
7.6540004452985e-05	-7.39055194104532e-26	39844359697.4486	39844359697.4486
7.66755598026497e-05	-7.11933915208308e-26	39844359697.4486	39844359697.4486
7.68073800320368e-05	-6.85532761985194e-26	39844359697.4486	39844359697.4486
7.69355129682729e-05	-6.59845379918627e-26	39844359697.4486	39844359697.4486
7.70600082256939e-05	-6.34864791719195e-26	39844359697.4486	39844359697.4486
7.71809170924257e-05	-6.10583445905165e-26	39844359697.4486	39844359697.4486
7.72982924173469e-05	-5.86993249226975e-26	39844359697.4486	39844359697.4486
7.74121884976639e-05	-5.64085599522499e-26	39844359697.4486	39844359697.4486
7.75226609673185e-05	-5.41851419493842e-26	39844359697.4486	39844359697.4486
7.76297666864389e-05	-5.20281192355395e-26	39844359697.4486	39844359697.4486
7.77335636320375e-05	-4.99364997249562e-26	39844359697.4486	39844359697.4486
7.7834110790149e-05	-4.79092548669882e-26	39844359697.4486	39844359697.4486
7.79314680495927e-05	-4.59453233930162e-26	39844359697.4486	39844359697.4486
7.80256960975334e-05	-4.40436143356793e-26	39844359697.4486	39844359697.4486
7.8116856317004e-05	-4.22030103564689e-26	39844359697.4486	39844359697.4486
7.82050106865458e-05	-4.04223709263301e-26	39844359697.4486	39844359697.4486
7.82902216821078e-05	-3.87005349894307e-26	39844359697.4486	39844359697.4486
7.83725521813403e-05	-3.70363233373244e-26	39844359697.4486	39844359697.4486
7.84520653704044e-05	-3.5428541023702e-26	39844359697.4486	39844359697.4486
7.85288246534093e-05	-3.38759802246072e-26	39844359697.4486	39844359697.4486
7.86028935645816e-05	-3.23774229148814e-26	39844359697.4486	39844359697.4486
7.86743356832547e-05	-3.09316431885191e-26	39844359697.4486	39844359697.4486
7.87432145517622e-05	-2.9537409485287e-26	39844359697.4486	39844359697.4486
7.8809593596305e-05	-2.81934867406254e-26	39844359697.4486	39844359697.4486
7.8873536050853e-05	-2.68986384542901e-26	39844359697.4486	39844359697.4486
7.89351048841326e-05	-2.56516286456218e-26	39844359697.4486	39844359697.4486
7.8994362729742e-05	-2.44512237209824e-26	39844359697.4486	39844359697.4486
7.9051371819425e-05	-2.32961943098413e-26	39844359697.4486	39844359697.4486
7.91061939195266e-05	-2.21853169731944e-26	39844359697.4486	39844359697.4486
7.91588902706453e-05	-2.11173756993619e-26	39844359697.4486	39844359697.4486
7.92095215304855e-05	-2.00911633336921e-26	39844359697.4486	39844359697.4486
7.92581477199081e-05	-1.91054830098571e-26	39844359697.4486	39844359697.4486
7.93048281721683e-05	-1.81591495043225e-26	39844359697.4486	39844359697.4486
7.93496214853215e-05	-1.72509904507915e-26	39844359697.4486	39844359697.4486
7.9392585477772e-05	-1.63798474181364e-26	39844359697.4486	39844359697.4486
7.94337771469307e-05	-1.55445769184402e-26	39844359697.4486	39844359697.4486
7.94732526309439e-05	-1.47440513776661e-26	39844359697.4486	39844359697.4486
7.95110671734461e-05	-1.39771600239641e-26	39844359697.4486	39844359697.4486
7.95472750912873e-05	-1.3242809672698e-26	39844359697.4486	39844359697.4486
7.95819297451767e-05	-1.25399254440053e-26	39844359697.4486	39844359697.4486
7.96150835131815e-05	-1.18674514239006e-26	39844359697.4486	39844359697.4486
7.96467877670163e-05	-1.12243512565733e-26	39844359697.4486	39844359697.4486
7.96770928510498e-05	-1.06096086746194e-26	39844359697.4486	39844359697.4486
7.9706048063957e-05	-1.00222279635259e-26	39844359697.4486	39844359697.4486
7.97337016429386e-05	-9.4612343581819e-27	39844359697.4486	39844359697.4486
7.97601007504265e-05	-8.92567438125623e-27	39844359697.4486	39844359697.4486
7.97852914631924e-05	-8.4146161257485e-27	39844359697.4486	39844359697.4486
7.98093187637742e-05	-7.92714948220607e-27	39844359697.4486	39844359697.4486
7.98322265341319e-05	-7.46238631553007e-27	39844359697.4486	39844359697.4486
7.98540575514447e-05	-7.01946059547054e-27	39844359697.4486	39844359697.4486
7.98748534859578e-05	-6.5975284802728e-27	39844359697.4486	39844359697.4486
7.9894654900788e-05	-6.19576835665648e-27	39844359697.4486	39844359697.4486
7.9913501253597e-05	-5.8133808373696e-27	39844359697.4486	39844359697.4486
7.99314309000377e-05	-5.44958871778225e-27	39844359697.4486	39844359697.4486
7.99484810988832e-05	-5.10363689521197e-27	39844359697.4486	39844359697.4486
7.9964688018746e-05	-4.77479225317357e-27	39844359697.4486	39844359697.4486
7.9980086746294e-05	-4.46234351272319e-27	39844359697.4486	39844359697.4486
7.99947112958748e-05	-4.16560105301415e-27	39844359697.4486	39844359697.4486
8.00085946204558e-05	-3.88389670314619e-27	39844359697.4486	39844359697.4486
8.0021768623794e-05	-3.61658350716313e-27	39844359697.4486	39844359697.4486
8.00342641737447e-05	-3.36303546442461e-27	39844359697.4486	39844359697.4486
8.00461111166266e-05	-3.12264724753942e-27	39844359697.4486	39844359697.4486
8.00573382925565e-05	-2.89483389930466e-27	39844359697.4486	39844359697.4486
8.00679735516731e-05	-2.67903051036498e-27	39844359697.4486	39844359697.4486
8.0078043771168e-05	-2.47469187954775e-27	39844359697.4486	39844359697.4486
8.00875748730483e-05	-2.28129215857037e-27	39844359697.4486	39844359697.4486
8.00965918425518e-05	-2.09832448276459e-27	39844359697.4486	39844359697.4486
8.01051187471443e-05	-1.92530058938966e-27	39844359697.4486	39844359697.4486
8.01131787560267e-05	-1.76175042506336e-27	39844359697.4486	39844359697.4486
8.01207941600834e-05	-1.60722174376225e-27	39844359697.4486	39844359697.4486
8.01279863922069e-05	-1.46127969679172e-27	39844359697.4486	39844359697.4486
8.0134776047935e-05	-1.32350641605629e-27	39844359697.4486	39844359697.4486
8.01411829063402e-05	-1.19350059191168e-27	39844359697.4486	39844359697.4486
8.01472259511142e-05	-1.07087704680235e-27	39844359697.4486	39844359697.4486
8.01529233917918e-05	-9.55266305841987e-28	39844359697.4486	39844359697.4486
8.01582926850622e-05	-8.46314165427742e-28	39844359697.4486	39844359697.4486
8.01633505561187e-05	-7.43681260911063e-28	39844359697.4486	39844359697.4486
8.01681130199994e-05	-6.47042634311798e-28	39844359697.4486	39844359697.4486
8.01725954028753e-05	-5.56087302976196e-28	39844359697.4486	39844359697.4486
8.01768123632449e-05	-4.70517830039507e-28	39844359697.4486	39844359697.4486
8.01807779129949e-05	-3.90049897498159e-28	39844359697.4486	39844359697.4486
8.01845054382938e-05	-3.14411882629745e-28	39844359697.4486	39844359697.4486
8.01880077202817e-05	-2.4334443845459e-28	39844359697.4486	39844359697.4486
8.01912969555275e-05	-1.76600078881662e-28	39844359697.4486	39844359697.4486
8.01943847762248e-05	-1.13942769120746e-28	39844359697.4486	39844359697.4486
8.01972822700984e-05	-5.51475219031081e-29	39844359697.4486	39844359697.4486
8.02e-05	0	39844359697.4486	39844359697.4486
