Position  (cm)	V (V)	n (cm-3)	p (cm-3)
0	0	3.31747052066848	2.08964913019216e+17
2.12151739152832e-09	1.03402618646695e-17	3.31745049029916	2.08964913019216e+17
4.34707627935975e-09	2.11876184495965e-17	3.31742947761897	2.08964913019216e+17
6.68121450657862e-09	3.25641855169511e-17	3.31740743978373	2.08964913019215e+17
9.12863752259283e-09	4.44928981867005e-17	3.3173843323668	2.08964913019215e+17
1.16942230432444e-08	5.699753054395e-17	3.31736010931509	2.08964913019215e+17
1.43830257664662e-08	7.01027187728049e-17	3.3173347229045	2.08964913019215e+17
1.72002821403399e-08	8.38339890376681e-17	3.31730812369496	2.08964913019215e+17
2.01514151801996e-08	9.82177771814542e-17	3.31728026048492	2.08964913019215e+17
2.32420393311509e-08	1.13282216699339e-16	3.31725108026542	2.08964913019214e+17
2.64779653721458e-08	1.29056544124961e-16	3.31722052817381	2.08964913019214e+17
2.9865205357556e-08	1.45570304314927e-16	3.31718854744711	2.08964913019214e+17
3.34099775918348e-08	1.62854065371444e-16	3.31715507937502	2.08964913019214e+17
3.71187116327228e-08	1.8093944390212e-16	3.31712006325268	2.08964913019214e+17
4.09980533181195e-08	1.99859147953926e-16	3.3170834363332	2.08964913019214e+17
4.50548698114988e-08	2.19646997469524e-16	3.31704513378007	2.08964913019213e+17
4.92962546604839e-08	2.40337953095788e-16	3.31700508861933	2.08964913019213e+17
5.37295328629467e-08	2.61968144891652e-16	3.31696323169182	2.08964913019213e+17
5.83622659346949e-08	2.84576618937202e-16	3.31691949160524	2.08964913019213e+17
6.32022569725685e-08	3.08203946839703e-16	3.31687379468644	2.08964913019212e+17
6.82575557064784e-08	3.3289040007154e-16	3.31682606493364	2.08964913019212e+17
7.35364635336391e-08	3.58677581819405e-16	3.31677622396896	2.08964913019212e+17
7.90475385279966e-08	3.85608462129129e-16	3.31672419099106	2.08964913019211e+17
8.47996004175491e-08	4.13727394956116e-16	3.31666988272829	2.08964913019211e+17
9.08017355220112e-08	4.43080173710572e-16	3.31661321339184	2.08964913019211e+17
9.70633016429694e-08	4.73717229384616e-16	3.31655409462977	2.0896491301921e+17
1.03593932898425e-07	5.05691008831955e-16	3.31649243548127	2.0896491301921e+17
1.10403544493356e-07	5.39052627561818e-16	3.31642814233162	2.0896491301921e+17
1.17502337417614e-07	5.73854868268581e-16	3.31636111886787	2.08964913019209e+17
1.24900803062315e-07	6.10152232570914e-16	3.31629126603523	2.08964913019209e+17
1.32609727745455e-07	6.48005712539981e-16	3.3162184819944	2.08964913019208e+17
1.40640197137427e-07	6.87478847665735e-16	3.31614266207969	2.08964913019208e+17
1.49003600576674e-07	7.28632695234238e-16	3.31606369875829	2.08964913019207e+17
1.5771163526564e-07	7.71530300682131e-16	3.31598148159072	2.08964913019207e+17
1.66776310336782e-07	8.16236761218284e-16	3.31589589719247	2.08964913019206e+17
1.76209950778339e-07	8.62826409793325e-16	3.3158068291967	2.08964913019206e+17
1.86025201209182e-07	9.11376873759169e-16	3.31571415821895	2.08964913019205e+17
1.96235029491986e-07	9.61961488087327e-16	3.31561776182279	2.08964913019205e+17
2.06852730173672e-07	1.01466508040595e-15	3.31551751448722	2.08964913019204e+17
2.17891927741934e-07	1.0695764936848e-15	3.31541328757618	2.08964913019204e+17
2.29366579686445e-07	1.12677893120922e-15	3.31530494930983	2.08964913019203e+17
2.41290979353221e-07	1.18635837704552e-15	3.31519236473698	2.08964913019202e+17
2.53679758580406e-07	1.24841605113584e-15	3.31507539571085	2.08964913019201e+17
2.66547890103673e-07	1.31305816795775e-15	3.31495390086578	2.08964913019201e+17
2.79910689719234e-07	1.38039729362993e-15	3.3148277355973	2.089649130192e+17
2.93783818192436e-07	1.45055167124496e-15	3.31469675204379	2.08964913019199e+17
3.08183282899734e-07	1.523630057001e-15	3.31456079907098	2.08964913019198e+17
3.2312543919183e-07	1.59976322169238e-15	3.31441972225972	2.08964913019197e+17
3.38626991465696e-07	1.67908885282061e-15	3.31427336389453	2.08964913019197e+17
3.54704993933107e-07	1.76175346706979e-15	3.31412156295762	2.08964913019196e+17
3.71376851073405e-07	1.84791145403283e-15	3.3139641551245	2.08964913019195e+17
3.88660317758096e-07	1.9377272471189e-15	3.31380097276179	2.08964913019194e+17
4.06573499035004e-07	2.03137439171202e-15	3.31363184493002	2.08964913019193e+17
4.251348495597e-07	2.1290378432257e-15	3.31345659738915	2.08964913019191e+17
4.44363172662013e-07	2.23091312490274e-15	3.31327505260682	2.0896491301919e+17
4.64277619035532e-07	2.33720918017556e-15	3.31308702977098	2.08964913019189e+17
4.8489768503811e-07	2.44814700315356e-15	3.3128923448069	2.08964913019188e+17
5.06243210591526e-07	2.56396287345843e-15	3.31269081039451	2.08964913019187e+17
5.28334376668665e-07	2.68494639809765e-15	3.3124822359951	2.08964913019185e+17
5.51191702356702e-07	2.81136797871009e-15	3.31226642787775	2.08964913019184e+17
5.74836041485085e-07	2.94351666512454e-15	3.31204318914976	2.08964913019182e+17
5.99288578807283e-07	3.08174711591249e-15	3.31181231979415	2.08964913019181e+17
6.2457082572558e-07	3.22639098715534e-15	3.31157361671061	2.08964913019179e+17
6.50704615548521e-07	3.37780304826218e-15	3.31132687375951	2.08964913019178e+17
6.7771209827089e-07	3.53641811218135e-15	3.31107188181033	2.08964913019176e+17
7.05615734866513e-07	3.70270545714902e-15	3.31080842879927	2.08964913019174e+17
7.34438291084568e-07	3.87717119614671e-15	3.31053629978095	2.08964913019172e+17
7.64202830740457e-07	4.06036128632433e-15	3.31025527699682	2.0896491301917e+17
7.94932708492795e-07	4.25286480099592e-15	3.30996513994527	2.08964913019168e+17
8.2665156209855e-07	4.45531689663223e-15	3.30966566544928	2.08964913019166e+17
8.59383304138806e-07	4.66840124592975e-15	3.30935662773605	2.08964913019164e+17
8.93152113208286e-07	4.89285388054003e-15	3.30903779852405	2.08964913019161e+17
9.27982424562175e-07	5.12946737493819e-15	3.30870894710734	2.08964913019159e+17
9.63898920214557e-07	5.37909384027373e-15	3.30836984044983	2.08964913019156e+17
1.00092651848324e-06	5.64275931112146e-15	3.30802024328233	2.08964913019153e+17
1.03909036297655e-06	5.92157197730933e-15	3.307659918215	2.08964913019151e+17
1.07841581101817e-06	6.21673508446955e-15	3.30728862583065	2.08964913019148e+17
1.11892842150705e-06	6.52954550375007e-15	3.30690612481994	2.08964913019144e+17
1.16065394220993e-06	6.86140704478132e-15	3.30651217207927	2.08964913019141e+17
1.20361829648488e-06	7.21382989441375e-15	3.30610652285404	2.08964913019137e+17
1.24784756943508e-06	7.58844673314702e-15	3.30568893086122	2.08964913019134e+17
1.29336799349282e-06	7.98717832273451e-15	3.30525914842892	2.0896491301913e+17
1.34020593343452e-06	8.41210291492555e-15	3.30481692662853	2.08964913019125e+17
1.38838787082855e-06	8.86546526462983e-15	3.30436201543944	2.08964913019121e+17
1.43794038791832e-06	9.34968757175031e-15	3.30389416387862	2.08964913019116e+17
1.48889015094427e-06	9.86759221970177e-15	3.30341312018101	2.08964913019111e+17
1.54126389290908e-06	1.0422226046155e-14	3.30291863194645	2.08964913019106e+17
1.59508839579139e-06	1.10168846522548e-14	3.30241044630967	2.089649130191e+17
1.65039047221459e-06	1.16553622116507e-14	3.30188831011268	2.08964913019094e+17
1.70719694657769e-06	1.23417597656362e-14	3.30135197010403	2.08964913019088e+17
1.76553463565681e-06	1.30805061160153e-14	3.30080117308382	2.08964913019081e+17
1.8254303286864e-06	1.38766676770191e-14	3.3002356661274	2.08964913019073e+17
1.88691076693063e-06	1.47360110618145e-14	3.29965519674751	2.08964913019065e+17
1.95000262275624e-06	1.56647684933198e-14	3.29905951311439	2.08964913019057e+17
2.01473247821923e-06	1.66696680404197e-14	3.29844836426489	2.08964913019047e+17
2.08112680317883e-06	1.77583142065354e-14	3.29782150027611	2.08964913019038e+17
2.14921193295323e-06	1.89392705728255e-14	3.29717867250576	2.08964913019027e+17
2.21901404553247e-06	2.02217795196625e-14	3.29651963379258	2.08964913019015e+17
2.29055913836531e-06	2.16162103820029e-14	3.29584413866802	2.08964913019003e+17
2.36387300473738e-06	2.31341579098653e-14	3.29515194362285	2.08964913018989e+17
2.43898120975948e-06	2.47885681390742e-14	3.29444280728305	2.08964913018975e+17
2.5159090659857e-06	2.65943259497384e-14	3.29371649064324	2.08964913018959e+17
2.59468160868202e-06	2.85679739329946e-14	3.29297275734805	2.08964913018942e+17
2.67532357076715e-06	3.07278661474872e-14	3.29221137387546	2.08964913018923e+17
2.75785935744839e-06	3.30942978673045e-14	3.29143210980371	2.08964913018902e+17
2.84231302057633e-06	3.56902539950412e-14	3.29063473803902	2.0896491301888e+17
2.92870823274291e-06	3.85416491207388e-14	3.28981903508334	2.08964913018855e+17
3.01706826114874e-06	4.16776310969412e-14	3.2889847812611	2.08964913018828e+17
3.10741594126617e-06	4.51308434908861e-14	3.28813176096167	2.08964913018799e+17
3.19977365032567e-06	4.89377565921678e-14	3.28725976291626	2.08964913018767e+17
3.29416328065395e-06	5.31403993810642e-14	3.28636858043073	2.08964913018731e+17
3.39060621289304e-06	5.77861711017986e-14	3.28545801161847	2.08964913018692e+17
3.48912328913053e-06	6.29283295257369e-14	3.28452785971584	2.08964913018649e+17
3.58973478597165e-06	6.86272992421262e-14	3.28357793325998	2.08964913018601e+17
3.69246038758518e-06	7.49521725349427e-14	3.28260804644611	2.08964913018548e+17
3.7973191587551e-06	8.19814759709231e-14	3.28161801924858	2.0896491301849e+17
3.90432951797149e-06	8.98040327549407e-14	3.28060767775994	2.08964913018425e+17
4.01350921059396e-06	9.8521766887039e-14	3.27957685446204	2.08964913018352e+17
4.12487528212218e-06	1.08250865411883e-13	3.2785253883971	2.08964913018272e+17
4.23844405160815e-06	1.1912407733983e-13	3.27745312550057	2.08964913018182e+17
4.35423108524561e-06	1.31293214557408e-13	3.27635991877879	2.08964913018082e+17
4.47225117017228e-06	1.44931952220449e-13	3.27524562868076	2.0896491301797e+17
4.59251828852124e-06	1.60239978939316e-13	3.27411012311028	2.08964913017844e+17
4.71504559175772e-06	1.77446459769536e-13	3.27295327797528	2.08964913017703e+17
4.83984537533834e-06	1.96816299679601e-13	3.27177497711645	2.08964913017544e+17
4.96692905372961e-06	2.18654493185207e-13	3.27057511282585	2.08964913017365e+17
5.09630713582301e-06	2.43312209370229e-13	3.26935358582181	2.08964913017164e+17
5.22798920078386e-06	2.71194741517539e-13	3.26811030569583	2.08964913016936e+17
5.36198387437138e-06	3.02771772018557e-13	3.26684519101223	2.08964913016679e+17
5.49829880576723e-06	3.38588596465052e-13	3.26555816958024	2.08964913016387e+17
5.63694064494978e-06	3.7927698675263e-13	3.26424917855517	2.08964913016056e+17
5.77791502065126e-06	4.25571666660186e-13	3.26291816482664	2.08964913015679e+17
5.92122651893456e-06	4.78326796979345e-13	3.26156508505608	2.0896491301525e+17
6.06687866242651e-06	5.38539087541534e-13	3.26018990606057	2.08964913014761e+17
6.21487389024361e-06	6.07371237652539e-13	3.25879260474986	2.08964913014202e+17
6.36521353864642e-06	6.8618119398142e-13	3.25737316854433	2.08964913013563e+17
6.51789782245768e-06	7.76559492277924e-13	3.25593159533839	2.0896491301283e+17
6.67292581727915e-06	8.80370186819814e-13	3.25446789391639	2.08964913011988e+17
6.8302954425414e-06	9.99799181595607e-13	3.2529820839417	2.0896491301102e+17
6.99000344541999e-06	1.13741495198747e-12	3.25147419613172	2.08964913009905e+17
7.15204538565092e-06	1.29624073437771e-12	3.24994427241044	2.08964913008619e+17
7.31641562127722e-06	1.47983737879344e-12	3.24839236597181	2.08964913007132e+17
7.48310729535781e-06	1.69240858843716e-12	3.24681854157746	2.08964913005411e+17
7.65211232366876e-06	1.93891961500538e-12	3.24522287572777	2.08964913003415e+17
7.82342138342606e-06	2.2252420506917e-12	3.2436054562192	2.08964913001098e+17
7.99702390305782e-06	2.55833188447652e-12	3.24196638298386	2.08964912998403e+17
8.17290805305299e-06	2.94643674153083e-12	3.2403057675622	2.08964912995263e+17
8.35106073791205e-06	3.39934969102063e-12	3.23862373383644	2.08964912991599e+17
8.5314675892243e-06	3.92871645731122e-12	3.23692041730772	2.08964912987317e+17
8.7141129598946e-06	4.54840079604748e-12	3.2351959657854	2.08964912982305e+17
8.89897991954149e-06	5.2749262789577e-12	3.23345053894588	2.08964912976429e+17
9.08605025108686e-06	6.12801200019276e-12	3.23168430899298	2.0896491296953e+17
9.27530444855591e-06	7.1312184760979e-12	3.22989745999576	2.08964912961418e+17
9.46672171610474e-06	8.31272717518924e-12	3.22809018826622	2.08964912951865e+17
9.66027996829117e-06	9.70628480569266e-12	3.22626270246031	2.08964912940597e+17
9.85595583160292e-06	1.13523494575299e-11	3.22441522315794	2.08964912927289e+17
1.00537246472553e-05	1.32994818329894e-11	3.22254798321308	2.08964912911546e+17
1.02535604752692e-05	1.56060281619727e-11	3.22066122757836	2.08964912892899e+17
1.04554360998386e-05	1.83421642703115e-11	3.21875521325501	2.08964912870779e+17
1.06593230359935e-05	2.15923821627658e-11	3.21683020914093	2.08964912844504e+17
1.08651915375659e-05	2.54585135973644e-11	3.21488649606778	2.0896491281325e+17
1.10730106064588e-05	3.00634122153714e-11	3.21292436670297	2.08964912776024e+17
1.12827480032239e-05	3.55554312025968e-11	3.21094412553036	2.08964912731628e+17
1.14943702589441e-05	4.21138782431713e-11	3.20894608848968	2.08964912678612e+17
1.17078426884207e-05	4.9955674034803e-11	3.20693058320571	2.08964912615222e+17
1.19231294046606e-05	5.93434623677088e-11	3.20489794839655	2.08964912539336e+17
1.21401933346571e-05	7.05955132480312e-11	3.20284853428777	2.0896491244838e+17
1.23589962364568e-05	8.40978187874306e-11	3.20078270197445	2.08964912339236e+17
1.25794987175023e-05	1.00318850579131e-10	3.19870082317411	2.08964912208116e+17
1.28016602542393e-05	1.19827601147817e-10	3.1966032807652	2.0896491205042e+17
1.30254392129732e-05	1.43315632352486e-10	3.19449046798152	2.0896491186056e+17
1.32507928719611e-05	1.71624030416366e-10	3.19236278837515	2.08964911631736e+17
1.34776774447197e-05	2.05776372476528e-10	3.19022065528097	2.08964911355674e+17
1.37060481045315e-05	2.47019044748548e-10	3.18806449223257	2.08964911022301e+17
1.39358590101256e-05	2.96870567998924e-10	3.18589473188742	2.08964910619341e+17
1.4167063332512e-05	3.5718194833771e-10	3.18371181676687	2.08964910131832e+17
1.4399613282943e-05	4.30210517806522e-10	3.18151619865364	2.08964909541529e+17
1.46334601419745e-05	5.18710294623287e-10	3.17930833756606	2.0896490882617e+17
1.48685542896001e-05	6.26042558071841e-10	3.17708870237356	2.08964907958586e+17
1.51048452364254e-05	7.56311133570103e-10	3.17485777046068	2.08964906905605e+17
1.53422816558524e-05	9.14527911058903e-10	3.17261602657719	2.08964905626715e+17
1.5580811417239e-05	1.10681531205024e-09	3.17036396443424	2.08964904072427e+17
1.58203816199984e-05	1.3406539167824e-09	3.16810208399004	2.08964902182277e+17
1.60609386286027e-05	1.62518523340099e-09	3.16583089248485	2.0896489988237e+17
1.63024281084502e-05	1.97158177335814e-09	3.16355090470189	2.08964897082399e+17
1.65447950625587e-05	2.39349925896258e-09	3.16126264155199	2.08964893671983e+17
1.67879838690426e-05	2.90762894161375e-09	3.15896663022848	2.08964889516204e+17
1.70319383193312e-05	3.5343718869622e-09	3.15666340350384	2.08964884450158e+17
1.72766016570859e-05	4.29866175118663e-09	3.1543535006953	2.08964878272303e+17
1.75219166177687e-05	5.23096817376176e-09	3.15203746596704	2.0896487073635e+17
1.776782546882e-05	6.36851968687959e-09	3.14971584870102	2.08964861541375e+17
1.80142700503945e-05	7.75679314302433e-09	3.14738920398372	2.08964850319784e+17
1.82611918166109e-05	9.45132642407602e-09	3.1450580910888	2.08964836622658e+17
1.85085318772648e-05	1.15199228900687e-08	3.14272307423966	2.08964819901934e+17
1.87562310399549e-05	1.4045329944976e-08	3.14038472212005	2.08964799488755e+17
1.90042298525741e-05	1.71284907770137e-08	3.13804360841102	2.08964774567187e+17
1.92524686461131e-05	2.08924881380772e-08	3.13570031113304	2.08964744142338e+17
1.95008875777254e-05	2.54873226167339e-08	3.133355413375	2.08964707001739e+17
1.97494266740029e-05	3.10956957723183e-08	3.13100950387374	2.08964661668595e+17
1.99980258744083e-05	3.79400015340884e-08	3.12866317549316	2.08964606345276e+17
2.02466250748138e-05	4.62907682806199e-08	3.12631702927263	2.08964538845078e+17
2.04951641710913e-05	5.64768398874444e-08	3.12397167133259	2.08964456509933e+17
2.07435831027036e-05	6.88976378974031e-08	3.12162771704544	2.08964356111291e+17
2.09918218962426e-05	8.40379100342797e-08	3.11928579103033	2.08964233730914e+17
2.12398207088618e-05	1.02485443921061e-07	3.11694652786536	2.08964084617699e+17
2.14875198715519e-05	1.24952310477199e-07	3.11461057710006	2.0896390301597e+17
2.17348599322057e-05	1.52300300893778e-07	3.11227860245448	2.08963681959886e+17
2.19817816984222e-05	1.85571336021711e-07	3.10995128738162	2.08963413027655e+17
2.22282262799967e-05	2.26023759391341e-07	3.10762933847681	2.089630860482e+17
2.2474135131048e-05	2.75175577183832e-07	3.10531348870211	2.08962688751688e+17
2.27194500917308e-05	3.34855882388984e-07	3.103004506216	2.08962206353921e+17
2.29641134294855e-05	4.0726589852942e-07	3.10070319805742	2.08961621063e+17
2.32080678797741e-05	4.95051303171452e-07	3.09841041984467	2.08960911494852e+17
2.3451256686258e-05	6.01387745386559e-07	3.09612708555223	2.08960051982164e+17
2.36936236403665e-05	7.3008175688227e-07	3.09385417800205	2.08959011758978e+17
2.3935113120214e-05	8.8568957591853e-07	3.09159276357311	2.089577540006e+17
2.41756701288183e-05	1.07365675862042e-06	3.08934400811661	2.08956234695663e+17
2.44152403315777e-05	1.30048184577579e-06	3.08710919540321	2.08954401323981e+17
2.46537700929643e-05	1.57390778592717e-06	3.08488974936626	2.08952191310389e+17
2.48912065123913e-05	1.90314528856119e-06	3.08268726014682	2.08949530220976e+17
2.51274974592166e-05	2.29913279450142e-06	3.08050351457356	2.08946329664021e+17
2.53625916068422e-05	2.77483830330676e-06	3.07834053100586	2.08942484853559e+17
2.55964384658737e-05	3.34560888763655e-06	3.07620060031467	2.08937871788842e+17
2.58289884163047e-05	4.02957434866271e-06	3.07408633255042	2.08932343998073e+17
2.60601927386911e-05	4.84811211951328e-06	3.07200071058669	2.08925728789693e+17
2.62900036442852e-05	5.82638119837021e-06	3.06994715391454	2.08917822949368e+17
2.6518374304097e-05	6.99393357981411e-06	3.06792958839166	2.08908387815597e+17
2.67452588768556e-05	8.38541234027082e-06	3.06595252901733	2.08897143661866e+17
2.69706125358435e-05	1.00413462061897e-05	3.06402117216782	2.08883763308468e+17
2.71943914945774e-05	1.20090510737538e-05	3.06214150067305	2.08867864882872e+17
2.74165530313144e-05	1.43436495348967e-05	3.06032040495268	2.08849003643969e+17
2.76370555123599e-05	1.71092199709364e-05	3.05856581488333	2.0882666278301e+17
2.78558584141596e-05	2.0380087172926e-05	3.0568868542758	2.08800243112921e+17
2.80729223441561e-05	2.42422667033502e-05	3.05529400701085	2.08769051558285e+17
2.8288209060396e-05	2.87950752895639e-05	3.05379931060278	2.08732288361174e+17
2.85016814898726e-05	3.41529193933398e-05	3.05241656500358	2.08689032923694e+17
2.87133037455928e-05	4.04472736870706e-05	3.05116156815651	2.0863822821714e+17
2.89230411423579e-05	4.78288604357745e-05	3.05005237681302	2.08578663700911e+17
2.91308602112508e-05	5.6470039681528e-05	3.04910958959914	2.0850895671234e+17
2.93367287128232e-05	6.6567418597141e-05	3.04835666642945	2.08427532312465e+17
2.95406156489781e-05	7.83446863604866e-05	3.04782026849731	2.08332601603243e+17
2.97424912735475e-05	9.20556783404605e-05	3.04753063816016	2.08222138569837e+17
2.99423271015614e-05	0.000107987670221148	3.04752200777865	2.08093855548513e+17
3.01400959172138e-05	0.000126464898865363	3.04783304456786	2.07945177477191e+17
3.03357717805255e-05	0.000147852302179437	3.04850732932337	2.07773215153066e+17
3.0529330032712e-05	0.000172559464941677	3.04959387875917	2.07574737800647e+17
3.07207473002608e-05	0.00020104475146025	3.0511476994047	2.0734614534492e+17
3.09100014977298e-05	0.000233819599008762	3.05323039092892	2.07083440888572e+17
3.10970718292752e-05	0.000271452938242405	3.05591078259591	2.06782204009339e+17
3.12819387889221e-05	0.000314575698239153	3.05926562148419	2.06437565623122e+17
3.14645841595924e-05	0.00036388534448027	3.06338030170258	2.06044185299345e+17
3.16449910109046e-05	0.000420150388056448	3.06834964464322	2.05596232064794e+17
3.18231436957637e-05	0.000484214793773049	3.07427872667212	2.05087369887681e+17
3.19990278457589e-05	0.000557002203786881	3.08128376385898	2.04510749189943e+17
3.21726303653906e-05	0.000639519882148153	3.08949305489619	2.03859005886364e+17
3.23439394251479e-05	0.000732862274410659	3.09904798465159	2.03124269585589e+17
3.25129444534589e-05	0.000838214065641497	3.11010409574113	2.02298182699843e+17
3.26796361275395e-05	0.000956852610106309	3.12283223817792	2.01371932284677e+17
3.28440063631658e-05	0.00109014959709279	3.1374198090062	2.00336296452317e+17
3.30060483033967e-05	0.00123957181029762	3.15407207113892	1.99181707155906e+17
3.31657563062753e-05	0.00140668083353594	3.17301359925932	1.97898331009036e+17
3.33231259315375e-05	0.00159313155388199	3.19448983411883	1.96476169567456e+17
3.3478153926359e-05	0.0018006693153945	3.21876878014087	1.9490518014039e+17
3.36308382101703e-05	0.00203112558300474	3.24614285773852	1.93175417702787e+17
3.37811778585731e-05	0.00228641198760762	3.27693094156888	1.91277197837019e+17
3.39291730863902e-05	0.00256851264048876	3.3114805952668	1.89201279839978e+17
3.40748252298821e-05	0.00287947462841367	3.35017053956946	1.86939068195661e+17
3.42181367281654e-05	0.00322139663029566	3.39341337631165	1.8448282955285e+17
3.43591111038669e-05	0.00359641563241108	3.44165861115407	1.81825921195072e+17
3.44977529430495e-05	0.00400669176140852	3.4953959837997	1.78963025794291e+17
3.46340678744453e-05	0.00445439130228305	3.55515917901137	1.75890386064914e+17
3.47680625480328e-05	0.00494166802108229	3.6215299310901	1.72606031859632e+17
3.48997446129937e-05	0.00547064296798919	3.6951425404373	1.69109991363323e+17
3.50291226950871e-05	0.00604338299378805	3.77668889753783	1.65404477441336e+17
3.51562063734784e-05	0.00666187826938089	3.86692400172331	1.61494039977709e+17
3.5281006157059e-05	0.00732801915149908	3.96667203921718	1.57385675279593e+17
3.54035334602955e-05	0.00804357278535981	4.07683302810637	1.53088884387127e+17
3.55238005786444e-05	0.00881015987402464	4.19839012726532	1.48615673442238e+17
3.56418206635711e-05	0.00962923207199975	4.33241757699435	1.43980491123644e+17
3.57576076972086e-05	0.0105020504748916	4.48008928095385	1.39200100490948e+17
3.58711764666945e-05	0.0114296656759016	4.64268813549428	1.3429338529249e+17
3.59825425382227e-05	0.0124128998425063	4.82161604735518	1.29281093730113e+17
3.60917222308452e-05	0.0134523312325493	5.01840465676871	1.2418552565551e+17
3.61987325900616e-05	0.0145482815188052	5.23472669568223	1.19030171993465e+17
3.63035913612315e-05	0.0157008062264373	5.47240817834225	1.13839317642227e+17
3.6406316962845e-05	0.0169096885110768	5.73344103724028	1.08637621004017e+17
3.65069284596862e-05	0.0181744364197305	6.01999642516964	1.03449684500944e+17
3.66054455359237e-05	0.0194942836860585	6.33443858050431	9.82996308392775e+16
3.67018884681627e-05	0.0208681940198163	6.67933896275224	9.32106993680816e+16
3.6796278098491e-05	0.0222948687614547	7.05749072429246	8.82048756743876e+16
3.68886358075505e-05	0.023772757690842	7.47192341820894	8.33025656670554e+16
3.6978983487668e-05	0.0253000727071037	7.92591741381072	7.85223229778954e+16
3.70673435160738e-05	0.0268748040373107	8.42301835916515	7.3880635739079e+16
3.71537387282404e-05	0.0284947385869597	8.96705098004634	6.93917758839054e+16
3.72381923913683e-05	0.0301574800157952	9.56213225280121	6.50677112625818e+16
3.73207281780496e-05	0.0318604701085588	10.2126834283875	6.09180782431369e+16
3.74013701401347e-05	0.03360101101095	10.9234408328837	5.69502102214362e+16
3.7480142682831e-05	0.0353762879150105	11.6994649293094	5.31692156911765e+16
3.75570705390572e-05	0.0371833918033826	12.5461474800486	4.95780982752848e+16
3.76321787440793e-05	0.0390193418961671	13.4692160461296	4.6177910400497e+16
3.77054926104514e-05	0.040881107485029	14.4747359409668	4.29679320744453e+16
3.77770377032842e-05	0.0427656288843697	15.5691086968112	3.99458664374941e+16
3.78468398158635e-05	0.0446698372765682	16.7590673214699	3.71080443283615e+16
3.79149249456379e-05	0.0465906732755103	18.0516674468151	3.444963093233e+16
3.79813192705975e-05	0.0485251040781814	19.454273958129	3.19648285822758e+16
3.80460491260605e-05	0.0504701391167022	20.9745432168514	2.96470708707791e+16
3.81091409818861e-05	0.0524228441618748	22.6204006398151	2.74892043328036e+16
3.81706214201303e-05	0.0543803538634117	24.4000125178424	2.54836550138013e+16
3.82305171131599e-05	0.0563398827413039	26.3217533359389	2.36225782037159e+16
3.8288854802239e-05	0.0582987346670916	28.3941670068487	2.18979904644727e+16
3.83456612766021e-05	0.0602543108933462	30.6259233914071	2.03018837915398e+16
3.84009633530253e-05	0.0622041167047016	33.0257691301779	1.8826322324599e+16
3.84547878559076e-05	0.0641457667747365	35.6024741580743	1.7463522462546e+16
3.85071615978724e-05	0.0660769893203243	38.364772083618	1.62059175544135e+16
3.85581113608984e-05	0.0679956291492781	41.3212979103269	1.50462085447998e+16
3.86076638779882e-05	0.0698996496987021	44.4805208648154	1.39774020664852e+16
3.86558458153822e-05	0.0717871341608951	47.8506742318706	1.29928375111541e+16
3.87026837553239e-05	0.0736562857913979	51.4396831723125	1.20862045879679e+16
3.87482041793816e-05	0.0755054274902008	55.2550899302238	1.12515528142207e+16
3.87924334523318e-05	0.0773330007426263	59.3039791630607	1.04832942857155e+16
3.88353978066068e-05	0.0791375640012359	63.5929027679952	9.77620095807278e+15
3.88771233273096e-05	0.0809177905845418	68.1278058939712	9.12539754308312e+15
3.89176359377985e-05	0.0826724661625509	72.9139550985158	8.52635099368598e+15
3.89569613858401e-05	0.0844004858933698	77.9558696651103	7.97485742262939e+15
3.89951252303335e-05	0.0861008512693976	83.2572567837488	7.46702717729266e+15
3.90321528286021e-05	0.0877726667261313	88.8209515646508	6.99926867915479e+15
3.90680693242545e-05	0.0894151360613265	94.6488634838009	6.56827153257049e+15
3.91028996356084e-05	0.0910275587073087	100.741929823529	6.17098931466037e+15
3.91366684446779e-05	0.0926093258945916	107.100075226961	5.8046223763433e+15
3.91694001867181e-05	0.094159916740653	113.722181267214	5.46660091362854e+15
3.92011190403239e-05	0.0956788942937741	120.606063636617	5.15456850754206e+15
3.92318489180762e-05	0.0971659015582058	127.748458441557	4.86636627977991e+15
3.92616134577321e-05	0.0986206575236576	135.145018537701	4.60001776838452e+15
3.92904360139502e-05	0.100042953219087	142.790318771884	4.35371459253721e+15
3.93183396505458e-05	0.101432647808076	150.677870326447	4.12580294698325e+15
3.93453471332682e-05	0.10278966474065	158.800146593671	3.91477094375343e+15
3.93714809230911e-05	0.10411398797421	167.148615270947	3.71923680090834e+15
3.93967631700094e-05	0.1054056582743	175.713780277074	3.53793786421279e+15
3.94212157073316e-05	0.106664769604154	184.485233197811	3.3697204372936e+15
3.944486004646e-05	0.10789146561047	193.451709282916	3.2135303883169e+15
3.9467717372148e-05	0.109085936211402	202.601152669196	3.0684044960413e+15
3.94898085382252e-05	0.110248414291587	211.920786837726	2.93346249479166e+15
3.95111540637786e-05	0.111379172507902	221.397189838417	2.80789977607912e+15
3.95317741297812e-05	0.112478520208696	231.016372896813	2.69098070394512e+15
3.95516885761547e-05	0.113546800468389	240.763864427756	2.58203250135736e+15
3.9570916899257e-05	0.114584387238552	250.624793637993	2.4804396659154e+15
3.95894782497817e-05	0.11559168261599	260.583978061991	2.3856388745438e+15
3.96073914310586e-05	0.11656911422768	270.626009782182	2.29711433862834e+15
3.96246748977433e-05	0.117517132731993	280.735340125046	2.21439357305106e+15
3.96413467548836e-05	0.11843620943513	290.896367383505	2.13704354472149e+15
3.9657424757351e-05	0.119326834021365	301.093516944747	2.0646671684069e+15
3.96729263096249e-05	0.120189512395316	311.311320931801	1.99690011987982e+15
3.9687868465917e-05	0.12102476463421	321.534496874916	1.93340793857963e+15
3.97022679306243e-05	0.121833123047876	331.748017885516	1.87388339410344e+15
3.97161410590975e-05	0.122615130343943	341.937180339695	1.81804409287067e+15
3.9729503858713e-05	0.123371337895627	352.087667827969	1.76563030323408e+15
3.97423719902363e-05	0.124102304109289	362.18560671505	1.71640297913008e+15
3.97547607694635e-05	0.124808592888855	372.217619635886	1.67014196406371e+15
3.97666851691303e-05	0.12549077219411	382.170869828925	1.62664435881147e+15
3.97781598210748e-05	0.1261494126898	392.033103981548	1.5857230376969e+15
3.9789199018643e-05	0.126785086482428	401.792683874364	1.54720529965456e+15
3.97998167193247e-05	0.127398365941602	411.438616935859	1.51093164154853e+15
3.98100265476075e-05	0.127989822602779	420.960578613774	1.47675464236219e+15
3.98198417980384e-05	0.128560026148253	430.348930441201	1.44453794792729e+15
3.98292754384799e-05	0.129109543463227	439.594732412947	1.41415534682209e+15
3.98383401135511e-05	0.12963893776386	448.689749051077	1.38548992894491e+15
3.984704814824e-05	0.130148767794179	457.626453759427	1.35843331906813e+15
3.98554115516793e-05	0.130639587088821	466.398025984031	1.33288497840277e+15
3.98634420210712e-05	0.131111943298577	474.998345014831	1.30875156786277e+15
3.98711509457544e-05	0.131566377575808	483.42198082573	1.28594636731652e+15
3.98785494113991e-05	0.132003424016819	491.664180732333	1.26438874565455e+15
3.98856482043233e-05	0.132423609158368	499.720852846108	1.24400367699288e+15
3.98924578159183e-05	0.132827451525562	507.588546641973	1.22472129877572e+15
3.98989884471737e-05	0.133215461228427	515.264433413576	1.20647650794349e+15
3.99052500132947e-05	0.133588139604545	522.746280831103	1.18920859169448e+15
3.99112521483992e-05	0.133945978905233	530.032429152239	1.17286088969776e+15
3.99170042102887e-05	0.134289462022768	537.121763946942	1.1573804849114e+15
3.99225152852831e-05	0.134619062256314	544.013689612104	1.1427179204279e+15
3.99277941931102e-05	0.134935243114225	550.708100010762	1.12882694001207e+15
3.99328494918441e-05	0.135238458150504	557.205350686466	1.11566425021443e+15
3.9937689482882e-05	0.13552915083329	563.506228354276	1.1031893021416e+15
3.99423222159538e-05	0.135807754443304	569.611922723313	1.091364091144e+15
3.99467554941562e-05	0.136074692000275	575.523996985897	1.08015297284226e+15
3.99509968790052e-05	0.136330376215456	581.244359050945	1.06952249406023e+15
3.99550536954986e-05	0.136575209468399	586.775233074691	1.05944123736393e+15
3.9958933037184e-05	0.136809583806245	592.119131749892	1.04987967802591e+15
3.99626417712249e-05	0.137033880963891	597.278829417487	1.04081005234133e+15
3.99661865434591e-05	0.137248472403396	602.257335627021	1.03220623632092e+15
3.99695737834446e-05	0.137453719371158	607.057870279869	1.02404363387358e+15
3.99728097094855e-05	0.137649972971383	611.683838878956	1.01629907367156e+15
3.99759003336365e-05	0.137837574254496	616.138809331712	1.00895071396386e+15
3.99788514666764e-05	0.138016854319164	620.426490177881	1.0019779546691e+15
3.99816687230502e-05	0.138188134426726	624.550709575462	995361356138299
3.99843575257735e-05	0.138351726126815	628.515394653436	989082564032679
3.99869231112941e-05	0.138507931393105	632.324553611494	983124239809530
3.99893705343101e-05	0.138657042768096	635.982257709827	977469996355060
3.99917046725373e-05	0.138799343515968	639.492625260331	972104338341929
3.99939302314252e-05	0.138935107782566	642.85980572518	967012606927154
3.99960517488167e-05	0.139064600761628	646.087965830604	962180928438553
3.99980735995503e-05	0.13918807886644	649.18127664373	957596166728746
4e-05	0.139305789906135	652.143900945368	953245878902685
4.00034517417677e-05	0.139516745433864	657.487249191455	945498879806377
4.00070158163882e-05	0.139734535606176	663.049651935189	937566933150984
4.00106954841334e-05	0.13995935666859	668.840993573564	929448710462875
4.00144940857683e-05	0.140191409570959	674.871684385831	921143060219839
4.0018415044063e-05	0.140430900046754	681.152693324324	912649019339132
4.00224618653172e-05	0.140678038692442	687.695584235981	903965824851879
4.00266381408981e-05	0.140933041046891	694.512553827886	895092925733342
4.00309475487893e-05	0.141196127670752	701.616473877111	886029994855745
4.00353938551529e-05	0.141467524225753	709.020935778126	876776941026815
4.00399809159017e-05	0.141747461553833	716.740297808566	867333921073750
4.00447126782826e-05	0.142036175756052	724.789737778158	857701351928680
4.00495931824704e-05	0.142333908271201	733.185307854991	847879922668051
4.00546265631711e-05	0.142640905954042	741.943996000307	837870606455231
4.00598170512345e-05	0.142957421153097	751.083788953296	827674672330840
4.00651689752749e-05	0.143283711787899	760.623743435977	817293696792736
4.00706867633003e-05	0.143620041425638	770.584061958507	806729575103386
4.00763749443485e-05	0.143966679357092	780.986173626054	795984532258797
4.00822381501299e-05	0.144323900671772	791.85282261313	785061133549811
4.00882811166764e-05	0.144691986332174	803.208164889904	773962294643141
4.00945086859951e-05	0.145071223247049	815.077871031741	762691291106581
4.0100925807727e-05	0.145461904343585	827.489238158517	751251767299288
4.01075375408088e-05	0.145864328638402	840.471312820794	739647744546270
4.01143490551381e-05	0.146278801307241	854.055022494925	727883628512901
4.01213656332403e-05	0.146705633753258	868.273319410881	715964215693994
4.01285926719372e-05	0.147145143673777	883.16133655881	703894698929870
4.01360356840151e-05	0.147597655125412	898.756557495988	691680671861404
4.01437002998935e-05	0.148063498587423	915.099001811206	679328132234453
4.01515922692917e-05	0.148543011023173	932.231424706945	666843483965232
4.01597174628924e-05	0.149036535939573	950.199539768619	654233537877979
4.01680818740033e-05	0.149544423444361	969.052254447437	641505511027965
4.01766916202132e-05	0.150067030301102	988.841933479664	628667024525029
4.01855529450429e-05	0.150604719981734	1009.6246860736	615726099775631
4.019467221959e-05	0.151157862716548	1031.46067596671	602691153065083
4.02040559441653e-05	0.151726835541433	1054.41446464144	589570988406593
4.02137107499217e-05	0.152312022342226	1078.55538510821	576374788589061
4.0223643400472e-05	0.152913813896031	1103.95795301083	563112104362148
4.02338607934964e-05	0.153532607909325	1130.70231811898	549792841705056
4.0244369962338e-05	0.154168809052688	1158.87475345303	536427247133585
4.02551780775841e-05	0.154822828991996	1188.56821056502	523025891010115
4.02662924486338e-05	0.155495086415888	1219.8829072978	509599648831448
4.02777205252485e-05	0.156186007059338	1252.92699016145	496159680481665
4.02894698990865e-05	0.156896023723146	1287.8172598196	482717407448924
4.0301548305218e-05	0.157625576289152	1324.67997307119	469284488020077
4.03139636236206e-05	0.158375111730996	1363.65172578517	455872790480194
4.03267238806536e-05	0.159145084120211	1404.88042801382	442494364360439
4.03398372505094e-05	0.159935954627466	1448.52638958322	429161409793414
4.03533120566411e-05	0.160748191518731	1494.76350968241	415886245052080
4.03671567731642e-05	0.161582270146186	1543.78060623173	402681272365381
4.03813800262314e-05	0.16243867293363	1595.78289223815	389558942121713
4.03959905953794e-05	0.163317889356189	1650.99359990949	376531715589272
4.04109974148447e-05	0.164220415914109	1709.65580243375	363612026299986
4.04264095748488e-05	0.165146756100388	1772.03443190611	350812240262096
4.04422363228496e-05	0.166097420362033	1838.41853427217	338144615183674
4.04584870647587e-05	0.167072926054717	1909.12377773713	325621258906214
4.04751713661218e-05	0.168073797390568	1984.49525444182	313254087264659
4.04922989532618e-05	0.169100565378895	2064.91060455321	301054781603880
4.05098797143819e-05	0.170153767759569	2150.78353632225	289034746197196
4.05279237006276e-05	0.171233948928836	2242.56773556783	277205065824219
4.05464411271062e-05	0.172341659857302	2340.7612732463	265576463776436
4.05654423738613e-05	0.173477457999842	2445.91153275298	254159260567628
4.05849379868013e-05	0.174641907197185	2558.62077916983	242963333633114
4.06049386785797e-05	0.175835577568895	2679.55237701519	231998078306014
4.0625455329426e-05	0.177059045397522	2809.43784820439	221272370360438
4.06464989879251e-05	0.178312893003631	2949.08478870692	210794530410324
4.06680808717433e-05	0.179597708611466	3099.38582967737	200572290448626
4.06902123682996e-05	0.180914086204968	3261.32877414909	190612762804562
4.07129050353799e-05	0.182262625373903	3436.00804597345	180922411786331
4.07361706016934e-05	0.183643931149805	3624.63768257762	171507028263015
4.07600209673677e-05	0.185058613831493	3828.56610044631	162371707423274
4.0784468204383e-05	0.186507288799875	4049.29280928826	153520829928196
4.08095245569408e-05	0.187990576321778	4288.48751280776	144958046652756
4.0835202441769e-05	0.189509101342542	4548.01179196069	136686267185040
4.08615144483575e-05	0.191063493267101	4829.94389412366	128707652223209
4.08884733391255e-05	0.192654385729291	5136.60701824333	121023609979490
4.09160920495178e-05	0.19428241634911	5470.60168561963	113634796667306
4.09443836880276e-05	0.195948226477693	5834.84283846972	106541121112265
4.09733615361451e-05	0.197652460929708	6232.60233725307	99741753491154.5
4.10030390482291e-05	0.199395767702938	6667.55783988972	93235138165759
4.10334298513006e-05	0.201178797684782	7143.84897573758	87019010539758.5
4.10645477447565e-05	0.203002204345435	7666.14206461759	81090417828567
4.10964067000008e-05	0.204866643417485	8239.70482073506	75445743594518.8
4.11290208599929e-05	0.206772772561686	8870.49265873432	70080735862208.4
4.11624045387097e-05	0.208721251018682	9565.24850416051	64990538593843
4.11965722205217e-05	0.210712739246428	10331.6184256014	60169726270563
4.12315385594788e-05	0.212747898543087	11178.2859448732	55612341294916.2
4.12673183785073e-05	0.214827390655191	12115.1281616312	51311933901838.5
4.13039266685128e-05	0.216951877370826	13153.3973337661	47261604240537.1
4.13413785873909e-05	0.219122020097655	14305.9327488001	43454046269602.7
4.13796894589412e-05	0.221338479425564	15587.4081619452	39881593090673.9
4.14188747716847e-05	0.22360191467374	17014.6210905735	36536263334495.6
4.14589501775823e-05	0.225912983421987	18606.8318721914	33409808205847
4.14999314906534e-05	0.228272341026125	20386.1615614602	30493758791256.2
4.15418346854916e-05	0.230680640117274	22378.059448213	27779473236477.5
4.15846758956784e-05	0.233138530084886	24611.8537176099	25258183407639.1
4.16284714120912e-05	0.235646656543373	27121.4006473539	22921040662732.6
4.16732376811053e-05	0.238205660782184	29945.8517728051	20759160376546.4
4.17189913026885e-05	0.240816179199221	33130.5614989911	18763664883711.6
4.17657490283866e-05	0.243478842717465	36728.16287594	16925724529309.1
4.18135277591979e-05	0.246194276184722	40799.8454210102	15236596545536.6
4.18623445433376e-05	0.248963097756396	45416.8742049656	13687661504423.4
4.1912216573888e-05	0.251785918261216	50662.4009767155	12270457130980.3
4.19631611863355e-05	0.254663340549849	56633.6249235892	10976709297312.3
4.2015195855992e-05	0.257595958826373	63444.3775678819	9798360055877.3
4.20683381953007e-05	0.260584357962558	71228.2185124769	8727592608282.74
4.21226059510241e-05	0.26362911279496	80142.1506266489	7756853144301.86
4.21780170013141e-05	0.266730787404811	90371.0867158419	6878869523753.75
4.2234589352663e-05	0.269889934380757	102133.228891475	6086666810489.47
4.22923411367341e-05	0.273107094064451	115686.560932516	5373579702796.11
4.23512906070724e-05	0.276382793779075	131336.694512986	4733261937400.54
4.24114561356927e-05	0.279717547040871	149446.373522692	4159692774421.29
4.24728562095463e-05	0.283111852753775	170447.004162689	3647180697901.47
4.25355094268649e-05	0.286566194387271	194852.672370222	3190364490354.81
4.25994344933801e-05	0.290081039137608	223277.215251483	2784211860109.47
4.2664650218421e-05	0.293656837072546	256455.049183888	2424015816821.74
4.27311755108853e-05	0.297294020259815	295266.630885689	2105389003301.38
4.2799029375088e-05	0.300993001879496	340769.647137856	1824256200873.36
4.28682309064835e-05	0.304754175320556	394237.274566633	1576845230629.31
4.29387992872643e-05	0.308577913261814	457205.226935343	1359676474828.19
4.30107537818331e-05	0.31246456673759	531529.696577666	1169551240852.9
4.30841137321512e-05	0.316414464188389	619458.861088407	1003539185520.61
4.31588985529608e-05	0.320427910496921	723721.291170472	858965009881.643
4.3235127726883e-05	0.324505186009858	847635.461270978	733394624704.673
4.33128207993909e-05	0.32864654554569	995245.659042365	624620974679.045
4.33919973736582e-05	0.332852217389131	1171490.99498708	530649695607.334
4.34726771052846e-05	0.33712240227251	1382415.89233278	449684763700.703
4.35548796968964e-05	0.341457272344629	1635432.86986802	380114280040.387
4.36386248926255e-05	0.34585697012762	1939651.07330487	320496516671.309
4.37239324724652e-05	0.350321607462314	2306287.85957782	269546333851.763
4.38108222465056e-05	0.35485126444272	2749185.36479534	226122061367.69
4.38993140490471e-05	0.359445988340202	3285460.02312446	189212920344.805
4.39894277325954e-05	0.364105792518009	3936320.74541601	157927046371.472
4.40811831617368e-05	0.368830655336802	4728101.43360855	131480159822.895
4.41746002068972e-05	0.373620519051897	5693566.29383821	109184915517.185
4.42696987379841e-05	0.378475288702954	6873563.0218758	90440951123.144
4.43664986179134e-05	0.383394830996868	8319120.19710273	74725642364.7291
4.44650196960239e-05	0.388378973184664	10094112.8669287	61585562973.6318
4.45652818013785e-05	0.393427501933232	12278656.1990127	50628638575.5405
4.46673047359559e-05	0.398540162192753	14973433.1522475	41516976292.5764
4.47711082677341e-05	0.403716656060718	18305222.7171157	33960345666.5254
4.48767121236657e-05	0.408956641643471	22433973.0565202	27710281644.7543
4.49841359825501e-05	0.414259731916222	27561866.1406501	22554776579.6677
4.5093399467802e-05	0.41962549358254	33944952.5288071	18313525517.3473
4.5204522140119e-05	0.425053445934333	41908108.3309841	14833687316.0075
4.53175234900522e-05	0.430543059713377	51864291.9547522	11986123244.1938
4.54324229304791e-05	0.436093755975495	64339372.3926263	9662074573.29256
4.55492397889842e-05	0.441704904958468	80004187.7492979	7770241161.70731
4.56679933001477e-05	0.447375824954869	99715994.6185546	6234224037.96458
4.57887025977468e-05	0.453105781190964	124572132.782392	4990296423.26046
4.59113867068702e-05	0.458893984712905	155979591.510201	3985469382.00151
4.6036064535951e-05	0.464739591281446	195745302.396799	3175820292.12686
4.6162754868719e-05	0.470641700276453	246193469.129812	2525054472.24491
4.62914763560766e-05	0.476599353612482	310318200.802584	2003272558.86047
4.64222475079013e-05	0.482611534666764	391982280.441241	1585918504.16858
4.65550866847773e-05	0.488677167220933	496176265.081915	1252885334.70468
4.66900120896605e-05	0.49479511441786	629356548.671481	987758022.720952
4.68270417594804e-05	0.500964177734997	799886811.574907	777174952.11867
4.69661935566812e-05	0.507183095975634	1018614928.75227	610291475.119803
4.7107485160707e-05	0.51345054427952	1299627430.43199	478330947.037184
4.72509340594346e-05	0.519765133154297	1661236746.47164	374210378.764701
4.73965575405569e-05	0.526125407529226	2127273732.31021	292229454.9239
4.75443726829224e-05	0.532529845832712	2728780653.73028	227813127.261661
4.76943963478328e-05	0.538976859095124	3506229382.7073	177299313.973318
4.78466451703049e-05	0.545464790078454	4512428525.98367	137764414.401518
4.80011355502987e-05	0.551991912434362	5816333908.29714	106880397.909003
4.81578836439187e-05	0.558556429892162	7508043305.86852	82798149.4056127
4.83169053545896e-05	0.565156475478319	9705342930.92923	64052564.0075738
4.84782163242141e-05	0.571790110769066	12562286080.2471	49485587.4410797
4.86418319243143e-05	0.578455325177719	16280431115.9423	38184008.0714343
4.88077672471633e-05	0.585150035278324	21123556450.7899	29429330.2626703
4.8976037096911e-05	0.591872084167263	27436917241.7701	22657506.2754935
4.91466559807087e-05	0.598619240864469	35672427068.8216	17426684.424897
4.93196380998372e-05	0.605389199755931	46421559168.7836	13391453.1140711
4.94949973408438e-05	0.612179580079182	60458289370.0006	10282330.8936002
4.96727472666925e-05	0.618987925453515	78795079337.3686	7889479.19736888
4.98529011079329e-05	0.62581170345671	102755761321.814	6049803.27712599
5.00354717538921e-05	0.632648305250134	134070281591.538	4636763.16461374
5.02204717438955e-05	0.639495045254135	174997647865.072	3552345.71210113
5.04079132585216e-05	0.646349160875801	228485171395.834	2720754.87658475
5.05978081108946e-05	0.653207812291281	298374284058.517	2083464.2177657
5.07901677380224e-05	0.660068082285102	389665932297.058	1595346.40468685
5.09850031921829e-05	0.666926976149152	508861921603.218	1221651.92029517
5.11823251323654e-05	0.673781421644413	664402720380.388	935655.625745689
5.13821438157721e-05	0.680628269028959	867227271612.48	716827.253095868
5.15844690893846e-05	0.687464291156405	1131486440832.49	549411.924668104
5.17893103816015e-05	0.694286183649786	1475448989453.61	421330.828045414
5.19966766939518e-05	0.701090565156905	1922647530527.85	323331.311391014
5.22065765928901e-05	0.707873977694588	2503321891013.63	248330.889671754
5.24190182016787e-05	0.71463288709098	3256228716513.32	190911.700305375
5.26340091923625e-05	0.721363683537275	4230898957642.31	146931.463119539
5.28515567778414e-05	0.728062682263076	5490438892768.28	113224.499179068
5.30716677040462e-05	0.734726124353076	7114985215676.25	87372.243825223
5.32943482422239e-05	0.741350177727137	9205939810454.56	67527.3005087528
5.35196041813364e-05	0.747930938311241	11891124247873.9	52278.6834776815
5.37474408205798e-05	0.754464431433371	15331006370321.6	40548.7013708425
5.39778629620288e-05	0.760946613486354	19726159792269.7	31514.1169066334
5.42108749034112e-05	0.767373373909237	25326119269133.9	24545.9101454913
5.44464804310188e-05	0.773740537550045	32439787651200.3	19163.2831605216
5.468468281276e-05	0.780043867485933	41447529834335.8	14998.5557539445
5.49254847913585e-05	0.786279068391781	52815051414104	11770.3836200997
5.51688885777044e-05	0.792441790565323	67109099889958.9	9263.33158837377
5.54148958443626e-05	0.798527634735588	85014939226659.9	7312.29601326787
5.56635077192434e-05	0.804532157801566	107355429646599	5790.6257961318
5.59147247794413e-05	0.810450879668847	135111389772412	4601.06320382798
5.61685470452461e-05	0.816279291372765	169442725520473	3668.8339552461
5.6424973974332e-05	0.822012864695833	211709580042817	2936.37503726009
5.66840044561294e-05	0.827647063503515	263492496182253	2359.31055486622
5.69456368063848e-05	0.833177357033391	326610297274941	1903.37851771039
5.7209868761913e-05	0.838599235376052	403134100293680	1542.08246409655
5.74766974755468e-05	0.843908227378793	495395601287542	1254.89562517568
5.77461195112886e-05	0.849099921182156	605987548717339	1025.88646154358
5.8018130839669e-05	0.854169987561534	737754184520693	842.665718329896
5.82927268333164e-05	0.859114206188472	893769429569242	695.57895733539
5.85699022627425e-05	0.863928494846717	1.07730076488193e+15	577.086581582723
5.88496512923473e-05	0.868608941535248	1.29175715359884e+15	481.287267941193
5.91319674766489e-05	0.873151839264785	1.54061999106955e+15	403.551107688006
5.94168437567413e-05	0.877553723207821	1.82735697157242e+15	340.236793803725
5.9704272456985e-05	0.881811409699804	2.15531990280268e+15	288.473277181496
5.99942452819329e-05	0.885922036417499	2.52762883139474e+15	245.99090524128
6.02867533134977e-05	0.889883102890922	2.94704627528805e+15	210.990608721082
6.05817870083617e-05	0.893692510346117	3.41584676604096e+15	182.042376096168
6.08793361956348e-05	0.89734859974441	3.93568813443052e+15	158.006314150948
6.11793900747628e-05	0.900850186793297	4.5074918625589e+15	137.971142066185
6.14819372136895e-05	0.904196592663329	5.13134021894771e+15	121.20617470499
6.17869655472765e-05	0.90738766916896	5.8063976706423e+15	107.123756812399
6.20944623759825e-05	0.910423817264336	6.53086316566432e+15	95.249803143686
6.24044143648061e-05	0.913305997869028	7.30195831455635e+15	85.2006509502042
6.27168075424935e-05	0.916035734267915	8.11595436933862e+15	76.6648225374911
6.30316273010156e-05	0.918615105613494	8.96823838015014e+15	69.3886283393416
6.3348858395315e-05	0.92104673138323	9.8534162437008e+15	63.1647694386581
6.36684849433256e-05	0.923333746987026	1.07654478109116e+16	57.8232934782369
6.39904904262683e-05	0.925479771059055	1.16978070552187e+16	53.224402023799
6.43148576892228e-05	0.927488865281145	1.26436587340943e+16	49.2527121789354
6.46415689419781e-05	0.929365487851943	1.3596042146812e+16	45.8126695892569
6.49706057601638e-05	0.931114441921249	1.45480525520284e+16	42.8248700016825
6.53019490866628e-05	0.932740820441183	1.54930115151671e+16	40.2231026958441
6.56355792333072e-05	0.934249948941633	1.64246187839933e+16	37.9519684842587
6.5971475882858e-05	0.935647327718579	1.73370800591261e+16	35.9649533734161
6.63096180912701e-05	0.936938574837619	1.82252070249502e+16	34.22286845863
6.66499842902426e-05	0.938129371213177	1.90844880288291e+16	32.6925827659301
6.69925522900562e-05	0.939225408840712	1.99111296638503e+16	31.3459901871463
6.73372992826962e-05	0.940232343049851	2.07020710868832e+16	30.1591662423282
6.76842018452632e-05	0.941155749425833	2.14549741079776e+16	29.1116770607458
6.803323594367e-05	0.942001085828424	2.2168192888446e+16	28.1860121593149
6.83843769366256e-05	0.942773659732362	2.28407274964553e+16	27.3671172267621
6.87375995799053e-05	0.943478600929821	2.34721656375412e+16	26.642008197423
6.90928780309062e-05	0.944120839478705	2.40626166699578e+16	25.9994517562839
6.94501858534886e-05	0.944705088653494	2.46126416066454e+16	25.4297002309212
6.98094960231003e-05	0.945235832558339	2.51231822710921e+16	24.924270686802
7.01707809321844e-05	0.945717317993814	2.55954921795961e+16	24.4757602720042
7.05340123958691e-05	0.946153550126458	2.60310711213997e+16	24.0776917630224
7.08991616579365e-05	0.946548291490569	2.64316048411162e+16	23.7243838090289
7.1266199397071e-05	0.946905063850775	2.6798910721655e+16	23.4108414715732
7.16350957333833e-05	0.947227152467726	2.71348899355441e+16	23.1326637593408
7.20058202352097e-05	0.94751761233423	2.74414861836142e+16	22.8859651502296
7.23783419261825e-05	0.947779275981792	2.77206508708005e+16	22.6673089566621
7.27526292925715e-05	0.948014762495019	2.7974314372859e+16	22.4736502755593
7.31286502908912e-05	0.948226487411268	2.8204362915758e+16	22.3022872249322
7.35063723557738e-05	0.948416673223286	2.84126205108199e+16	22.1508190715123
7.3885762408102e-05	0.948587360242091	2.86008353526597e+16	22.0171100182351
7.42667868634013e-05	0.948740417614733	2.87706700835683e+16	21.8992579757266
7.46494116404858e-05	0.948877554326295	2.89236953483535e+16	21.7955673983642
7.50336021703564e-05	0.94900033004708	2.90613861002211e+16	21.7045256911164
7.54193234053454e-05	0.949110165714096	2.91851201649391e+16	21.6247825611542
7.58065398285058e-05	0.949208353760828	2.92961786224375e+16	21.5551319108373
7.61952154632387e-05	0.94929606793077	2.9395747618553e+16	21.4944960440835
7.65853138831577e-05	0.9493743726287	2.94849212721948e+16	21.4419115727887
7.69767982221826e-05	0.949444231779163	2.95647053930068e+16	21.3965171607155
7.73696311848604e-05	0.949506517174671	2.96360217705142e+16	21.3575425564406
7.77637750569074e-05	0.949562016306704	2.96997128371554e+16	21.3242989014492
7.81591917159684e-05	0.949611439681227	2.97565465442734e+16	21.2961701077286
7.85558426425863e-05	0.949655427627256	2.98072213221165e+16	21.2726052244223
7.89536889313802e-05	0.949694556612252	2.98523710223765e+16	21.2531115471608
7.93526913024221e-05	0.94972934508216	2.98925697651167e+16	21.2372485732379
7.97528101128113e-05	0.949760258846761	2.99283366314923e+16	21.2246225006976
8.01540053684369e-05	0.949787716033003	2.99601401598586e+16	21.2148813788261
8.05562367359259e-05	0.949812091630222	2.99884026161252e+16	21.2077107135463
8.0959463554768e-05	0.949833721651752	3.00135040199243e+16	21.2028295739825
8.1363644849614e-05	0.949852906937601	3.00357859167149e+16	21.1999870824654
8.17687393427387e-05	0.949869916622594	3.00555548926585e+16	21.1989592227823
8.21747054666647e-05	0.949884991293844	3.00730858342849e+16	21.1995460774493
8.25815013769384e-05	0.949898345860646	3.00886249388789e+16	21.2015692645436
8.29890849650534e-05	0.949910172158936	3.01023924843925e+16	21.2048696686737
8.33974138715134e-05	0.94992064131143	3.01145853697099e+16	21.2093053795337
8.38064454990287e-05	0.949929905863395	3.01253794374393e+16	21.2147499060117
8.4216137025839e-05	0.949938101712879	3.01349315922135e+16	21.2210905187226
8.46264454191558e-05	0.949945349853008	3.01433817278569e+16	21.2282267430832
8.50373274487173e-05	0.949951757942793	3.01508544768355e+16	21.236069105364
8.54487397004482e-05	0.949957421721743	3.01574607952086e+16	21.2445378939729
8.58606385902185e-05	0.949962426282453	3.01632993959223e+16	21.2535621315862
8.62729803776922e-05	0.949966847214237	3.0168458042773e+16	21.2630786305508
8.66857211802607e-05	0.949970751629884	3.01730147167692e+16	21.2730311357433
8.70988169870511e-05	0.949974199086593	3.01770386659572e+16	21.2833695408218
8.75122236730045e-05	0.949977242411267	3.01805913490893e+16	21.2940492628222
8.79258970130142e-05	0.94997992843944	3.01837272828074e+16	21.3050305912694
8.83397926961188e-05	0.949982298676326	3.01864948013181e+16	21.3162781727536
8.87538663397406e-05	0.949984389887726	3.01889367368513e+16	21.3277605230906
8.91680735039626e-05	0.949986234627823	3.01910910285341e+16	21.3394495927839
8.95823697058364e-05	0.949987861710245	3.01929912666831e+16	21.3513203759559
8.99967104337131e-05	0.949989296628207	3.01946671789172e+16	21.3633505853711
9.04110511615899e-05	0.949990561928958	3.01961450639342e+16	21.375520333736
9.08253473634637e-05	0.949991677547291	3.01974481782675e+16	21.3878118572122
9.12395545276857e-05	0.94999266110239	3.0198597080851e+16	21.4002093002959
9.16536281713075e-05	0.949993528161885	3.01996099397671e+16	21.4126984750281
9.20675238544121e-05	0.949994292476596	3.02005028051358e+16	21.4252666800563
9.24811971944218e-05	0.949994966189086	3.02012898517194e+16	21.4379025349781
9.28946038803752e-05	0.949995560018859	3.02019835944658e+16	21.450595810987
9.33076996871656e-05	0.949996083426717	3.02025950798912e+16	21.4633373332471
9.37204404897341e-05	0.949996544760544	3.02031340559127e+16	21.4761188233102
9.41327822772078e-05	0.949996951384561	3.02036091224725e+16	21.4889328191384
9.45446811669781e-05	0.949997309793857	3.02040278650557e+16	21.5017725824698
9.4956093418709e-05	0.949997625715841	3.02043969729847e+16	21.5146319952015
9.53669754482705e-05	0.94999790420005	3.02047223441752e+16	21.5275054989805
9.57772838415873e-05	0.949998149697638	3.02050091778595e+16	21.5403880457749
9.61869753683976e-05	0.949998366131673	3.02052620566246e+16	21.5532750203887
9.65960069959129e-05	0.949998556959317	3.02054850189652e+16	21.5661621937027
9.70043359023729e-05	0.949998725226767	3.0205681623422e+16	21.579045682565
9.74119194904879e-05	0.949998873617813	3.02058550052608e+16	21.5919219136994
9.78187154007616e-05	0.949999004496724	3.02060079265414e+16	21.6047875775777
9.82246815246876e-05	0.949999119946111	3.02061428203316e+16	21.6176396080286
9.86297760178123e-05	0.949999221800356	3.02062618297389e+16	21.6304751503718
9.90339573126583e-05	0.94999931167511	3.02063668423563e+16	21.6432915429239
9.94371841315004e-05	0.94999939099331	3.02064595206523e+16	21.6560862900507
9.98394154989894e-05	0.94999946100813	3.02065413287758e+16	21.6688570403517
0.000100240610754615	0.949999522823221	3.02066135561916e+16	21.6816015852811
0.000100640729565004	0.949999577410546	3.02066773385181e+16	21.6943178281942
0.000101039731936046	0.949999625626102	3.02067336758916e+16	21.7070037827701
0.00010143757822484	0.949999668223777	3.02067834491509e+16	21.7196575602304
0.000101834229151458	0.949999705867552	3.02068274340945e+16	21.7322773510012
0.000102229645810519	0.949999739142255	3.02068663140405e+16	21.7448614310032
0.000102623789682566	0.949999768563025	3.02069006908883e+16	21.7574081407628
0.000103016622645244	0.949999794583656	3.02069310948593e+16	21.7699158884254
0.000103408106984269	0.949999817603933	3.02069579930734e+16	21.7823831348258
0.000103798205404188	0.949999837976096	3.02069817971e+16	21.79480839717
0.000104186881038921	0.949999856010531	3.02070028696047e+16	21.8071902379417
0.000104574097462081	0.949999871980775	3.02070215301997e+16	21.819527271926
0.00010495981869707	0.949999886127927	3.02070380605937e+16	21.8318181461896
0.000105344009226941	0.949999898664522	3.02070527091235e+16	21.8440615535436
0.000105726634004025	0.949999909777949	3.02070656947423e+16	21.8562562169789
0.000106107658459324	0.949999919633451	3.02070772105298e+16	21.8684008946854
0.000106487048511653	0.949999928376774	3.02070874267807e+16	21.880494379466
0.000106864770576535	0.949999936136486	3.0207096493723e+16	21.8925354910061
0.000107240791574855	0.949999943026032	3.02071045439096e+16	21.9045230805507
0.000107615078941244	0.949999949145527	3.02071116943233e+16	21.916456021571
0.000107987600632217	0.949999954583351	3.02071180482293e+16	21.9283332221263
0.000108358325134043	0.949999959417535	3.02071236968056e+16	21.9401536108835
0.000108727221470355	0.949999963716996	3.02071287205778e+16	21.9519161389971
0.00010909425920949	0.949999967542614	3.0207133190682e+16	21.9636197881368
0.000109459408471557	0.949999970948184	3.02071371699767e+16	21.9752635577761
0.000109822639935242	0.949999973981257	3.02071407140218e+16	21.9868464732979
0.000110183924844326	0.949999976683874	3.02071438719399e+16	21.9983675835992
0.000110543235013938	0.949999979093214	3.02071466871754e+16	22.00982595448
0.00011090054283652	0.949999981242171	3.02071491981629e+16	22.0212206813261
0.000111255821287521	0.949999983159855	3.02071514389154e+16	22.0325508748986
0.000111609043930801	0.949999984872034	3.02071534395432e+16	22.0438156717428
0.000111960184923756	0.949999986401529	3.02071552267106e+16	22.0550142307381
0.000112309219022163	0.949999987768554	3.02071568240383e+16	22.0661457251128
0.00011265612158473	0.949999988991025	3.02071582524586e+16	22.0772093561499
0.00011300086857737	0.949999990084821	3.02071595305278e+16	22.0882043415343
0.000113343436577184	0.949999991064028	3.02071606747022e+16	22.0991299244519
0.000113683802776156	0.949999991941138	3.02071616995813e+16	22.1099853664248
0.000114021944984568	0.949999992727242	3.02071626181223e+16	22.1207699501586
0.000114357841634119	0.949999993432185	3.02071634418296e+16	22.1314829800551
0.000114691471780763	0.949999994064712	3.02071641809215e+16	22.1421237791428
0.000115022815107263	0.949999994632594	3.0207164844478e+16	22.1526916937245
0.000115351851925448	0.94999999514274	3.02071654405708e+16	22.1631860910564
0.000115678563178204	0.949999995601292	3.02071659763786e+16	22.1736063570273
0.000116002930441158	0.949999996013717	3.02071664582884e+16	22.1839518996211
0.000116324935924101	0.94999999638488	3.02071668919853e+16	22.1942221461632
0.000116644562472111	0.949999996719115	3.02071672825323e+16	22.2044165476199
0.000116961793566411	0.949999997020281	3.02071676344399e+16	22.2145345727668
0.000117276613324933	0.949999997291819	3.02071679517287e+16	22.2245757124625
0.00011758900650262	0.949999997536798	3.02071682379838e+16	22.2345394766779
0.000117898958491444	0.949999997757956	3.02071684964041e+16	22.2444253985141
0.00011820645532015	0.949999997957735	3.02071687298448e+16	22.2542330304524
0.000118511483653737	0.949999998138319	3.02071689408555e+16	22.26396194371
0.000118814030792664	0.949999998301656	3.02071691317144e+16	22.2736117321754
0.000119114084671792	0.94999999844949	3.02071693044582e+16	22.2831820101802
0.000119411633859065	0.949999998583379	3.02071694609081e+16	22.2926724119901
0.000119706667553929	0.949999998704719	3.0207169602694e+16	22.30208259083
0.000119999175585493	0.949999998814757	3.02071697312749e+16	22.31141222211
0.000120289148410441	0.949999998914613	3.02071698479579e+16	22.3206610002303
0.000120576577110685	0.949999999005289	3.02071699539143e+16	22.3298286391456
0.000120861453390777	0.949999999087683	3.02071700501943e+16	22.3389148748292
0.000121143769575079	0.949999999162603	3.02071701377403e+16	22.3479194610587
0.000121423518604684	0.949999999230772	3.02071702173981e+16	22.3568421718688
0.00012170069403411	0.94999999929284	3.02071702899272e+16	22.3656828008111
0.000121975290027757	0.949999999349391	3.02071703560103e+16	22.3744411618688
0.000122247301356138	0.949999999400952	3.02071704162611e+16	22.3831170882579
0.000122516723391879	0.949999999447993	3.02071704712316e+16	22.3917104311751
0.000122783552105513	0.94999999949094	3.02071705214186e+16	22.4002210621346
0.000123047784061042	0.949999999530177	3.02071705672698e+16	22.4086488709759
0.000123309416411297	0.949999999566048	3.02071706091883e+16	22.4169937668524
0.000123568446893094	0.949999999598864	3.02071706475375e+16	22.425255676772
0.00012382487382218	0.949999999628907	3.02071706826455e+16	22.4334345477862
0.000124078696087985	0.949999999656429	3.02071707148082e+16	22.4415303430061
0.000124329913148183	0.949999999681659	3.02071707442929e+16	22.4495430459194
0.000124578525023064	0.949999999704804	3.0207170771341e+16	22.4574726568682
0.000124824532289722	0.94999999972605	3.0207170796171e+16	22.465319193647
0.000125067936076068	0.949999999745568	3.02071708189804e+16	22.4730826920484
0.000125308738054666	0.949999999763509	3.02071708399479e+16	22.480763205771
0.000125546940436407	0.949999999780012	3.02071708592356e+16	22.4883608048788
0.000125782545964015	0.949999999795204	3.02071708769901e+16	22.4958755770596
0.000126015557905397	0.949999999809197	3.02071708933445e+16	22.5033076258707
0.000126245980046847	0.949999999822095	3.02071709084195e+16	22.5106570725552
0.00012647381668609	0.949999999833992	3.02071709223247e+16	22.5179240538481
0.000126699072625202	0.949999999844973	3.02071709351596e+16	22.5251087230426
0.00012692175316338	0.949999999855116	3.02071709470146e+16	22.5322112492787
0.000127141864089585	0.94999999986449	3.0207170957972e+16	22.5392318165583
0.000127359411675064	0.949999999873161	3.02071709681066e+16	22.5461706250077
0.000127574402665748	0.949999999881185	3.02071709774866e+16	22.5530278895597
0.000127786844274536	0.949999999888617	3.0207170986174e+16	22.5598038408377
0.000127996744173474	0.949999999895505	3.02071709942254e+16	22.5664987227664
0.000128204110485825	0.949999999901892	3.02071710016923e+16	22.5731127950835
0.000128408951778042	0.949999999907819	3.02071710086219e+16	22.5796463309207
0.000128611277051654	0.949999999913324	3.0207171015057e+16	22.5860996168932
0.000128811095735061	0.949999999918439	3.02071710210371e+16	22.5924729537449
0.000129008417675243	0.949999999923195	3.02071710265979e+16	22.5987666559243
0.000129203253129404	0.949999999927621	3.02071710317723e+16	22.6049810504008
0.000129395612756532	0.949999999931741	3.02071710365903e+16	22.6111164769258
0.000129585507608905	0.949999999935581	3.02071710410795e+16	22.6171732883218
0.000129772949123531	0.94999999993916	3.0207171045265e+16	22.6231518493324
0.000129957949113534	0.949999999942499	3.020717104917e+16	22.6290525365691
0.000130140519759493	0.949999999945617	3.02071710528156e+16	22.6348757384673
0.000130320673600734	0.949999999948529	3.02071710562213e+16	22.6406218551294
0.000130498423526583	0.949999999951251	3.0207171059405e+16	22.646291297483
0.000130673782767589	0.949999999953797	3.0207171062383e+16	22.6518844879669
0.000130846764886718	0.94999999995618	3.02071710651705e+16	22.6574018584886
0.000131017383770515	0.949999999958412	3.02071710677814e+16	22.6628438523324
0.000131185653620263	0.949999999960504	3.02071710702283e+16	22.6682109221956
0.000131351588943112	0.949999999962466	3.02071710725232e+16	22.6735035309967
0.000131515204543212	0.949999999964306	3.02071710746767e+16	22.6787221509207
0.000131676515512837	0.949999999966035	3.0207171076699e+16	22.6838672634428
0.000131835537223508	0.949999999967659	3.02071710785992e+16	22.6889393587188
0.000131992285317128	0.949999999969185	3.02071710803858e+16	22.6939389355443
0.000132146775697121	0.949999999970622	3.02071710820667e+16	22.6988665013783
0.000132299024519593	0.949999999971974	3.02071710836492e+16	22.7037225713909
0.000132449048184504	0.949999999973248	3.02071710851399e+16	22.7085076687295
0.000132596863326869	0.949999999974448	3.02071710865451e+16	22.7132223237683
0.000132742486807992	0.94999999997558	3.02071710878706e+16	22.7178670745528
0.000132885935706719	0.949999999976649	3.02071710891215e+16	22.7224424657316
0.000133027227310745	0.949999999977658	3.02071710903029e+16	22.726949048705
0.000133166379107946	0.949999999978611	3.02071710914193e+16	22.7313873812514
0.000133303408777766	0.949999999979513	3.02071710924749e+16	22.7357580272585
0.000133438334182649	0.949999999980366	3.02071710934738e+16	22.7400615564687
0.000133571173359525	0.949999999981173	3.02071710944194e+16	22.7442985442457
0.00013370194451135	0.949999999981938	3.02071710953153e+16	22.7484695710477
0.000133830665998707	0.949999999982663	3.02071710961645e+16	22.7525752225692
0.000133957356331475	0.94999999998335	3.02071710969701e+16	22.7566160892007
0.000134082034160556	0.949999999984003	3.02071710977346e+16	22.7605927658906
0.00013420471826968	0.949999999984623	3.02071710984606e+16	22.7645058515839
0.000134325427567279	0.949999999985211	3.02071710991506e+16	22.7683559494727
0.000134444181078442	0.949999999985771	3.02071710998066e+16	22.7721436662863
0.000134560997936947	0.949999999986304	3.02071711004308e+16	22.7758696123995
0.000134675897377374	0.949999999986811	3.0207171101025e+16	22.7795344013313
0.000134788898727307	0.949999999987293	3.02071711015911e+16	22.783138649452
0.000134900021399624	0.949999999987753	3.02071711021306e+16	22.7866829760291
0.000135009284884876	0.949999999988192	3.02071711026451e+16	22.7901680026314
0.000135116708743761	0.949999999988611	3.02071711031361e+16	22.793594353275
0.000135222312599692	0.949999999989011	3.02071711036049e+16	22.7969626538308
0.00013532611613147	0.949999999989392	3.02071711040528e+16	22.8002735319236
0.000135428139066048	0.949999999989757	3.0207171104481e+16	22.8035276167751
0.000135528401171402	0.949999999990107	3.02071711048906e+16	22.8067255389356
0.000135626922249513	0.949999999990441	3.02071711052825e+16	22.8098679299703
0.000135723722129442	0.94999999999076	3.02071711056579e+16	22.8129554222796
0.000135818820660529	0.949999999991067	3.02071711060175e+16	22.8159886489851
0.00013591223770569	0.949999999991361	3.02071711063622e+16	22.8189682436696
0.000136003993134831	0.949999999991642	3.02071711066929e+16	22.821894840047
0.000136094106818379	0.949999999991913	3.02071711070102e+16	22.8247690719796
0.000136182598620921	0.949999999992172	3.02071711073149e+16	22.827591573049
0.000136269488394961	0.949999999992421	3.02071711076076e+16	22.830362976378
0.000136354795974801	0.949999999992661	3.0207171107889e+16	22.8330839146614
0.00013643854117053	0.949999999992891	3.02071711081596e+16	22.8357550196978
0.000136520743762142	0.949999999993113	3.02071711084199e+16	22.8383769224393
0.000136601423493768	0.949999999993326	3.02071711086706e+16	22.8409502526392
0.000136680600068035	0.949999999993532	3.0207171108912e+16	22.8434756387029
0.000136758293140543	0.94999999999373	3.02071711091446e+16	22.8459537075642
0.000136834522314466	0.94999999999392	3.02071711093688e+16	22.8483850844513
0.000136909307135275	0.949999999994105	3.02071711095851e+16	22.8507703928106
0.000136982667085593	0.949999999994282	3.02071711097938e+16	22.8531102540445
0.000137054621580162	0.949999999994453	3.02071711099952e+16	22.8554052873918
0.000137125189960943	0.949999999994619	3.02071711101897e+16	22.8576561097664
0.000137194391492338	0.949999999994779	3.02071711103777e+16	22.859863335625
0.000137262245356541	0.949999999994933	3.02071711105593e+16	22.8620275768327
0.000137328770649005	0.949999999995083	3.0207171110735e+16	22.8641494424262
0.000137393986374046	0.949999999995227	3.02071711109049e+16	22.8662295385257
0.000137457911440561	0.949999999995367	3.02071711110693e+16	22.8682684682779
0.00013752056465788	0.949999999995502	3.02071711112285e+16	22.8702668316249
0.000137581964731734	0.949999999995633	3.02071711113826e+16	22.8722252251803
0.000137642130260354	0.94999999999576	3.02071711115318e+16	22.8741442421429
0.000137701079730692	0.949999999995883	3.02071711116765e+16	22.8760244721732
0.000137758831514763	0.949999999996002	3.02071711118167e+16	22.8778665012573
0.000137815403866112	0.949999999996118	3.02071711119526e+16	22.8796709115911
0.000137870814916402	0.94999999999623	3.02071711120845e+16	22.8814382815143
0.000137925082672126	0.949999999996339	3.02071711122124e+16	22.8831691853464
0.000137978225011434	0.949999999996444	3.02071711123365e+16	22.8848641933283
0.000138030259681091	0.949999999996546	3.0207171112457e+16	22.8865238714973
0.000138081204293538	0.949999999996646	3.0207171112574e+16	22.8881487816202
0.000138131076324089	0.949999999996742	3.02071711126876e+16	22.8897394810727
0.000138179893108228	0.949999999996836	3.02071711127979e+16	22.8912965227839
0.00013822767183904	0.949999999996927	3.02071711129051e+16	22.8928204551354
0.000138274429564738	0.949999999997015	3.02071711130093e+16	22.8943118218977
0.000138320183186321	0.949999999997101	3.02071711131106e+16	22.8957711621319
0.000138364949455335	0.949999999997185	3.0207171113209e+16	22.8971990101391
0.000138408744971748	0.949999999997266	3.02071711133047e+16	22.8985958953932
0.000138451586181935	0.949999999997346	3.02071711133978e+16	22.899962342454
0.000138493489376773	0.949999999997422	3.02071711134883e+16	22.9012988709309
0.000138534470689844	0.949999999997497	3.02071711135764e+16	22.9026059954163
0.000138574546095742	0.94999999999757	3.02071711136621e+16	22.9038842254224
0.000138613731408485	0.949999999997641	3.02071711137454e+16	22.9051340653601
0.000138652042280035	0.949999999997709	3.02071711138266e+16	22.9063560144511
0.000138689494198913	0.949999999997777	3.02071711139055e+16	22.9075505667103
0.000138726102488919	0.949999999997842	3.02071711139824e+16	22.9087182109023
0.000138761882307947	0.949999999997905	3.02071711140572e+16	22.9098594305018
0.000138796848646905	0.949999999997967	3.020717111413e+16	22.9109747036457
0.000138831016328717	0.949999999998027	3.02071711142009e+16	22.9120645031279
0.000138864400007433	0.949999999998086	3.02071711142699e+16	22.9131292963355
0.000138897014167426	0.949999999998143	3.02071711143371e+16	22.9141695452687
0.00013892887312267	0.949999999998199	3.02071711144026e+16	22.9151857064776
0.000138959991016126	0.949999999998253	3.02071711144663e+16	22.9161782310608
0.000138990381819197	0.949999999998305	3.02071711145284e+16	22.9171475646427
0.000139020059331281	0.949999999998357	3.02071711145888e+16	22.9180941473621
0.000139049037179399	0.949999999998407	3.02071711146477e+16	22.9190184138644
0.000139077328817909	0.949999999998455	3.02071711147051e+16	22.9199207932831
0.000139104947528301	0.949999999998503	3.02071711147609e+16	22.9208017092426
0.000139131906419069	0.949999999998549	3.02071711148153e+16	22.9216615798437
0.000139158218425657	0.949999999998594	3.02071711148683e+16	22.9225008176715
0.000139183896310485	0.949999999998638	3.02071711149199e+16	22.9233198297907
0.000139208952663043	0.94999999999868	3.02071711149701e+16	22.9241190177518
0.000139233399900059	0.949999999998722	3.02071711150191e+16	22.9248987775947
0.000139257250265733	0.949999999998762	3.02071711150668e+16	22.9256594998537
0.000139280515832046	0.949999999998802	3.02071711151132e+16	22.9264015695738
0.000139303208499127	0.94999999999884	3.02071711151584e+16	22.9271253663156
0.000139325339995683	0.949999999998877	3.02071711152024e+16	22.9278312641741
0.000139346921879501	0.949999999998914	3.02071711152453e+16	22.9285196317925
0.000139367965538	0.949999999998949	3.02071711152871e+16	22.9291908323771
0.000139388482188847	0.949999999998984	3.02071711153278e+16	22.9298452237269
0.000139408482880625	0.949999999999017	3.02071711153674e+16	22.9304831582419
0.000139427978493565	0.94999999999905	3.02071711154059e+16	22.931104982952
0.00013944697974032	0.949999999999082	3.02071711154435e+16	22.9317110395447
0.000139465497166799	0.949999999999113	3.020717111548e+16	22.9323016643888
0.000139483541153044	0.949999999999143	3.02071711155156e+16	22.9328771885625
0.000139501121914164	0.949999999999173	3.02071711155503e+16	22.9334379378813
0.000139518249501304	0.949999999999201	3.0207171115584e+16	22.9339842329346
0.000139534933802668	0.949999999999229	3.02071711156168e+16	22.934516389112
0.000139551184544577	0.949999999999256	3.02071711156488e+16	22.9350347166409
0.000139567011292577	0.949999999999283	3.02071711156799e+16	22.93553952062
0.000139582423452582	0.949999999999308	3.02071711157102e+16	22.9360311010571
0.000139597430272047	0.949999999999333	3.02071711157396e+16	22.9365097529055
0.000139612040841195	0.949999999999358	3.02071711157683e+16	22.9369757661037
0.000139626264094262	0.949999999999381	3.02071711157962e+16	22.937429425614
0.000139640108810785	0.949999999999404	3.02071711158233e+16	22.9378710114652
0.000139653583616917	0.949999999999427	3.02071711158497e+16	22.9383007987946
0.000139666696986773	0.949999999999449	3.02071711158754e+16	22.938719057889
0.000139679457243806	0.94999999999947	3.02071711159003e+16	22.9391260542301
0.000139691872562208	0.94999999999949	3.02071711159246e+16	22.9395220485392
0.00013970395096834	0.94999999999951	3.02071711159483e+16	22.9399072968216
0.000139715700342178	0.94999999999953	3.02071711159712e+16	22.940282050414
0.000139727128418792	0.949999999999549	3.02071711159936e+16	22.9406465560316
0.000139738242789842	0.949999999999567	3.02071711160153e+16	22.9410010558148
0.000139749050905088	0.949999999999585	3.02071711160364e+16	22.9413457873782
0.00013975956007393	0.949999999999602	3.02071711160569e+16	22.9416809838603
0.000139769777466954	0.949999999999619	3.02071711160769e+16	22.942006873971
0.000139779710117505	0.949999999999636	3.02071711160963e+16	22.9423236820433
0.000139789364923261	0.949999999999652	3.02071711161151e+16	22.9426316280829
0.000139798748647836	0.949999999999667	3.02071711161334e+16	22.9429309278195
0.000139807867922383	0.949999999999682	3.02071711161512e+16	22.9432217927579
0.000139816729247213	0.949999999999697	3.02071711161685e+16	22.9435044302294
0.000139825338993423	0.949999999999711	3.02071711161853e+16	22.9437790434442
0.000139833703404534	0.949999999999725	3.02071711162016e+16	22.9440458315433
0.000139841828598135	0.949999999999739	3.02071711162175e+16	22.944304989651
0.000139849720567533	0.949999999999752	3.02071711162328e+16	22.9445567089276
0.000139857385183411	0.949999999999764	3.02071711162478e+16	22.9448011766222
0.000139864828195489	0.949999999999777	3.02071711162623e+16	22.9450385761255
0.000139872055234186	0.949999999999789	3.02071711162764e+16	22.9452690870235
0.000139879071812288	0.9499999999998	3.02071711162901e+16	22.9454928851498
0.000139885883326617	0.949999999999812	3.02071711163033e+16	22.9457101426394
0.000139892495059699	0.949999999999822	3.02071711163162e+16	22.9459210279818
0.000139898912181431	0.949999999999833	3.02071711163287e+16	22.946125706074
0.00013990513975075	0.949999999999843	3.02071711163409e+16	22.9463243382741
0.000139911182717296	0.949999999999853	3.02071711163526e+16	22.9465170824537
0.000139917045923078	0.949999999999863	3.02071711163641e+16	22.946704093052
0.000139922734104126	0.949999999999873	3.02071711163751e+16	22.9468855211273
0.000139928251892151	0.949999999999882	3.02071711163859e+16	22.9470615144112
0.000139933603816192	0.94999999999989	3.02071711163963e+16	22.94723221736
0.000139938794304255	0.949999999999899	3.02071711164064e+16	22.9473977712078
0.000139943827684956	0.949999999999907	3.02071711164162e+16	22.9475583140185
0.000139948708189144	0.949999999999915	3.02071711164257e+16	22.9477139807376
0.000139953439951525	0.949999999999923	3.02071711164349e+16	22.9478649032442
0.000139958027012273	0.949999999999931	3.02071711164439e+16	22.9480112104022
0.000139962473318637	0.949999999999938	3.02071711164525e+16	22.9481530281115
0.000139966782726528	0.949999999999945	3.02071711164609e+16	22.9482904793587
0.000139970959002109	0.949999999999952	3.02071711164691e+16	22.948423684268
0.000139975005823363	0.949999999999959	3.0207171116477e+16	22.948552760151
0.000139978926781658	0.949999999999965	3.02071711164846e+16	22.9486778215566
0.000139982725383293	0.949999999999972	3.0207171116492e+16	22.9487989803204
0.000139986405051038	0.949999999999978	3.02071711164992e+16	22.9489163456137
0.000139989969125659	0.949999999999984	3.02071711165061e+16	22.9490300239923
0.000139993420867426	0.949999999999989	3.02071711165128e+16	22.9491401194446
0.000139996763457618	0.949999999999995	3.02071711165193e+16	22.9492467334395
0.00014	0.95	3.02071711165256e+16	22.9493499649735
