Position  (cm)	V (V)	n (cm-3)	p (cm-3)
0	0	2.08964913019212e+17	6.32558298501287e-07
2.12151739152832e-09	4.43147742715077e-14	2.08964913019562e+17	6.32558298395707e-07
4.34707627935975e-09	9.08030445672406e-14	2.08964913019912e+17	6.32558298284815e-07
6.68121450657862e-09	1.39559780615909e-13	2.08964913020259e+17	6.32558298168368e-07
9.12863752259283e-09	1.90683249789117e-13	2.08964913020602e+17	6.32558298046112e-07
1.16942230432444e-08	2.44275944956688e-13	2.08964913020939e+17	6.32558297917786e-07
1.43830257664662e-08	3.00442937154125e-13	2.08964913021266e+17	6.32558297783116e-07
1.72002821403399e-08	3.59294770959769e-13	2.08964913021582e+17	6.32558297641819e-07
2.01514151801996e-08	4.20944157864453e-13	2.08964913021882e+17	6.32558297493602e-07
2.32420393311509e-08	4.85510222926392e-13	2.08964913022164e+17	6.32558297338159e-07
2.64779653721458e-08	5.53113788668448e-13	2.08964913022424e+17	6.32558297175176e-07
2.9865205357556e-08	6.23881616389742e-13	2.08964913022657e+17	6.32558297004322e-07
3.34099775918348e-08	6.97943395711712e-13	2.0896491302286e+17	6.32558296825262e-07
3.71187116327228e-08	7.75434625732526e-13	2.08964913023026e+17	6.32558296637643e-07
4.09980533181195e-08	8.56496297091602e-13	2.0896491302315e+17	6.32558296441103e-07
4.50548698114988e-08	9.41269983298217e-13	2.08964913023227e+17	6.32558296235269e-07
4.92962546604839e-08	1.02990608915128e-12	2.0896491302325e+17	6.32558296019755e-07
5.37295328629467e-08	1.12255840118354e-12	2.08964913023212e+17	6.32558295794162e-07
5.83622659346949e-08	1.2193862003892e-12	2.08964913023104e+17	6.32558295558081e-07
6.32022569725685e-08	1.32055256696099e-12	2.08964913022919e+17	6.32558295311092e-07
6.82575557064784e-08	1.42622630766894e-12	2.08964913022648e+17	6.32558295052763e-07
7.35364635336391e-08	1.53658225480798e-12	2.0896491302228e+17	6.32558294782649e-07
7.90475385279966e-08	1.65179956386382e-12	2.08964913021806e+17	6.32558294500298e-07
8.47996004175491e-08	1.77205972373301e-12	2.08964913021215e+17	6.32558294205245e-07
9.08017355220112e-08	1.89755567432655e-12	2.08964913020493e+17	6.32558293897018e-07
9.70633016429694e-08	2.02847955968206e-12	2.08964913019629e+17	6.32558293575136e-07
1.03593932898425e-07	2.165029280647e-12	2.08964913018609e+17	6.32558293239108e-07
1.10403544493356e-07	2.30741254859135e-12	2.08964913017419e+17	6.32558292888441e-07
1.17502337417614e-07	2.4558330260085e-12	2.08964913016042e+17	6.32558292522633e-07
1.24900803062315e-07	2.61050334536155e-12	2.08964913014463e+17	6.32558292141181e-07
1.32609727745455e-07	2.77164365870825e-12	2.08964913012665e+17	6.32558291743579e-07
1.40640197137427e-07	2.93947323454501e-12	2.08964913010628e+17	6.32558291329321e-07
1.49003600576674e-07	3.11421442190246e-12	2.08964913008335e+17	6.32558290897904e-07
1.5771163526564e-07	3.29609296274796e-12	2.08964913005765e+17	6.3255829044883e-07
1.66776310336782e-07	3.48533338370481e-12	2.08964913002897e+17	6.3255828998161e-07
1.76209950778339e-07	3.68216511422564e-12	2.08964912999709e+17	6.32558289495765e-07
1.86025201209182e-07	3.88681100890483e-12	2.08964912996179e+17	6.3255828899083e-07
1.96235029491986e-07	4.09949851044723e-12	2.08964912992282e+17	6.32558288466362e-07
2.06852730173672e-07	4.32044471196533e-12	2.08964912987995e+17	6.3255828792194e-07
2.17891927741934e-07	4.54986885845311e-12	2.08964912983292e+17	6.32558287357171e-07
2.29366579686445e-07	4.78797530573181e-12	2.08964912978149e+17	6.32558286771697e-07
2.41290979353221e-07	5.03496284451903e-12	2.08964912972537e+17	6.32558286165201e-07
2.53679758580406e-07	5.29101597024891e-12	2.08964912966431e+17	6.32558285537414e-07
2.66547890103673e-07	5.55629605402214e-12	2.08964912959804e+17	6.32558284888121e-07
2.79910689719234e-07	5.83094725832916e-12	2.08964912952628e+17	6.32558284217171e-07
2.93783818192436e-07	6.11510168405666e-12	2.08964912944875e+17	6.32558283524487e-07
3.08183282899734e-07	6.40884084780939e-12	2.0896491293652e+17	6.32558282810073e-07
3.2312543919183e-07	6.71221898079389e-12	2.08964912927535e+17	6.3255828207403e-07
3.38626991465696e-07	7.0252478703208e-12	2.08964912917893e+17	6.32558281316565e-07
3.54704993933107e-07	7.34788742943356e-12	2.0896491290757e+17	6.32558280538003e-07
3.71376851073405e-07	7.68003865270227e-12	2.0896491289654e+17	6.32558279738809e-07
3.88660317758096e-07	8.02154323529918e-12	2.08964912884782e+17	6.32558278919596e-07
4.06573499035004e-07	8.3721431779251e-12	2.08964912872274e+17	6.32558278081147e-07
4.251348495597e-07	8.73150724101551e-12	2.08964912858996e+17	6.32558277224436e-07
4.44363172662013e-07	9.09919553929243e-12	2.08964912844932e+17	6.32558276350643e-07
4.64277619035532e-07	9.47465253694516e-12	2.08964912830067e+17	6.32558275461187e-07
4.8489768503811e-07	9.8571687885389e-12	2.08964912814391e+17	6.32558274557742e-07
5.06243210591526e-07	1.02459134268614e-11	2.08964912797896e+17	6.32558273642269e-07
5.28334376668665e-07	1.06398677002528e-11	2.08964912780579e+17	6.32558272717044e-07
5.51191702356702e-07	1.10378183910849e-11	2.08964912762441e+17	6.32558271784691e-07
5.74836041485085e-07	1.14383548981184e-11	2.08964912743487e+17	6.32558270848217e-07
5.99288578807283e-07	1.18398042454693e-11	2.08964912723729e+17	6.32558269911046e-07
6.2457082572558e-07	1.22402296399723e-11	2.08964912703185e+17	6.3255826897706e-07
6.50704615548521e-07	1.26374133724705e-11	2.08964912681876e+17	6.32558268050645e-07
6.7771209827089e-07	1.30288070167015e-11	2.08964912659834e+17	6.32558267136728e-07
7.05615734866513e-07	1.34114967239829e-11	2.08964912637095e+17	6.32558266240828e-07
7.34438291084568e-07	1.37821897068485e-11	2.08964912613704e+17	6.32558265369104e-07
7.64202830740457e-07	1.41371457497006e-11	2.08964912589714e+17	6.32558264528405e-07
7.94932708492795e-07	1.44721671891737e-11	2.08964912565186e+17	6.32558263726324e-07
8.2665156209855e-07	1.47825557146937e-11	2.08964912540188e+17	6.32558262971245e-07
8.59383304138806e-07	1.50630762972536e-11	2.08964912514801e+17	6.325582622724e-07
8.93152113208286e-07	1.53078842231854e-11	2.0896491248911e+17	6.32558261639916e-07
9.27982424562175e-07	1.55105225928414e-11	2.08964912463212e+17	6.32558261084876e-07
9.63898920214557e-07	1.56638535432589e-11	2.08964912437214e+17	6.32558260619344e-07
1.00092651848324e-06	1.5760049231301e-11	2.08964912411229e+17	6.32558260256429e-07
1.03909036297655e-06	1.57905285681279e-11	2.08964912385383e+17	6.32558260010311e-07
1.07841581101817e-06	1.57459244771392e-11	2.08964912359806e+17	6.32558259896267e-07
1.11892842150705e-06	1.56160297616559e-11	2.08964912334641e+17	6.32558259930684e-07
1.16065394220993e-06	1.53898026239317e-11	2.08964912310036e+17	6.32558260131074e-07
1.20361829648488e-06	1.50553153696414e-11	2.08964912286147e+17	6.32558260516067e-07
1.24784756943508e-06	1.45997346030572e-11	2.08964912263137e+17	6.32558261105357e-07
1.29336799349282e-06	1.40093014136157e-11	2.08964912241175e+17	6.32558261919693e-07
1.34020593343452e-06	1.32693740554254e-11	2.08964912220433e+17	6.32558262980763e-07
1.38838787082855e-06	1.23643280848229e-11	2.08964912201088e+17	6.32558264311136e-07
1.43794038791832e-06	1.12776721137556e-11	2.08964912183318e+17	6.32558265934092e-07
1.48889015094427e-06	9.99201846676406e-12	2.08964912167305e+17	6.32558267873513e-07
1.54126389290908e-06	8.48909827584206e-12	2.08964912153226e+17	6.32558270153647e-07
1.59508839579139e-06	6.74985071450182e-12	2.08964912141257e+17	6.32558272798896e-07
1.65039047221459e-06	4.75449632511798e-12	2.08964912131572e+17	6.32558275833557e-07
1.70719694657769e-06	2.48253156364275e-12	2.08964912124337e+17	6.32558279281496e-07
1.76553463565681e-06	-8.70399315133683e-14	2.08964912119709e+17	6.32558283165796e-07
1.8254303286864e-06	-2.97572428218322e-12	2.08964912117838e+17	6.32558287508405e-07
1.88691076693063e-06	-6.20532136767631e-12	2.0896491211886e+17	6.32558292329661e-07
1.95000262275624e-06	-9.79780019934125e-12	2.08964912122897e+17	6.32558297647912e-07
2.01473247821923e-06	-1.37751031600514e-11	2.08964912130055e+17	6.32558303478907e-07
2.08112680317883e-06	-1.81590014231214e-11	2.08964912140424e+17	6.32558309835446e-07
2.14921193295323e-06	-2.29708696160053e-11	2.0896491215407e+17	6.32558316726646e-07
2.21901404553247e-06	-2.82313696760741e-11	2.08964912171042e+17	6.3255832415758e-07
2.29055913836531e-06	-3.39603643931588e-11	2.08964912191363e+17	6.32558332128631e-07
2.36387300473738e-06	-4.01765930063657e-11	2.0896491221503e+17	6.32558340634977e-07
2.43898120975948e-06	-4.68972951913616e-11	2.08964912242017e+17	6.32558349666151e-07
2.5159090659857e-06	-5.41380980464469e-11	2.08964912272268e+17	6.32558359205418e-07
2.59468160868202e-06	-6.19125583205335e-11	2.089649123057e+17	6.32558369229464e-07
2.67532357076715e-06	-7.02319767847161e-11	2.08964912342202e+17	6.32558379708e-07
2.75785935744839e-06	-7.91050603787417e-11	2.08964912381634e+17	6.3255839060349e-07
2.84231302057633e-06	-8.85375982080648e-11	2.08964912423829e+17	6.32558401870919e-07
2.92870823274291e-06	-9.85323052105054e-11	2.08964912468589e+17	6.32558413457848e-07
3.01706826114874e-06	-1.09088389336378e-10	2.0896491251569e+17	6.32558425304351e-07
3.10741594126617e-06	-1.20201342236989e-10	2.08964912564883e+17	6.32558437343249e-07
3.19977365032567e-06	-1.31862766767703e-10	2.08964912615896e+17	6.32558449500312e-07
3.29416328065395e-06	-1.44060072565538e-10	2.08964912668431e+17	6.32558461694939e-07
3.39060621289304e-06	-1.56776326352212e-10	2.08964912722174e+17	6.32558473840774e-07
3.48912328913053e-06	-1.69990213880208e-10	2.08964912776792e+17	6.32558485846391e-07
3.58973478597165e-06	-1.83675830217807e-10	2.08964912831939e+17	6.32558497616278e-07
3.69246038758518e-06	-1.97802698961947e-10	2.08964912887256e+17	6.32558509051996e-07
3.7973191587551e-06	-2.1233572700137e-10	2.0896491294238e+17	6.32558520053405e-07
3.90432951797149e-06	-2.27235291992645e-10	2.08964912996944e+17	6.32558530519961e-07
4.01350921059396e-06	-2.42457531417983e-10	2.08964913050579e+17	6.32558540352171e-07
4.12487528212218e-06	-2.57954322187756e-10	2.08964913102921e+17	6.32558549453182e-07
4.23844405160815e-06	-2.73673674916877e-10	2.08964913153616e+17	6.3255855773029e-07
4.35423108524561e-06	-2.8955989157632e-10	2.08964913202321e+17	6.32558565096491e-07
4.47225117017228e-06	-3.05554045793939e-10	2.08964913248709e+17	6.32558571472086e-07
4.59251828852124e-06	-3.21594423134824e-10	2.08964913292476e+17	6.32558576786189e-07
4.71504559175772e-06	-3.37616986379175e-10	2.08964913333337e+17	6.3255858097799e-07
4.83984537533834e-06	-3.53555914876259e-10	2.08964913371038e+17	6.32558583998202e-07
4.96692905372961e-06	-3.69344134435678e-10	2.08964913405355e+17	6.32558585810035e-07
5.09630713582301e-06	-3.84913981293827e-10	2.08964913436094e+17	6.32558586390152e-07
5.22798920078386e-06	-4.001981857222e-10	2.08964913463097e+17	6.32558585729356e-07
5.36198387437138e-06	-4.15130221684489e-10	2.08964913486242e+17	6.32558583832977e-07
5.49829880576723e-06	-4.2964493596286e-10	2.08964913505443e+17	6.32558580721071e-07
5.63694064494978e-06	-4.4367939684473e-10	2.08964913520656e+17	6.32558576428325e-07
5.77791502065126e-06	-4.57173662037435e-10	2.08964913531874e+17	6.32558571003642e-07
5.92122651893456e-06	-4.70071244378891e-10	2.08964913539127e+17	6.32558564509514e-07
6.06687866242651e-06	-4.82319967423737e-10	2.08964913542485e+17	6.32558557021072e-07
6.21487389024361e-06	-4.93872479129164e-10	2.08964913542053e+17	6.32558548624928e-07
6.36521353864642e-06	-5.046868128115e-10	2.08964913537971e+17	6.32558539417789e-07
6.51789782245768e-06	-5.14726972114319e-10	2.08964913530409e+17	6.32558529504863e-07
6.67292581727915e-06	-5.23963227594878e-10	2.08964913519568e+17	6.32558518998125e-07
6.8302954425414e-06	-5.32372505565101e-10	2.08964913505676e+17	6.32558508014485e-07
6.99000344541999e-06	-5.39938814656835e-10	2.08964913488982e+17	6.32558496673837e-07
7.15204538565092e-06	-5.46653313229027e-10	2.08964913469756e+17	6.3255848509715e-07
7.31641562127722e-06	-5.52514373450489e-10	2.08964913448282e+17	6.32558473404502e-07
7.48310729535781e-06	-5.57527652524702e-10	2.08964913424857e+17	6.32558461713259e-07
7.65211232366876e-06	-5.61705978659815e-10	2.08964913399785e+17	6.32558450136279e-07
7.82342138342606e-06	-5.65069150828562e-10	2.08964913373373e+17	6.32558438780298e-07
7.99702390305782e-06	-5.67643662817711e-10	2.08964913345931e+17	6.32558427744509e-07
8.17290805305299e-06	-5.69462357849104e-10	2.08964913317762e+17	6.32558417119282e-07
8.35106073791205e-06	-5.70564009295115e-10	2.08964913289163e+17	6.32558406985167e-07
8.5314675892243e-06	-5.70992753312647e-10	2.08964913260422e+17	6.32558397412086e-07
8.7141129598946e-06	-5.7079753332004e-10	2.0896491323181e+17	6.32558388458811e-07
8.89897991954149e-06	-5.70031508065408e-10	2.08964913203584e+17	6.32558380172643e-07
9.08605025108686e-06	-5.68751358071209e-10	2.08964913175981e+17	6.32558372589349e-07
9.27530444855591e-06	-5.67016547318354e-10	2.08964913149219e+17	6.32558365733339e-07
9.46672171610474e-06	-5.64888616511863e-10	2.08964913123492e+17	6.32558359618012e-07
9.66027996829117e-06	-5.62430461029034e-10	2.08964913098972e+17	6.32558354246336e-07
9.85595583160292e-06	-5.59705495007105e-10	2.08964913075809e+17	6.32558349611549e-07
1.00537246472553e-05	-5.56777144315451e-10	2.08964913054123e+17	6.32558345698005e-07
1.02535604752692e-05	-5.53707991001522e-10	2.08964913034014e+17	6.32558342482126e-07
1.04554360998386e-05	-5.50559150239359e-10	2.08964913015556e+17	6.32558339933481e-07
1.06593230359935e-05	-5.47389622805904e-10	2.08964912998801e+17	6.3255833801576e-07
1.08651915375659e-05	-5.44255773014015e-10	2.08964912983778e+17	6.32558336687953e-07
1.10730106064588e-05	-5.41210750718567e-10	2.08964912970494e+17	6.32558335905402e-07
1.12827480032239e-05	-5.38304105625211e-10	2.08964912958939e+17	6.32558335620848e-07
1.14943702589441e-05	-5.35581418602042e-10	2.08964912949082e+17	6.32558335785401e-07
1.17078426884207e-05	-5.3308395904194e-10	2.08964912940878e+17	6.32558336349475e-07
1.19231294046606e-05	-5.30848425850962e-10	2.08964912934264e+17	6.32558337263764e-07
1.21401933346571e-05	-5.28906798848804e-10	2.08964912929168e+17	6.3255833847978e-07
1.23589962364568e-05	-5.2728620764513e-10	2.08964912925506e+17	6.32558339950732e-07
1.25794987175023e-05	-5.26008975801793e-10	2.08964912923186e+17	6.3255834163177e-07
1.28016602542393e-05	-5.25092559715748e-10	2.08964912922106e+17	6.32558343480801e-07
1.30254392129732e-05	-5.2454969856331e-10	2.08964912922162e+17	6.32558345458482e-07
1.32507928719611e-05	-5.24388521919919e-10	2.08964912923248e+17	6.32558347528766e-07
1.34776774447197e-05	-5.24612779766587e-10	2.08964912925254e+17	6.32558349658919e-07
1.37060481045315e-05	-5.25222084431508e-10	2.08964912928071e+17	6.32558351819572e-07
1.39358590101256e-05	-5.26212128271733e-10	2.08964912931592e+17	6.32558353984818e-07
1.4167063332512e-05	-5.27575037800452e-10	2.08964912935711e+17	6.32558356132043e-07
1.4399613282943e-05	-5.29299707958063e-10	2.08964912940328e+17	6.32558358241953e-07
1.46334601419745e-05	-5.31372103251349e-10	2.08964912945346e+17	6.32558360298288e-07
1.48685542896001e-05	-5.33775644457078e-10	2.08964912950671e+17	6.32558362287848e-07
1.51048452364254e-05	-5.36491574436974e-10	2.0896491295622e+17	6.32558364199916e-07
1.53422816558524e-05	-5.39499283630964e-10	2.08964912961913e+17	6.32558366026437e-07
1.5580811417239e-05	-5.42776707929447e-10	2.08964912967676e+17	6.32558367761487e-07
1.58203816199984e-05	-5.46300643953535e-10	2.08964912973445e+17	6.3255836940116e-07
1.60609386286027e-05	-5.50047071106602e-10	2.0896491297916e+17	6.3255837094325e-07
1.63024281084502e-05	-5.53991567800916e-10	2.0896491298477e+17	6.32558372387108e-07
1.65447950625587e-05	-5.58109439119343e-10	2.0896491299023e+17	6.32558373733407e-07
1.67879838690426e-05	-5.62376116299363e-10	2.08964912995502e+17	6.32558374983839e-07
1.70319383193312e-05	-5.66767351589752e-10	2.08964913000554e+17	6.32558376140981e-07
1.72766016570859e-05	-5.71259415550073e-10	2.08964913005359e+17	6.32558377208062e-07
1.75219166177687e-05	-5.75829260475925e-10	2.08964913009898e+17	6.32558378188979e-07
1.776782546882e-05	-5.80454797351232e-10	2.08964913014153e+17	6.32558379087937e-07
1.80142700503945e-05	-5.85114859145441e-10	2.08964913018115e+17	6.3255837990945e-07
1.82611918166109e-05	-5.89789501818383e-10	2.08964913021779e+17	6.32558380658185e-07
1.85085318772648e-05	-5.94460042365329e-10	2.08964913025142e+17	6.325583813388e-07
1.87562310399549e-05	-5.99109117222663e-10	2.08964913028205e+17	6.32558381956132e-07
1.90042298525741e-05	-6.03720671885635e-10	2.08964913030972e+17	6.32558382514785e-07
1.92524686461131e-05	-6.08280037701532e-10	2.0896491303345e+17	6.32558383019304e-07
1.95008875777254e-05	-6.12773922014093e-10	2.08964913035647e+17	6.32558383474091e-07
1.97494266740029e-05	-6.1719044254814e-10	2.08964913037576e+17	6.32558383883291e-07
1.99980258744083e-05	-6.21519057098473e-10	2.08964913039247e+17	6.3255838425084e-07
2.02466250748138e-05	-6.25750532492336e-10	2.08964913040674e+17	6.32558384580507e-07
2.04951641710913e-05	-6.29876921906487e-10	2.08964913041871e+17	6.32558384875713e-07
2.07435831027036e-05	-6.33891503329814e-10	2.08964913042854e+17	6.32558385139755e-07
2.09918218962426e-05	-6.37788720110387e-10	2.08964913043636e+17	6.32558385375602e-07
2.12398207088618e-05	-6.41564123438847e-10	2.08964913044234e+17	6.32558385586063e-07
2.14875198715519e-05	-6.45214278014576e-10	2.08964913044662e+17	6.32558385773662e-07
2.17348599322057e-05	-6.48736706991693e-10	2.08964913044936e+17	6.3255838594066e-07
2.19817816984222e-05	-6.52129811621818e-10	2.0896491304507e+17	6.32558386089267e-07
2.22282262799967e-05	-6.55392792269923e-10	2.08964913045078e+17	6.32558386221296e-07
2.2474135131048e-05	-6.58525580845131e-10	2.08964913044975e+17	6.3255838633849e-07
2.27194500917308e-05	-6.61528766149068e-10	2.08964913044772e+17	6.32558386442407e-07
2.29641134294855e-05	-6.64403506721106e-10	2.08964913044483e+17	6.3255838653446e-07
2.32080678797741e-05	-6.67151462290878e-10	2.0896491304412e+17	6.32558386615853e-07
2.3451256686258e-05	-6.697747647228e-10	2.08964913043694e+17	6.32558386687726e-07
2.36936236403665e-05	-6.72275886523565e-10	2.08964913043216e+17	6.32558386751058e-07
2.3935113120214e-05	-6.74657627789993e-10	2.08964913042696e+17	6.32558386806761e-07
2.41756701288183e-05	-6.76923045874569e-10	2.08964913042144e+17	6.32558386855575e-07
2.44152403315777e-05	-6.79075395480692e-10	2.08964913041571e+17	6.32558386898168e-07
2.46537700929643e-05	-6.81118073066028e-10	2.08964913040985e+17	6.32558386935203e-07
2.48912065123913e-05	-6.83054568931149e-10	2.08964913040395e+17	6.32558386967182e-07
2.51274974592166e-05	-6.8488840785605e-10	2.0896491303981e+17	6.32558386994614e-07
2.53625916068422e-05	-6.86623112687486e-10	2.08964913039241e+17	6.32558387017935e-07
2.55964384658737e-05	-6.88262155232428e-10	2.08964913038698e+17	6.32558387037473e-07
2.58289884163047e-05	-6.89808902362274e-10	2.0896491303819e+17	6.32558387053622e-07
2.60601927386911e-05	-6.91266579747316e-10	2.08964913037729e+17	6.32558387066623e-07
2.62900036442852e-05	-6.92638212606279e-10	2.08964913037327e+17	6.32558387076782e-07
2.6518374304097e-05	-6.9392658333308e-10	2.08964913037e+17	6.32558387084329e-07
2.67452588768556e-05	-6.95134182024407e-10	2.08964913036762e+17	6.32558387089492e-07
2.69706125358435e-05	-6.9626314666902e-10	2.08964913036631e+17	6.32558387092456e-07
2.71943914945774e-05	-6.97315192981036e-10	2.08964913036629e+17	6.32558387093396e-07
2.74165530313144e-05	-6.98291575727887e-10	2.08964913036778e+17	6.32558387092471e-07
2.76370555123599e-05	-6.99193024736943e-10	2.08964913037106e+17	6.32558387089843e-07
2.78558584141596e-05	-7.00019649142064e-10	2.08964913037643e+17	6.325583870856e-07
2.80729223441561e-05	-7.00770861945797e-10	2.08964913038423e+17	6.32558387079888e-07
2.8288209060396e-05	-7.014452972174e-10	2.08964913039487e+17	6.32558387072764e-07
2.85016814898726e-05	-7.02040735483429e-10	2.08964913040877e+17	6.32558387064309e-07
2.87133037455928e-05	-7.02553999091207e-10	2.08964913042643e+17	6.32558387054559e-07
2.89230411423579e-05	-7.02980845963761e-10	2.0896491304484e+17	6.3255838704361e-07
2.91308602112508e-05	-7.03315874075546e-10	2.08964913047528e+17	6.32558387031424e-07
2.93367287128232e-05	-7.03552417235305e-10	2.08964913050771e+17	6.32558387018007e-07
2.95406156489781e-05	-7.03682442536192e-10	2.0896491305464e+17	6.32558387003283e-07
2.97424912735475e-05	-7.03696458291755e-10	2.08964913059209e+17	6.32558386987181e-07
2.99423271015614e-05	-7.0358341070147e-10	2.08964913064557e+17	6.32558386969568e-07
3.01400959172138e-05	-7.03330599419884e-10	2.08964913070766e+17	6.32558386950259e-07
3.03357717805255e-05	-7.02923622738502e-10	2.08964913077919e+17	6.32558386929067e-07
3.0529330032712e-05	-7.02346303889828e-10	2.08964913086099e+17	6.32558386905713e-07
3.07207473002608e-05	-7.01580677527859e-10	2.08964913095389e+17	6.32558386879862e-07
3.09100014977298e-05	-7.00606979097565e-10	2.08964913105866e+17	6.32558386851193e-07
3.10970718292752e-05	-6.99403679172785e-10	2.08964913117601e+17	6.32558386819251e-07
3.12819387889221e-05	-6.97947541738461e-10	2.08964913130657e+17	6.32558386783544e-07
3.14645841595924e-05	-6.962137269993e-10	2.08964913145084e+17	6.32558386743494e-07
3.16449910109046e-05	-6.94175955573447e-10	2.08964913160916e+17	6.32558386698522e-07
3.18231436957637e-05	-6.91806682097574e-10	2.08964913178168e+17	6.32558386647939e-07
3.19990278457589e-05	-6.89077348853059e-10	2.08964913196834e+17	6.32558386590994e-07
3.21726303653906e-05	-6.85958672334326e-10	2.0896491321688e+17	6.32558386526882e-07
3.23439394251479e-05	-6.82420981742529e-10	2.08964913238246e+17	6.32558386454735e-07
3.25129444534589e-05	-6.78434606948015e-10	2.08964913260837e+17	6.32558386373651e-07
3.26796361275395e-05	-6.73970300512864e-10	2.08964913284526e+17	6.32558386282665e-07
3.28440063631658e-05	-6.6899972397868e-10	2.08964913309147e+17	6.3255838618075e-07
3.30060483033967e-05	-6.63495897110084e-10	2.089649133345e+17	6.32558386066875e-07
3.31657563062753e-05	-6.57433732039347e-10	2.08964913360344e+17	6.32558385939949e-07
3.33231259315375e-05	-6.50790561493877e-10	2.08964913386402e+17	6.32558385798921e-07
3.3478153926359e-05	-6.43546677136376e-10	2.08964913412361e+17	6.32558385642664e-07
3.36308382101703e-05	-6.35685817264129e-10	2.08964913437874e+17	6.32558385470088e-07
3.37811778585731e-05	-6.27195695865662e-10	2.08964913462564e+17	6.32558385280077e-07
3.39291730863902e-05	-6.18068386932075e-10	2.08964913486031e+17	6.32558385071586e-07
3.40748252298821e-05	-6.08300723687747e-10	2.08964913507855e+17	6.32558384843567e-07
3.42181367281654e-05	-5.97894699610307e-10	2.08964913527604e+17	6.32558384594988e-07
3.43591111038669e-05	-5.86857700250629e-10	2.08964913544841e+17	6.32558384324919e-07
3.44977529430495e-05	-5.75202668369322e-10	2.08964913559135e+17	6.32558384032453e-07
3.46340678744453e-05	-5.62948207803397e-10	2.08964913570068e+17	6.32558383716763e-07
3.47680625480328e-05	-5.50118640193926e-10	2.08964913577241e+17	6.3255838337709e-07
3.48997446129937e-05	-5.36743819340889e-10	2.0896491358029e+17	6.32558383012754e-07
3.50291226950871e-05	-5.22858808794648e-10	2.08964913578891e+17	6.32558382623137e-07
3.51562063734784e-05	-5.08503695838576e-10	2.0896491357277e+17	6.3255838220774e-07
3.5281006157059e-05	-4.93723274871341e-10	2.08964913561706e+17	6.3255838176614e-07
3.54035334602955e-05	-4.78566482844117e-10	2.08964913545546e+17	6.32558381298022e-07
3.55238005786444e-05	-4.63085849968169e-10	2.08964913524204e+17	6.32558380803129e-07
3.56418206635711e-05	-4.47336889261138e-10	2.08964913497666e+17	6.32558380281341e-07
3.57576076972086e-05	-4.31377406880512e-10	2.08964913465995e+17	6.32558379732586e-07
3.58711764666945e-05	-4.15266807926645e-10	2.08964913429329e+17	6.32558379156906e-07
3.59825425382227e-05	-3.99065373122574e-10	2.08964913387882e+17	6.32558378554408e-07
3.60917222308452e-05	-3.8283352049964e-10	2.08964913341941e+17	6.32558377925285e-07
3.61987325900616e-05	-3.6663107940145e-10	2.08964913291858e+17	6.32558377269819e-07
3.63035913612315e-05	-3.50516615805449e-10	2.08964913238051e+17	6.32558376588359e-07
3.6406316962845e-05	-3.34546760051603e-10	2.08964913180992e+17	6.32558375881305e-07
3.65069284596862e-05	-3.18775608674271e-10	2.08964913121197e+17	6.32558375149121e-07
3.66054455359237e-05	-3.03254278996516e-10	2.08964913059221e+17	6.3255837439234e-07
3.67018884681627e-05	-2.88030242029441e-10	2.08964912995646e+17	6.32558373611531e-07
3.6796278098491e-05	-2.73146949498729e-10	2.08964912931072e+17	6.32558372807312e-07
3.68886358075505e-05	-2.58643683211426e-10	2.08964912866102e+17	6.3255837198034e-07
3.6978983487668e-05	-2.4455523197732e-10	2.08964912801336e+17	6.32558371131306e-07
3.70673435160738e-05	-2.30911751291409e-10	2.08964912737359e+17	6.32558370260958e-07
3.71537387282404e-05	-2.17738683861564e-10	2.08964912674732e+17	6.32558369370039e-07
3.72381923913683e-05	-2.05056766744735e-10	2.08964912613981e+17	6.32558368459345e-07
3.73207281780496e-05	-1.92882110228471e-10	2.08964912555595e+17	6.32558367529689e-07
3.74013701401347e-05	-1.81226331290162e-10	2.08964912500015e+17	6.32558366581918e-07
3.7480142682831e-05	-1.70096755537245e-10	2.0896491244763e+17	6.32558365616879e-07
3.75570705390572e-05	-1.5949665270635e-10	2.08964912398774e+17	6.3255836463545e-07
3.76321787440793e-05	-1.49425567824835e-10	2.08964912353723e+17	6.32558363638539e-07
3.77054926104514e-05	-1.39879537338746e-10	2.08964912312694e+17	6.32558362627057e-07
3.77770377032842e-05	-1.30851426501585e-10	2.08964912275847e+17	6.32558361601943e-07
3.78468398158635e-05	-1.22331369016656e-10	2.08964912243282e+17	6.32558360564143e-07
3.79149249456379e-05	-1.14307064375692e-10	2.08964912215046e+17	6.3255835951463e-07
3.79813192705975e-05	-1.06764138034523e-10	2.08964912191134e+17	6.32558358454381e-07
3.80460491260605e-05	-9.96864806675345e-11	2.08964912171491e+17	6.32558357384386e-07
3.81091409818861e-05	-9.30565773109419e-11	2.0896491215602e+17	6.3255835630565e-07
3.81706214201303e-05	-8.68558441117171e-11	2.08964912144587e+17	6.32558355219189e-07
3.82305171131599e-05	-8.10648788951063e-11	2.08964912137024e+17	6.32558354126032e-07
3.8288854802239e-05	-7.5663734314991e-11	2.08964912133136e+17	6.32558353027209e-07
3.83456612766021e-05	-7.06321997834492e-11	2.08964912132703e+17	6.32558351923752e-07
3.84009633530253e-05	-6.59500015757859e-11	2.08964912135493e+17	6.32558350816704e-07
3.84547878559076e-05	-6.15969991521392e-11	2.08964912141257e+17	6.325583497071e-07
3.85071615978724e-05	-5.75533469881749e-11	2.08964912149743e+17	6.32558348595983e-07
3.85581113608984e-05	-5.37996396249592e-11	2.08964912160693e+17	6.32558347484379e-07
3.86076638779882e-05	-5.03170308783435e-11	2.08964912173852e+17	6.32558346373317e-07
3.86558458153822e-05	-4.70873265658827e-11	2.08964912188968e+17	6.32558345263808e-07
3.87026837553239e-05	-4.40930624784738e-11	2.08964912205796e+17	6.32558344156857e-07
3.87482041793816e-05	-4.13175568574551e-11	2.08964912224102e+17	6.32558343053453e-07
3.87924334523318e-05	-3.87449511055825e-11	2.08964912243663e+17	6.32558341954565e-07
3.88353978066068e-05	-3.63602340227303e-11	2.08964912264267e+17	6.32558340861139e-07
3.88771233273096e-05	-3.41492502646152e-11	2.08964912285718e+17	6.32558339774098e-07
3.89176359377985e-05	-3.20987032929704e-11	2.08964912307835e+17	6.32558338694346e-07
3.89569613858401e-05	-3.01961397448631e-11	2.08964912330451e+17	6.32558337622752e-07
3.89951252303335e-05	-2.84299367429815e-11	2.08964912353412e+17	6.32558336560158e-07
3.90321528286021e-05	-2.67892782517285e-11	2.08964912376582e+17	6.32558335507372e-07
3.90680693242545e-05	-2.52641217001619e-11	2.08964912399838e+17	6.3255833446517e-07
3.91028996356084e-05	-2.38451659443612e-11	2.08964912423069e+17	6.32558333434295e-07
3.91366684446779e-05	-2.25238175720747e-11	2.08964912446179e+17	6.32558332415449e-07
3.91694001867181e-05	-2.12921526251388e-11	2.08964912469084e+17	6.32558331409302e-07
3.92011190403239e-05	-2.01428781396589e-11	2.08964912491709e+17	6.32558330416479e-07
3.92318489180762e-05	-1.90692934314801e-11	2.0896491251399e+17	6.3255832943757e-07
3.92616134577321e-05	-1.80652516469655e-11	2.08964912535875e+17	6.32558328473124e-07
3.92904360139502e-05	-1.71251230017682e-11	2.08964912557317e+17	6.32558327523646e-07
3.93183396505458e-05	-1.62437567500878e-11	2.08964912578277e+17	6.32558326589607e-07
3.93453471332682e-05	-1.54164464385652e-11	2.08964912598725e+17	6.32558325671435e-07
3.93714809230911e-05	-1.46388965240668e-11	2.08964912618634e+17	6.32558324769516e-07
3.93967631700094e-05	-1.39071889493169e-11	2.08964912637986e+17	6.32558323884199e-07
3.94212157073316e-05	-1.32177535656683e-11	2.08964912656763e+17	6.32558323015791e-07
3.944486004646e-05	-1.25673391251788e-11	2.08964912674955e+17	6.32558322164561e-07
3.9467717372148e-05	-1.19529861848656e-11	2.08964912692555e+17	6.32558321330742e-07
3.94898085382252e-05	-1.13720017817098e-11	2.08964912709556e+17	6.32558320514527e-07
3.95111540637786e-05	-1.08219364340121e-11	2.08964912725957e+17	6.32558319716075e-07
3.95317741297812e-05	-1.03005619168947e-11	2.08964912741759e+17	6.32558318935509e-07
3.95516885761547e-05	-9.80585162391096e-12	2.08964912756964e+17	6.3255831817292e-07
3.9570916899257e-05	-9.33596157496231e-12	2.08964912771576e+17	6.32558317428364e-07
3.95894782497817e-05	-8.88921362398813e-12	2.08964912785602e+17	6.32558316701867e-07
3.96073914310586e-05	-8.46407884637273e-12	2.08964912799048e+17	6.32558315993424e-07
3.96246748977433e-05	-8.0591651046102e-12	2.08964912811923e+17	6.32558315303003e-07
3.96413467548836e-05	-7.6732036105523e-12	2.08964912824237e+17	6.32558314630543e-07
3.9657424757351e-05	-7.30503539441849e-12	2.08964912836001e+17	6.32558313975958e-07
3.96729263096249e-05	-6.95360136394139e-12	2.08964912847225e+17	6.32558313339138e-07
3.9687868465917e-05	-6.61793236550805e-12	2.08964912857923e+17	6.3255831271995e-07
3.97022679306243e-05	-6.29714019303464e-12	2.08964912868106e+17	6.32558312118238e-07
3.97161410590975e-05	-5.99040952008011e-12	2.08964912877789e+17	6.32558311533829e-07
3.9729503858713e-05	-5.69699059234634e-12	2.08964912886986e+17	6.32558310966529e-07
3.97423719902363e-05	-5.41619266965972e-12	2.08964912895711e+17	6.32558310416126e-07
3.97547607694635e-05	-5.14737793382395e-12	2.08964912903978e+17	6.32558309882396e-07
3.97666851691303e-05	-4.88995631379378e-12	2.08964912911803e+17	6.32558309365095e-07
3.97781598210748e-05	-4.6433806091553e-12	2.08964912919201e+17	6.32558308863971e-07
3.9789199018643e-05	-4.40714214669511e-12	2.08964912926187e+17	6.32558308378757e-07
3.97998167193247e-05	-4.18076700727858e-12	2.08964912932778e+17	6.32558307909176e-07
3.98100265476075e-05	-3.96381257625461e-12	2.08964912938988e+17	6.32558307454941e-07
3.98198417980384e-05	-3.75586448672924e-12	2.08964912944832e+17	6.32558307015759e-07
3.98292754384799e-05	-3.5565338373169e-12	2.08964912950327e+17	6.32558306591325e-07
3.98383401135511e-05	-3.36545483154547e-12	2.08964912955488e+17	6.32558306181332e-07
3.984704814824e-05	-3.18228255123347e-12	2.0896491296033e+17	6.32558305785467e-07
3.98554115516793e-05	-3.00669108998015e-12	2.08964912964867e+17	6.3255830540341e-07
3.98634420210712e-05	-2.83837183301966e-12	2.08964912969115e+17	6.32558305034842e-07
3.98711509457544e-05	-2.67703192386612e-12	2.08964912973088e+17	6.32558304679438e-07
3.98785494113991e-05	-2.52239296550061e-12	2.08964912976799e+17	6.32558304336873e-07
3.98856482043233e-05	-2.37418979626026e-12	2.08964912980263e+17	6.3255830400682e-07
3.98924578159183e-05	-2.23216939110258e-12	2.08964912983493e+17	6.32558303688952e-07
3.98989884471737e-05	-2.09609007449379e-12	2.08964912986502e+17	6.32558303382943e-07
3.99052500132947e-05	-1.96572067217822e-12	2.08964912989302e+17	6.32558303088469e-07
3.99112521483992e-05	-1.84083964695661e-12	2.08964912991905e+17	6.32558302805205e-07
3.99170042102887e-05	-1.72123452732203e-12	2.08964912994323e+17	6.3255830253283e-07
3.99225152852831e-05	-1.60670128623689e-12	2.08964912996567e+17	6.32558302271026e-07
3.99277941931102e-05	-1.4970439104472e-12	2.08964912998648e+17	6.32558302019478e-07
3.99328494918441e-05	-1.39207391457915e-12	2.08964913000575e+17	6.32558301777873e-07
3.9937689482882e-05	-1.29160987974057e-12	2.0896491300236e+17	6.32558301545903e-07
3.99423222159538e-05	-1.19547711150289e-12	2.0896491300401e+17	6.32558301323266e-07
3.99467554941562e-05	-1.10350731006451e-12	2.08964913005536e+17	6.32558301109662e-07
3.99509968790052e-05	-1.01553827065124e-12	2.08964913006944e+17	6.32558300904796e-07
3.99550536954986e-05	-9.31413609784518e-13	2.08964913008244e+17	6.32558300708381e-07
3.9958933037184e-05	-8.50982515360496e-13	2.08964913009442e+17	6.32558300520133e-07
3.99626417712249e-05	-7.74099521979655e-13	2.08964913010546e+17	6.32558300339773e-07
3.99661865434591e-05	-7.00624302044219e-13	2.08964913011563e+17	6.32558300167029e-07
3.99695737834446e-05	-6.30421466982443e-13	2.08964913012499e+17	6.32558300001635e-07
3.99728097094855e-05	-5.63360398173686e-13	2.08964913013359e+17	6.32558299843331e-07
3.99759003336365e-05	-4.99315080043706e-13	2.08964913014149e+17	6.32558299691862e-07
3.99788514666764e-05	-4.38163931108961e-13	2.08964913014875e+17	6.32558299546979e-07
3.99816687230502e-05	-3.79789659231131e-13	2.08964913015542e+17	6.32558299408441e-07
3.99843575257735e-05	-3.24079128204821e-13	2.08964913016153e+17	6.32558299276012e-07
3.99869231112941e-05	-2.70923224741837e-13	2.08964913016713e+17	6.32558299149461e-07
3.99893705343101e-05	-2.20216724755696e-13	2.08964913017227e+17	6.32558299028567e-07
3.99917046725373e-05	-1.71858174879195e-13	2.08964913017697e+17	6.3255829891311e-07
3.99939302314252e-05	-1.25749776848801e-13	2.08964913018128e+17	6.32558298802882e-07
3.99960517488167e-05	-8.17972748358587e-14	2.08964913018522e+17	6.32558298697675e-07
3.99980735995503e-05	-3.99098468648476e-14	2.08964913018883e+17	6.32558298597293e-07
4e-05	0	2.08964913019212e+17	6.32558298501542e-07
