Position  (cm)	V (V)	n (cm-3)	p (cm-3)
0	0	363569.099107629	363568.288684041
2.12151739152832e-09	-0.000315879111228463	359153.713090741	367368.79280774
4.34707627935975e-09	-0.000647169718322662	354580.497828865	371404.764737543
6.68121450657862e-09	-0.000994535630749156	349847.895010294	375692.311139175
9.12863752259283e-09	-0.00135866432854945	344954.70197961	380248.84310751
1.16942230432444e-08	-0.00174026753730133	339900.104997767	385093.203328031
1.43830257664662e-08	-0.00214008180164245	334683.713106512	390245.807397507
1.72002821403399e-08	-0.00255886905619334	329305.592370005	395728.801883355
2.01514151801996e-08	-0.00299741719264568	323766.300233528	401566.240000753
2.32420393311509e-08	-0.00345654062169548	318066.919705217	407784.278981533
2.64779653721458e-08	-0.00393708082842362	312209.093031997	414411.39933079
2.9865205357556e-08	-0.00443990691964785	306195.054505862	421478.653177379
3.34099775918348e-08	-0.00496591616167138	300027.662002283	429019.940431461
3.71187116327228e-08	-0.00551603450678021	293710.426818744	437072.319895305
4.09980533181195e-08	-0.00609121710674075	287247.541349813	445676.361582467
4.50548698114988e-08	-0.00669244881145892	280643.90410603	454876.53956688
4.92962546604839e-08	-0.00732074465086548	273905.141558393	464721.680137896
5.37295328629467e-08	-0.007977150297999	267037.626269284	475265.466786537
5.83622659346949e-08	-0.00866274251115161	260048.490755586	486567.01136943
6.32022569725685e-08	-0.00937862955284723	252945.636521361	498691.501186272
6.82575557064784e-08	-0.0101259515833163	245737.73769718	511710.936723971
7.35364635336391e-08	-0.0109058810260227	238434.2387322	525704.973638496
7.90475385279966e-08	-0.0117196229026988	231045.345604347	540761.875254564
8.47996004175491e-08	-0.0125684151352306	223582.010044861	556979.607635247
9.08017355220112e-08	-0.0134535288116305	216055.906316802	574467.088828659
9.70633016429694e-08	-0.0143762684132215	208479.400143833	593345.621418824
1.03593932898425e-07	-0.0153379720000488	200865.509456385	613750.543205608
1.10403544493356e-07	-0.0163400113514256	193227.856707469	635833.114850376
1.17502337417614e-07	-0.0173837920583998	185580.61261027	659762.713240589
1.24900803062315e-07	-0.018470753564838	177938.431263624	685729.344740983
1.32609727745455e-07	-0.0196023691536831	170316.376759372	713946.569126522
1.40640197137427e-07	-0.0207801458748658	162729.841505741	744654.893372026
1.49003600576674e-07	-0.0220056244112142	155194.456652264	778125.702748339
1.5771163526564e-07	-0.0232803788786227	147725.995161676	814665.844967406
1.66776310336782e-07	-0.0246060165566171	140340.268240464	854622.994800911
1.76209950778339e-07	-0.0259841775453732	133053.016008777	898391.921940878
1.86025201209182e-07	-0.0274165343451267	125879.793458757	946421.813888687
1.96235029491986e-07	-0.0289047913538377	118835.852913596	999224.927922911
2.06852730173672e-07	-0.0304506842788683	111936.024353411	1057386.76453305
2.17891927741934e-07	-0.032055979458359	105194.595113363	1121578.07872851
2.29366579686445e-07	-0.0337224730878955	98625.1905793072	1192569.07826731
2.41290979353221e-07	-0.0354519903480041	92240.6576015215	1271246.30684803
2.53679758580406e-07	-0.0372463844279244	86052.952413061	1358632.73507546
2.66547890103673e-07	-0.0391075354410683	80073.0348710823	1455911.67648103
2.79910689719234e-07	-0.0410373492275085	74310.7708334277	1564455.40316454
2.93783818192436e-07	-0.0430377560388107	68774.8444354134	1685859.49899287
3.08183282899734e-07	-0.0451107091004747	63472.6819409291	1821984.1125297
3.2312543919183e-07	-0.0472581830472426	58410.3887065683	1975003.7373005
3.38626991465696e-07	-0.0494821722265142	53592.700617722	2147467.31033142
3.54704993933107e-07	-0.0517846888651043	49022.9511333132	2342371.14467121
3.71376851073405e-07	-0.0541677610946039	44703.0548141094	2563247.59579583
3.88660317758096e-07	-0.0566334308306208	40633.5079135799	2814273.13246269
4.06573499035004e-07	-0.0591837515012251	36813.4062861528	3100400.69942334
4.251348495597e-07	-0.0618207856199773	33240.4805235378	3427521.78024974
4.44363172662013e-07	-0.0645466021989917	29911.1478745994	3802666.17561606
4.64277619035532e-07	-0.0673632739975758	26820.5801480486	4234248.30714142
4.8489768503811e-07	-0.0702728746020985	23962.7864509194	4732372.48366037
5.06243210591526e-07	-0.0732774753328622	21330.709290115	5309212.06551013
5.28334376668665e-07	-0.0763791419738957	18916.3322703263	5979481.9244843
5.51191702356702e-07	-0.0795799313217668	16710.7973691663	6761029.35453184
5.74836041485085e-07	-0.0828818875496858	14704.5295687647	7675575.68364126
5.99288578807283e-07	-0.0862870383833824	12887.3664795622	8749649.67904145
6.2457082572558e-07	-0.0897973910854842	11248.6905122114	10015766.7766055
6.50704615548521e-07	-0.0934149282453641	9777.56114069856	11513924.0495923
6.7771209827089e-07	-0.0971416033717162	8462.8448546344	13293502.0230586
7.05615734866513e-07	-0.100979336285417	7293.34051952565	15415692.6210198
7.34438291084568e-07	-0.104930008310569	6257.89804611669	17956610.4660758
7.64202830740457e-07	-0.108995457261969	5345.52850705525	21011293.0056383
7.94932708492795e-07	-0.113177472227626	4545.50412202211	24698863.6362465
8.2665156209855e-07	-0.117477788145392	3847.44685058885	29169219.7285447
8.59383304138806e-07	-0.12189808017315	3241.40467342893	34611727.6444875
8.93152113208286e-07	-0.126439957852531	2717.91499455128	41266572.0183623
9.27982424562175e-07	-0.131104959066573	2268.05494724665	49439620.71943
9.63898920214557e-07	-0.135894543792297	1883.47872225155	59521971.8262106
1.00092651848324e-06	-0.140810087649676	1556.442347158	72015751.0733108
1.03909036297655e-06	-0.145852875249103	1279.81662169092	87568295.9250256
1.07841581101817e-06	-0.151024093340012	1047.08914660961	107017611.909296
1.11892842150705e-06	-0.156324823763984	852.356569225395	131453062.124511
1.16065394220993e-06	-0.161756036216284	690.308302858047	162296693.063101
1.20361829648488e-06	-0.167318580820494	556.203060352958	201412635.34432
1.24784756943508e-06	-0.173013180521581	445.839574635095	251254818.214484
1.29336799349282e-06	-0.178840423303505	355.522865798895	315067185.451553
1.34020593343452e-06	-0.18480075423819	282.027359702135	397156052.923164
1.38838787082855e-06	-0.19089446737349	222.558073967045	503262025.243702
1.43794038791832e-06	-0.197121697468558	174.710971045356	641069689.721201
1.48889015094427e-06	-0.203482411585856	136.43344227571	820908624.51735
1.54126389290908e-06	-0.209976400549875	105.985739297545	1056721102.71526
1.59508839579139e-06	-0.216603270283476	81.9040169899861	1367402410.38905
1.65039047221459e-06	-0.223362433033641	62.9655017218628	1778663870.94438
1.70719694657769e-06	-0.2302530984993	48.1561556052468	2325630896.91331
1.76553463565681e-06	-0.237274264874763	36.6410759766205	3056477905.17861
1.8254303286864e-06	-0.244424709823207	27.7377526515914	4037529953.64531
1.88691076693063e-06	-0.251702981395563	20.8922055938858	5360444611.49091
1.95000262275624e-06	-0.259107388911012	15.6579434169597	7152351986.47098
2.01473247821923e-06	-0.266635993816263	11.6776185479926	9590210530.61789
2.08112680317883e-06	-0.274286600541617	8.66720709686728	12921184811.4082
2.14921193295323e-06	-0.282056747372745	6.402509053799	17491642743.2645
2.21901404553247e-06	-0.289943697358002	4.70774554307322	23788511264.2078
2.29055913836531e-06	-0.297944429271924	3.44602239168109	32498380315.2661
2.36387300473738e-06	-0.306055628656453	2.51143107346332	44592129136.9207
2.43898120975948e-06	-0.314273678962266	1.82256702694747	61446294221.2235
2.5159090659857e-06	-0.322594652813396	1.31725944962184	85017370631.168
2.59468160868202e-06	-0.331014303419171	0.948324181116554	118092413530.171
2.67532357076715e-06	-0.33952805615828	0.680170701605082	164649633066.627
2.75785935744839e-06	-0.348131000360609	0.486114366004121	230377532226.717
2.84231302057633e-06	-0.356817881313262	0.346264813068336	323422422372.968
2.92870823274291e-06	-0.365583092518096	0.245880335324572	455464586420.517
3.01706826114874e-06	-0.374420668228963	0.174095395006161	643266695370.699
3.10741594126617e-06	-0.38332427629797	0.122944140221433	910899503834.532
3.19977365032567e-06	-0.392287211361275	0.0866165871546635	1292936484723.66
3.29416328065395e-06	-0.401302388396618	0.0608960778094346	1839030378772.74
3.39060621289304e-06	-0.410362336686843	0.0427367751967716	2620453454775.9
3.48912328913053e-06	-0.419459194226679	0.0299484537494937	3739415930036.43
3.58973478597165e-06	-0.428584702614138	0.0209628499056416	5342294678508.21
3.69246038758518e-06	-0.437730202473802	0.0146615398087111	7638332755659.52
3.7973191587551e-06	-0.446886629467734	0.0102498932836555	10925940102040
3.90432951797149e-06	-0.456044510961939	0.00716529185324831	15629471228397.9
4.01350921059396e-06	-0.465193963433712	0.00501065634717587	22350311191292.6
4.12487528212218e-06	-0.474324690730031	0.00350655036636272	31937296404686.6
4.23844405160815e-06	-0.483425983322216	0.00245683453949731	45582944872624.4
4.35423108524561e-06	-0.49248671875102	0.00172414894477767	64953654972529.9
4.47225117017228e-06	-0.50149536352395	0.00121248489225756	92363879124103.3
4.59251828852124e-06	-0.510439976818676	0.000854844375916798	131006131397811
4.71504559175772e-06	-0.519308216469713	0.000604533141299374	185250259244529
4.83984537533834e-06	-0.528087347877732	0.000429037384340211	261026240690266
4.96692905372961e-06	-0.536764256689422	0.000305729921764148	366304182751245
5.09630713582301e-06	-0.545325466357292	0.000218866949311139	511682271032640
5.22798920078386e-06	-0.553757162006359	0.000157492125977748	711086994719696
5.36198387437138e-06	-0.562045222405516	0.000113976589339427	982578729638480
5.49829880576723e-06	-0.570175262252523	8.30034818652194e-05	1.34923842643767e+15
5.63694064494978e-06	-0.578132687406281	6.08624540333284e-05	1.84008682935107e+15
5.77791502065126e-06	-0.585902766089856	4.49599124755792e-05	2.49095635648646e+15
5.92122651893456e-06	-0.593470719372902	3.34791780523779e-05	3.34519910886066e+15
6.06687866242651e-06	-0.600821834324464	2.51446802516583e-05	4.45407638346395e+15
6.21487389024361e-06	-0.60794160298768	1.90582901768441e-05	5.8766424018691e+15
6.36521353864642e-06	-0.61481588963502	1.45856476843567e-05	7.67891761340844e+15
6.51789782245768e-06	-0.62143112749082	1.1277131718345e-05	9.93215696875442e+15
6.67292581727915e-06	-0.627774544172281	8.81283935929546e-06	1.27100681174899e+16
6.8302954425414e-06	-0.633834412490782	6.96421583168487e-06	1.60849321556679e+16
6.99000344541999e-06	-0.639600320081014	5.56724047223335e-06	2.01227257866098e+16
7.15204538565092e-06	-0.645063447841005	4.50364450994748e-06	2.48775264199247e+16
7.31641562127722e-06	-0.650216843779476	3.68771899659588e-06	3.03856737517689e+16
7.48310729535781e-06	-0.655055676108703	3.05702152699023e-06	3.66603226566106e+16
7.65211232366876e-06	-0.659577447866994	2.56580801429597e-06	4.36871071279119e+16
7.82342138342606e-06	-0.663782155512431	2.18037365591903e-06	5.14216047720772e+16
7.99702390305782e-06	-0.667672376106503	1.87573584929274e-06	5.97891282386077e+16
8.17290805305299e-06	-0.671253271903964	1.63326267295803e-06	6.86870877983322e+16
8.35106073791205e-06	-0.674532507020588	1.43897030826928e-06	7.79898151960945e+16
8.5314675892243e-06	-0.677520077670199	1.28229505297353e-06	8.75553835870844e+16
8.7141129598946e-06	-0.68022806434413	1.15520378567997e-06	9.72336770817522e+16
8.89897991954149e-06	-0.682670320311459	1.05154620253633e-06	1.06874814193664e+17
9.08605025108686e-06	-0.68486211516775	9.66581075444391e-07	1.16337036769506e+17
9.27530444855591e-06	-0.68681975437958	8.96627831828605e-07	1.25493325722496e+17
9.46672171610474e-06	-0.688560195762152	8.38809161350839e-07	1.34236252030239e+17
9.66027996829117e-06	-0.690100681840999	7.90859789462129e-07	1.42480855931365e+17
9.85595583160292e-06	-0.691458403596599	7.50983725031937e-07	1.50165611720681e+17
1.00537246472553e-05	-0.692650206806395	7.17747142393055e-07	1.57251738748181e+17
1.02535604752692e-05	-0.693692347708458	6.89997513269298e-07	1.63721241828808e+17
1.04554360998386e-05	-0.694600300532868	6.66802307913199e-07	1.69574107339675e+17
1.06593230359935e-05	-0.695388615936473	6.47402212525139e-07	1.74825060122131e+17
1.08651915375659e-05	-0.696070826716969	6.31175250327694e-07	1.7950022280743e+17
1.10730106064588e-05	-0.696659395406687	6.17609104287231e-07	1.83633935278272e+17
1.12827480032239e-05	-0.697165697379125	6.06279615889211e-07	1.87265905453446e+17
1.14943702589441e-05	-0.697600032801695	5.96833996432906e-07	1.90438785371423e+17
1.17078426884207e-05	-0.697971660970102	5.88977611554199e-07	1.93196204876897e+17
1.19231294046606e-05	-0.698288851100214	5.82463519199191e-07	1.95581250800517e+17
1.21401933346571e-05	-0.698558944390262	5.77084122695929e-07	1.97635351111386e+17
1.23589962364568e-05	-0.698788422986921	5.72664463077929e-07	1.99397508293417e+17
1.25794987175023e-05	-0.698982982311169	5.69056791139422e-07	2.00903820823315e+17
1.28016602542393e-05	-0.699147603969575	5.66136138470922e-07	2.02187232952528e+17
1.30254392129732e-05	-0.699286627162139	5.63796685969638e-07	2.0327745837746e+17
1.32507928719611e-05	-0.699403817084796	5.61948763991646e-07	2.04201030812081e+17
1.34776774447197e-05	-0.699502429310726	5.60516352169563e-07	2.04981442549556e+17
1.37060481045315e-05	-0.699585269525199	5.59434995948877e-07	2.0563933991646e+17
1.39358590101256e-05	-0.699654748293536	5.58650052645303e-07	2.06192751574745e+17
1.4167063332512e-05	-0.699712930772656	5.58115214884502e-07	2.06657331678022e+17
1.4399613282943e-05	-0.699761581445751	5.57791257355139e-07	2.07046604885881e+17
1.46334601419745e-05	-0.699802204078368	5.57644977422669e-07	2.0737220423712e+17
1.48685542896001e-05	-0.699836077172948	5.57648291161252e-07	2.07644095991189e+17
1.51048452364254e-05	-0.699864285246595	5.57777463217221e-07	2.07870787900895e+17
1.53422816558524e-05	-0.699887746281052	5.58012450946748e-07	2.08059519113923e+17
1.5580811417239e-05	-0.699907235700671	5.58336347738167e-07	2.08216431141537e+17
1.58203816199984e-05	-0.699923407228481	5.58734901343842e-07	2.08346720189079e+17
1.60609386286027e-05	-0.699936810956242	5.59196108963845e-07	2.08454771706514e+17
1.63024281084502e-05	-0.699947908944489	5.59709870766939e-07	2.08544278362753e+17
1.65447950625587e-05	-0.699957088645433	5.60267693625713e-07	2.08618342834145e+17
1.67879838690426e-05	-0.699964674416786	5.60862438206692e-07	2.08679566871358e+17
1.70319383193312e-05	-0.699970937369365	5.61488107875004e-07	2.08730128105035e+17
1.72766016570859e-05	-0.699976103766644	5.62139665383443e-07	2.08771845995434e+17
1.75219166177687e-05	-0.69998036217072	5.62812879725862e-07	2.0880623824414e+17
1.776782546882e-05	-0.699983869506972	5.63504196402807e-07	2.08834568880947e+17
1.80142700503945e-05	-0.699986756199115	5.64210627563612e-07	2.08857889125984e+17
1.82611918166109e-05	-0.699989130507573	5.64929658055085e-07	2.08877072012997e+17
1.85085318772648e-05	-0.699991082187072	5.6565916933317e-07	2.08892841648878e+17
1.87562310399549e-05	-0.69999268556411	5.66397372508743e-07	2.08905797879964e+17
1.90042298525741e-05	-0.699994002121349	5.67142752843199e-07	2.08916437038904e+17
1.92524686461131e-05	-0.699995082663978	5.67894025177027e-07	2.0892516935786e+17
1.95008875777254e-05	-0.699995969132462	5.68650094563829e-07	2.08932333554652e+17
1.97494266740029e-05	-0.699996696116882	5.69410023114285e-07	2.08938209028003e+17
1.99980258744083e-05	-0.699997292119938	5.70173004815862e-07	2.0894302603587e+17
2.02466250748138e-05	-0.699997780608745	5.70938341757736e-07	2.0894697417632e+17
2.04951641710913e-05	-0.69999818088944	5.71705425511066e-07	2.08950209442992e+17
2.07435831027036e-05	-0.699998508833439	5.7247372302541e-07	2.08952860086013e+17
2.09918218962426e-05	-0.69999877747972	5.73242762391783e-07	2.08955031473815e+17
2.12398207088618e-05	-0.699998997533637	5.74012122785035e-07	2.08956810120824e+17
2.14875198715519e-05	-0.699999177779568	5.74781425310646e-07	2.08958267019969e+17
2.17348599322057e-05	-0.699999325421871	5.75550327078427e-07	2.08959460396738e+17
2.19817816984222e-05	-0.699999446366317	5.76318513635157e-07	2.08960437982673e+17
2.22282262799967e-05	-0.699999545452136	5.77085693983387e-07	2.08961238890175e+17
2.2474135131048e-05	-0.699999626643178	5.77851598680689e-07	2.08961895157035e+17
2.27194500917308e-05	-0.69999969318523	5.78615974346363e-07	2.08962433017694e+17
2.29641134294855e-05	-0.69999974773539	5.79378582367335e-07	2.08962873948675e+17
2.32080678797741e-05	-0.699999792468361	5.80139196087014e-07	2.08963235527631e+17
2.3451256686258e-05	-0.699999829163733	5.80897598329764e-07	2.08963532138706e+17
2.36936236403665e-05	-0.699999859277595	5.81653581800024e-07	2.08963775551305e+17
2.3935113120214e-05	-0.699999884001256	5.82406946410287e-07	2.08963975394699e+17
2.41756701288183e-05	-0.69999990430937	5.83157498796611e-07	2.08964139546997e+17
2.44152403315777e-05	-0.69999992099936	5.8390505139932e-07	2.08964274453748e+17
2.46537700929643e-05	-0.699999934723685	5.84649422295839e-07	2.08964385388811e+17
2.48912065123913e-05	-0.699999946016263	5.85390434375265e-07	2.0896447666785e+17
2.51274974592166e-05	-0.699999955314073	5.86127915209921e-07	2.08964551822993e+17
2.53625916068422e-05	-0.699999962974832	5.8686169662501e-07	2.08964613745689e+17
2.55964384658737e-05	-0.699999969291444	5.87591614229384e-07	2.08964664803513e+17
2.58289884163047e-05	-0.699999974503818	5.88317507883242e-07	2.08964706935654e+17
2.60601927386911e-05	-0.699999978808517	5.89039221054683e-07	2.08964741730964e+17
2.62900036442852e-05	-0.699999982366656	5.89756601037824e-07	2.08964770491745e+17
2.6518374304097e-05	-0.699999985310348	5.90469498386667e-07	2.08964794285881e+17
2.67452588768556e-05	-0.699999987747975	5.91177767771909e-07	2.0896481398944e+17
2.69706125358435e-05	-0.699999989768498	5.9188126721785e-07	2.08964830321489e+17
2.71943914945774e-05	-0.699999991444972	5.92579858317376e-07	2.08964843872554e+17
2.74165530313144e-05	-0.699999992837429	5.93273406259624e-07	2.08964855127877e+17
2.76370555123599e-05	-0.699999993995229	5.93961780158112e-07	2.08964864486436e+17
2.78558584141596e-05	-0.699999994958983	5.94644852243643e-07	2.08964872276496e+17
2.80729223441561e-05	-0.699999995762126	5.95322499213395e-07	2.08964878768329e+17
2.8288209060396e-05	-0.69999999643221	5.9599460083346e-07	2.08964884184622e+17
2.85016814898726e-05	-0.69999999699195	5.96661040846876e-07	2.08964888708992e+17
2.87133037455928e-05	-0.699999997460093	5.9732170681712e-07	2.08964892492966e+17
2.89230411423579e-05	-0.699999997852119	5.9797649004598e-07	2.08964895661691e+17
2.91308602112508e-05	-0.699999998180829	5.9862528587577e-07	2.08964898318614e+17
2.93367287128232e-05	-0.699999998456809	5.99267993228532e-07	2.08964900549322e+17
2.95406156489781e-05	-0.699999998688829	5.99904515219345e-07	2.08964902424693e+17
2.97424912735475e-05	-0.699999998884157	6.00534758817539e-07	2.08964904003477e+17
2.99423271015614e-05	-0.699999999048822	6.01158634954797e-07	2.08964905334418e+17
3.01400959172138e-05	-0.699999999187835	6.01776058549787e-07	2.08964906458004e+17
3.03357717805255e-05	-0.699999999305359	6.02386948522875e-07	2.08964907407894e+17
3.0529330032712e-05	-0.699999999404861	6.02991227810754e-07	2.08964908212104e+17
3.07207473002608e-05	-0.699999999489227	6.03588823375995e-07	2.08964908893975e+17
3.09100014977298e-05	-0.699999999560866	6.04179666211644e-07	2.08964909472977e+17
3.10970718292752e-05	-0.699999999621791	6.04763691351036e-07	2.08964909965367e+17
3.12819387889221e-05	-0.699999999673681	6.05340837855041e-07	2.08964910384739e+17
3.14645841595924e-05	-0.699999999717946	6.05911048753803e-07	2.08964910742467e+17
3.16449910109046e-05	-0.699999999755764	6.06474271231394e-07	2.08964911048086e+17
3.18231436957637e-05	-0.699999999788124	6.07030456476478e-07	2.08964911309594e+17
3.19990278457589e-05	-0.699999999815858	6.07579559546948e-07	2.08964911533709e+17
3.21726303653906e-05	-0.699999999839666	6.08121539545169e-07	2.08964911726082e+17
3.23439394251479e-05	-0.699999999860135	6.08656359526038e-07	2.08964911891472e+17
3.25129444534589e-05	-0.699999999877762	6.09183986473551e-07	2.08964912033892e+17
3.26796361275395e-05	-0.699999999892966	6.0970439127261e-07	2.08964912156729e+17
3.28440063631658e-05	-0.699999999906102	6.10217548676279e-07	2.08964912262848e+17
3.30060483033967e-05	-0.699999999917469	6.10723437270967e-07	2.08964912354672e+17
3.31657563062753e-05	-0.699999999927322	6.11222039436243e-07	2.08964912434256e+17
3.33231259315375e-05	-0.699999999935877	6.11713341347784e-07	2.08964912503345e+17
3.3478153926359e-05	-0.699999999943316	6.12197332759438e-07	2.08964912563421e+17
3.36308382101703e-05	-0.699999999949796	6.12674007216775e-07	2.08964912615745e+17
3.37811778585731e-05	-0.69999999995545	6.13143361828685e-07	2.08964912661392e+17
3.39291730863902e-05	-0.699999999960391	6.13605397302046e-07	2.08964912701279e+17
3.40748252298821e-05	-0.699999999964717	6.14060117696058e-07	2.08964912736191e+17
3.42181367281654e-05	-0.69999999996851	6.14507530730537e-07	2.08964912766797e+17
3.43591111038669e-05	-0.699999999971842	6.14947647367151e-07	2.08964912793674e+17
3.44977529430495e-05	-0.699999999974772	6.15380481985362e-07	2.08964912817313e+17
3.46340678744453e-05	-0.699999999977355	6.15806052029341e-07	2.08964912838139e+17
3.47680625480328e-05	-0.699999999979635	6.1622437832319e-07	2.08964912856516e+17
3.48997446129937e-05	-0.69999999998165	6.16635484773375e-07	2.08964912872759e+17
3.50291226950871e-05	-0.699999999983435	6.17039398252464e-07	2.08964912887139e+17
3.51562063734784e-05	-0.699999999985018	6.17436148694302e-07	2.0896491289989e+17
3.5281006157059e-05	-0.699999999986425	6.17825768906249e-07	2.08964912911214e+17
3.54035334602955e-05	-0.699999999987677	6.18208294500346e-07	2.08964912921288e+17
3.55238005786444e-05	-0.699999999988793	6.18583763908019e-07	2.08964912930263e+17
3.56418206635711e-05	-0.699999999989789	6.18952218165175e-07	2.08964912938273e+17
3.57576076972086e-05	-0.69999999999068	6.19313700922252e-07	2.08964912945432e+17
3.58711764666945e-05	-0.699999999991478	6.19668258324806e-07	2.08964912951841e+17
3.59825425382227e-05	-0.699999999992194	6.20015939007939e-07	2.08964912957587e+17
3.60917222308452e-05	-0.699999999992837	6.20356793899982e-07	2.08964912962747e+17
3.61987325900616e-05	-0.699999999993416	6.20690876216094e-07	2.08964912967388e+17
3.63035913612315e-05	-0.699999999993938	6.21018241356477e-07	2.08964912971568e+17
3.6406316962845e-05	-0.699999999994409	6.21338946837882e-07	2.08964912975339e+17
3.65069284596862e-05	-0.699999999994836	6.21653052148929e-07	2.08964912978747e+17
3.66054455359237e-05	-0.699999999995221	6.21960618758532e-07	2.0896491298183e+17
3.67018884681627e-05	-0.699999999995571	6.22261709969137e-07	2.08964912984625e+17
3.6796278098491e-05	-0.69999999999589	6.22556390848701e-07	2.08964912987161e+17
3.68886358075505e-05	-0.699999999996179	6.22844728147104e-07	2.08964912989467e+17
3.6978983487668e-05	-0.699999999996443	6.2312679021094e-07	2.08964912991565e+17
3.70673435160738e-05	-0.699999999996684	6.23402646901386e-07	2.08964912993479e+17
3.71537387282404e-05	-0.699999999996904	6.23672369509674e-07	2.08964912995226e+17
3.72381923913683e-05	-0.699999999997105	6.23936030675017e-07	2.08964912996824e+17
3.73207281780496e-05	-0.69999999999729	6.2419370430264e-07	2.08964912998287e+17
3.74013701401347e-05	-0.69999999999746	6.24445465481037e-07	2.08964912999629e+17
3.7480142682831e-05	-0.699999999997616	6.24691390402711e-07	2.08964913000861e+17
3.75570705390572e-05	-0.699999999997759	6.24931556282433e-07	2.08964913001995e+17
3.76321787440793e-05	-0.699999999997892	6.25166041279733e-07	2.08964913003039e+17
3.77054926104514e-05	-0.699999999998014	6.2539492442617e-07	2.08964913004002e+17
3.77770377032842e-05	-0.699999999998128	6.25618285521419e-07	2.08964913004891e+17
3.78468398158635e-05	-0.699999999998233	6.25836205097802e-07	2.08964913005714e+17
3.79149249456379e-05	-0.69999999999833	6.26048764318282e-07	2.08964913006476e+17
3.79813192705975e-05	-0.699999999998421	6.26256044909564e-07	2.08964913007183e+17
3.80460491260605e-05	-0.699999999998505	6.26458129089743e-07	2.0896491300784e+17
3.81091409818861e-05	-0.699999999998583	6.26655099491702e-07	2.08964913008451e+17
3.81706214201303e-05	-0.699999999998657	6.26847039113463e-07	2.08964913009021e+17
3.82305171131599e-05	-0.699999999998725	6.27034031220173e-07	2.08964913009552e+17
3.8288854802239e-05	-0.699999999998789	6.27216159297085e-07	2.08964913010048e+17
3.83456612766021e-05	-0.699999999998849	6.27393506979187e-07	2.08964913010511e+17
3.84009633530253e-05	-0.699999999998905	6.27566157987275e-07	2.08964913010946e+17
3.84547878559076e-05	-0.699999999998958	6.27734196066219e-07	2.08964913011353e+17
3.85071615978724e-05	-0.699999999999008	6.2789770492405e-07	2.08964913011736e+17
3.85581113608984e-05	-0.699999999999054	6.28056768173075e-07	2.08964913012095e+17
3.86076638779882e-05	-0.699999999999099	6.28211469272739e-07	2.08964913012433e+17
3.86558458153822e-05	-0.69999999999914	6.28361891474055e-07	2.08964913012752e+17
3.87026837553239e-05	-0.69999999999918	6.28508117763247e-07	2.08964913013053e+17
3.87482041793816e-05	-0.699999999999217	6.28650230819721e-07	2.08964913013337e+17
3.87924334523318e-05	-0.699999999999252	6.28788312950979e-07	2.08964913013606e+17
3.88353978066068e-05	-0.699999999999286	6.28922446053614e-07	2.0896491301386e+17
3.88771233273096e-05	-0.699999999999317	6.29052711564311e-07	2.08964913014101e+17
3.89176359377985e-05	-0.699999999999347	6.29179190414808e-07	2.0896491301433e+17
3.89569613858401e-05	-0.699999999999376	6.29301962988694e-07	2.08964913014546e+17
3.89951252303335e-05	-0.699999999999403	6.29421109081447e-07	2.08964913014753e+17
3.90321528286021e-05	-0.699999999999429	6.29536707854537e-07	2.08964913014949e+17
3.90680693242545e-05	-0.699999999999454	6.296488378083e-07	2.08964913015135e+17
3.91028996356084e-05	-0.699999999999477	6.29757576734035e-07	2.08964913015313e+17
3.91366684446779e-05	-0.6999999999995	6.29863001690697e-07	2.08964913015482e+17
3.91694001867181e-05	-0.699999999999521	6.29965188962912e-07	2.08964913015644e+17
3.92011190403239e-05	-0.699999999999542	6.30064214034294e-07	2.08964913015798e+17
3.92318489180762e-05	-0.699999999999562	6.30160151561161e-07	2.08964913015946e+17
3.92616134577321e-05	-0.69999999999958	6.30253075337674e-07	2.08964913016087e+17
3.92904360139502e-05	-0.699999999999598	6.30343058277261e-07	2.08964913016222e+17
3.93183396505458e-05	-0.699999999999616	6.30430172384258e-07	2.08964913016351e+17
3.93453471332682e-05	-0.699999999999632	6.30514488731723e-07	2.08964913016474e+17
3.93714809230911e-05	-0.699999999999648	6.30596077443431e-07	2.08964913016593e+17
3.93967631700094e-05	-0.699999999999663	6.30675007670801e-07	2.08964913016706e+17
3.94212157073316e-05	-0.699999999999678	6.3075134757529e-07	2.08964913016815e+17
3.944486004646e-05	-0.699999999999692	6.30825164315349e-07	2.08964913016919e+17
3.9467717372148e-05	-0.699999999999705	6.30896524028937e-07	2.08964913017019e+17
3.94898085382252e-05	-0.699999999999718	6.30965491821449e-07	2.08964913017115e+17
3.95111540637786e-05	-0.69999999999973	6.31032131750862e-07	2.08964913017207e+17
3.95317741297812e-05	-0.699999999999742	6.31096506823627e-07	2.08964913017295e+17
3.95516885761547e-05	-0.699999999999753	6.31158678977626e-07	2.0896491301738e+17
3.9570916899257e-05	-0.699999999999765	6.31218709081257e-07	2.08964913017462e+17
3.95894782497817e-05	-0.699999999999775	6.31276656921508e-07	2.0896491301754e+17
3.96073914310586e-05	-0.699999999999785	6.31332581201394e-07	2.08964913017615e+17
3.96246748977433e-05	-0.699999999999795	6.31386539536225e-07	2.08964913017688e+17
3.96413467548836e-05	-0.699999999999804	6.31438588448994e-07	2.08964913017757e+17
3.9657424757351e-05	-0.699999999999813	6.3148878336998e-07	2.08964913017824e+17
3.96729263096249e-05	-0.699999999999822	6.31537178634841e-07	2.08964913017888e+17
3.9687868465917e-05	-0.69999999999983	6.31583827486432e-07	2.08964913017949e+17
3.97022679306243e-05	-0.699999999999838	6.31628782075071e-07	2.08964913018009e+17
3.97161410590975e-05	-0.699999999999846	6.31672093461902e-07	2.08964913018066e+17
3.9729503858713e-05	-0.699999999999853	6.31713811621186e-07	2.0896491301812e+17
3.97423719902363e-05	-0.69999999999986	6.31753985445233e-07	2.08964913018173e+17
3.97547607694635e-05	-0.699999999999867	6.3179266274926e-07	2.08964913018223e+17
3.97666851691303e-05	-0.699999999999874	6.31829890277958e-07	2.08964913018272e+17
3.97781598210748e-05	-0.69999999999988	6.31865713711011e-07	2.08964913018318e+17
3.9789199018643e-05	-0.699999999999886	6.31900177671839e-07	2.08964913018363e+17
3.97998167193247e-05	-0.699999999999892	6.3193332573528e-07	2.08964913018406e+17
3.98100265476075e-05	-0.699999999999897	6.31965200436301e-07	2.08964913018447e+17
3.98198417980384e-05	-0.699999999999903	6.31995843280061e-07	2.08964913018487e+17
3.98292754384799e-05	-0.699999999999908	6.32025294751815e-07	2.08964913018525e+17
3.98383401135511e-05	-0.699999999999913	6.32053594327454e-07	2.08964913018561e+17
3.984704814824e-05	-0.699999999999917	6.32080780485193e-07	2.08964913018596e+17
3.98554115516793e-05	-0.699999999999922	6.32106890717094e-07	2.0896491301863e+17
3.98634420210712e-05	-0.699999999999926	6.32131961541338e-07	2.08964913018662e+17
3.98711509457544e-05	-0.699999999999931	6.32156028515106e-07	2.08964913018693e+17
3.98785494113991e-05	-0.699999999999935	6.32179126247401e-07	2.08964913018723e+17
3.98856482043233e-05	-0.699999999999938	6.32201288412698e-07	2.08964913018751e+17
3.98924578159183e-05	-0.699999999999942	6.3222254776473e-07	2.08964913018779e+17
3.98989884471737e-05	-0.699999999999946	6.32242936150632e-07	2.08964913018805e+17
3.99052500132947e-05	-0.699999999999949	6.32262484525247e-07	2.0896491301883e+17
3.99112521483992e-05	-0.699999999999952	6.32281222965979e-07	2.08964913018854e+17
3.99170042102887e-05	-0.699999999999955	6.32299180687491e-07	2.08964913018877e+17
3.99225152852831e-05	-0.699999999999958	6.3231638605697e-07	2.08964913018899e+17
3.99277941931102e-05	-0.699999999999961	6.32332866609242e-07	2.0896491301892e+17
3.99328494918441e-05	-0.699999999999964	6.3234864906231e-07	2.0896491301894e+17
3.9937689482882e-05	-0.699999999999967	6.32363759332825e-07	2.0896491301896e+17
3.99423222159538e-05	-0.699999999999969	6.32378222551742e-07	2.08964913018978e+17
3.99467554941562e-05	-0.699999999999971	6.32392063080038e-07	2.08964913018996e+17
3.99509968790052e-05	-0.699999999999974	6.3240530452448e-07	2.08964913019013e+17
3.99550536954986e-05	-0.699999999999976	6.3241796975343e-07	2.08964913019029e+17
3.9958933037184e-05	-0.699999999999978	6.32430080912685e-07	2.08964913019045e+17
3.99626417712249e-05	-0.69999999999998	6.32441659441274e-07	2.08964913019059e+17
3.99661865434591e-05	-0.699999999999982	6.32452726087256e-07	2.08964913019074e+17
3.99695737834446e-05	-0.699999999999984	6.32463300923466e-07	2.08964913019087e+17
3.99728097094855e-05	-0.699999999999986	6.32473403363215e-07	2.089649130191e+17
3.99759003336365e-05	-0.699999999999987	6.32483052175912e-07	2.08964913019112e+17
3.99788514666764e-05	-0.699999999999989	6.32492265502595e-07	2.08964913019124e+17
3.99816687230502e-05	-0.69999999999999	6.3250106087134e-07	2.08964913019135e+17
3.99843575257735e-05	-0.699999999999992	6.32509455212607e-07	2.08964913019146e+17
3.99869231112941e-05	-0.699999999999993	6.3251746487439e-07	2.08964913019156e+17
3.99893705343101e-05	-0.699999999999995	6.32525105637265e-07	2.08964913019166e+17
3.99917046725373e-05	-0.699999999999996	6.32532392729278e-07	2.08964913019176e+17
3.99939302314252e-05	-0.699999999999997	6.32539340840665e-07	2.08964913019184e+17
3.99960517488167e-05	-0.699999999999998	6.32545964138402e-07	2.08964913019193e+17
3.99980735995503e-05	-0.699999999999999	6.32552276280571e-07	2.08964913019201e+17
4e-05	-0.7	6.32558290430533e-07	2.08964913019209e+17
