Position  (cm)	V (V)	n (cm-3)	p (cm-3)
0	0	363568.293258173	363569.099107614
2.02184590894066e-09	0.000300178600087428	367180.570202657	359371.909431405
4.14335823799513e-09	0.00061508255692792	371015.253466323	355020.888299056
6.36891181508354e-09	0.000945350633730299	375087.370302785	350514.161840818
8.70304447246179e-09	0.00129164462064768	379413.145459254	345850.173262845
1.11504616483094e-08	0.00165464990858249	384010.116048109	341027.714809769
1.37160410468289e-08	0.00203507606267345	388897.259260805	336045.960525431
1.64048373538914e-08	0.0024336573943736	394095.134540102	330904.499620757
1.92220870050832e-08	0.0028511535309625	399626.042051806	325603.370226673
2.21732130027976e-08	0.00328834998126308	405514.199556811	320143.093277556
2.52638297787426e-08	0.00374605869625003	411785.940083811	314524.706237314
2.84997480980044e-08	0.00422511862315752	418469.93314967	308749.796345976
3.18869800006108e-08	0.00472639625161836	425597.432675951	302820.533030169
3.54317437761696e-08	0.00525078615026359	433202.555215598	296739.699086982
3.91404689670858e-08	0.00579921149215015	441322.592645359	290510.720217287
4.30198013953979e-08	0.00637262456726409	449998.364109102	284137.692453553
4.70766082081932e-08	0.00697200728028026	459274.612732114	277625.406998045
5.13179829361677e-08	0.00759837163164557	469200.453484132	270979.371962199
5.57512505597142e-08	0.00825276017996848	479829.879572914	264205.830476928
6.03839725765966e-08	0.00893624648358968	491222.3359266	257311.774628436
6.52239520650348e-08	0.00964993551911368	503443.369704823	250304.954665423
7.02792387357311e-08	0.0103949640745752	516565.369403752	243193.88292284
7.55581339660905e-08	0.011172501114809	530668.406035708	235987.831915608
8.10691958096376e-08	0.0119837481164889	545841.192125863	228696.82607409
8.68212439733243e-08	0.0128299393701918	562182.17694427	221331.626622855
9.28233647551831e-08	0.0137123422467349	579800.79956342	213903.709146151
9.90849159344704e-08	0.0146322574249255	598818.925098684	206425.233438638
1.05615531606198e-07	0.0155910190777507	619372.493972593	198909.005308734
1.12425126951681e-07	0.0165899950139294	641613.419390698	191368.430084996
1.19523902936438e-07	0.0176305867716306	665711.774606308	183817.457673391
1.26922350926539e-07	0.0187142296610598	691858.319203487	176270.519124797
1.34631257214247e-07	0.0198423927525016	720267.422811078	168742.454797094
1.426617074435e-07	0.0210165788062993	751180.455705864	161248.434333674
1.51025090925564e-07	0.0222383241411429	784869.729077304	153803.868828533
1.5973310483497e-07	0.0235091984369388	821643.083811991	146424.315705151
1.68797758275519e-07	0.0248308044684189	861849.24613349	139125.376999881
1.78231376206037e-07	0.0262047777655625	905884.092074259	131922.591906801
1.88046603215225e-07	0.0276327861967886	954197.99151622	124831.32460706
1.98256407134813e-07	0.0291165294708013	1007304.43760986	117866.648566888
2.08874082479995e-07	0.0306577385528661	1065790.21025631	111043.228640657
2.19913253705957e-07	0.0322581749912218	1130327.37487858	104375.202453624
2.31387878269063e-07	0.0339196301492434	1201687.48225717	97876.0626584167
2.43312249481223e-07	0.0356439243389098	1280758.41470796	91558.5417549034
2.55700999145667e-07	0.0374329058510508	1368564.42205213	85434.501230032
2.68569099962338e-07	0.0392884498778013	1466290.0123712	79514.8268079458
2.81931867690899e-07	0.0412124573226287	1575308.51341737	73809.3315972865
2.95804963059328e-07	0.0432068534932673	1697216.30834375	68326.6688787548
3.10204393405883e-07	0.0452735866728505	1833873.98380131	63074.2561895104
3.25146514042238e-07	0.0474146265645175	1987455.92178575	58058.2122306142
3.40648029325503e-07	0.0496319626047589	2160510.23476429	53283.3079496727
3.56725993426758e-07	0.0519276021407574	2356031.40696023	48752.9329347299
3.73397810783814e-07	0.0543035684670073	2577548.58951652	44469.0780003339
3.90681236225808e-07	0.05676189871651	2829233.23760297	40432.3345573918
4.08594374757362e-07	0.0593046416018941	3116030.71748203	36641.9110410238
4.2715568099001e-07	0.0619338550018564	3443821.70847476	33095.6663328747
4.46383958208709e-07	0.0646516033883998	3819620.75352554	29790.159765053
4.66298357061353e-07	0.0674599550904303	4251821.27059294	26720.7169419381
4.8691837385927e-07	0.0703609793893815	4750498.85394519	23881.5102740511
5.08263848476895e-07	0.0733567434426623	5327787.93883818	21265.6527957887
5.30354961838956e-07	0.0764493090308714	5998351.09845779	18865.3035467352
5.5321223298367e-07	0.0796407291248803	6779965.6843805	16671.7825445265
5.76856515690716e-07	0.0829330442690821	7694259.60437036	14675.6931747837
6.01308994663012e-07	0.0863282787773084	8767637.27812816	12867.0496779641
6.26591181251512e-07	0.0898284367381428	10032448.9232189	11235.4073296494
6.52724908712662e-07	0.0934354978266271	11528472.2393428	9769.99289318892
6.79732326988386e-07	0.0971514129196172	13304796.5432481	8459.83297269029
7.07635896998916e-07	0.10097809951237	15422227.1645133	7293.87800850136
7.36458384439106e-07	0.104917436934253	17956364.7530395	6261.11983244632
7.66222853069321e-07	0.108971261361829	21001563.2078944	5350.700929644
7.96952657492446e-07	0.113141360627962	24676035.4855068	4552.01382913347
8.28671435409041e-07	0.117429468825976	29128464.4201641	3854.78935638086
8.61403099343132e-07	0.121837260708344	34546593.8928671	3249.17281541633
8.95171827831744e-07	0.126366345879863	41168435.2187613	2725.78751448836
9.30002056071754e-07	0.131018262785721	49296939.6654418	2275.78539424528
9.65918466018347e-07	0.135794472495417	59319281.5630835	1890.88484950912
1.00294597592988e-06	0.140696352284034	71732296.6644265	1563.39614366995
1.04110972935466e-06	0.1457251890129	87176167.8231465	1286.23508905117
1.08043508355587e-06	0.150882172312337	106479201.316023	1052.92589963494
1.12094759737148e-06	0.156168387569757	130717571.534466	857.594308811639
1.16267301850678e-06	0.161584808727067	161295340.662839	694.952181174425
1.20563727025797e-06	0.167132290891994	200052040.138701	560.274933001377
1.24986643766601e-06	0.172811562768663	249407853.544479	449.373112359159
1.29538675310057e-06	0.178623218913469	312560279.542866	358.559480121152
1.34222458127518e-06	0.18456771182306	393751523.414955	284.61288268251
1.39040640369498e-06	0.190645343861994	498633399.694736	224.740122107781
1.43995880253999e-06	0.196856259038457	634767129.129643	176.536917032858
1.490908443987e-06	0.203200434637197	812310371.246354	137.948915424779
1.54328206097489e-06	0.209677672719724	1044964997.75583	107.233575814324
1.59710643541841e-06	0.216287591502603	1351289135.09794	82.9235839875181
1.65240837987695e-06	0.223029616625572	1756519701.50875	63.7923237666715
1.70921471868553e-06	0.229902972322085	2295112529.25171	48.8217788957516
1.76755226855625e-06	0.236906672505736	3014294120.03181	37.1731125368407
1.82744781865966e-06	0.244039511786932	3979043573.35087	28.1600546904838
1.88892811019611e-06	0.25130005643508	5279101792.73352	21.2251280271063
1.95201981546869e-06	0.25868663530242	7038861637.15846	15.9186601388375
2.01674951646997e-06	0.266197330726558	9431361866.40859	11.8804651217589
2.08314368299602e-06	0.273829969429642	12698139640.5174	8.82402892211305
2.15122865030218e-06	0.281582113432984	17177463492.3351	6.52299966334606
2.22103059631603e-06	0.289451051006845	23344575982.9837	4.79976442758642
2.2925755184243e-06	0.297433787675933	31869174227.0813	3.51588565912801
2.36588920985104e-06	0.305527037302037	43697665823.365	2.56417135835355
2.44099723564608e-06	0.313727213266042	60171072402.685	1.8621614473949
2.51792490830311e-06	0.322030419772408	83194265512.1224	1.34682615511467
2.59669726302834e-06	0.330432443299994	115479158030.275	0.970289237769627
2.67733903268147e-06	0.338928744223907	160894463648.511	0.696407823041863
2.75987462241158e-06	0.347514448633868	224968991034.522	0.498060408853344
2.84432808401184e-06	0.356184340375369	315616014524.304	0.355014102764424
2.93072309001773e-06	0.364932853340773	444175665738.893	0.252260842685238
3.01908290757432e-06	0.373754064038397	626914151417.381	0.178729609356394
3.10943037209947e-06	0.382641684468661	887177935507.356	0.126297230810018
3.20178786077025e-06	0.391589055337622	1258484676845.61	0.0890341492465766
3.29617726586114e-06	0.400589139639802	1788949924463.89	0.0626334519342555
3.39261996796315e-06	0.409634516644257	2547611608184.21	0.0439816279023641
3.49113680911412e-06	0.418717376320721	3633439211741.15	0.0308380285662263
3.59174806587093e-06	0.427829514246636	5188121535908.62	0.0215970457018276
3.69447342235534e-06	0.436962327041583	7414141299990.47	0.0151127538403307
3.79933194330587e-06	0.44610680838384	10600196338402.9	0.0105703782659167
3.90634204716864e-06	0.455253545675536	15156749271389.6	0.00739261914056228
4.01552147926091e-06	0.46439271743972	21665414498006.7	0.00517174783491674
4.12688728504169e-06	0.47351409155666	30947052662954.6	0.00362063689151263
4.24045578352403e-06	0.482607024480584	44154853568925.1	0.00253761485998316
4.35624254086452e-06	0.491660461625427	62900334572035.9	0.00178135735093922
4.4742623441656e-06	0.500662939173639	89421996740017.4	0.00125302411905412
4.59452917552698e-06	0.509602587651289	126808216844161	0.000883600807022867
4.71705618638251e-06	0.51846713773234	179287539218714	0.000624961100451381
4.84185567215947e-06	0.527243928892425	252600430343116	0.00044357641660864
4.96893904729713e-06	0.535919921735374	354466121973439	0.000316101851032285
5.0983168206619e-06	0.544481715070531	495155505097710	0.000226286753210728
5.22999857139624e-06	0.552915569129214	688175019435315	0.000162817266296797
5.36399292523878e-06	0.561207436672214	951055819814718	0.00011781254087933
5.50030753135293e-06	0.569343004145384	1.30622591485128e+15	8.5778180364819e-05
5.6389490397012e-06	0.577307745461211	1.78191953070695e+15	6.28787527681187e-05
5.77992307900238e-06	0.585086991375881	2.41304756360816e+15	4.64325074207953e-05
5.92323423530842e-06	0.592666017725294	3.24191706743297e+15	3.45605859988874e-05
6.06888603123773e-06	0.600030155885812	4.31864994035239e+15	2.59435129665628e-05
6.21688090590101e-06	0.607164928619193	5.70111784792479e+15	1.96521118906082e-05
6.36722019555563e-06	0.614056213815707	7.45419148785628e+15	1.50300269114896e-05
6.5199041150238e-06	0.620690437439981	9.64810940534133e+15	1.16120193166264e-05
6.6749317399095e-06	0.627054795120901	1.23558168558017e+16	9.06706931236217e-06
6.83230098964826e-06	0.633137499293138	1.56492176943575e+16	7.15868585962924e-06
6.99200861142341e-06	0.638928045689548	1.95944232851398e+16	5.71716463253236e-06
7.15405016498153e-06	0.644417489541376	2.42462611265792e+16	4.62015201055899e-06
7.31842000837912e-06	0.649598718460123	2.9642496660761e+16	3.77899214103214e-06
7.48511128469147e-06	0.654466706169433	3.57983856380956e+16	3.12910798940305e-06
7.65411590971394e-06	0.659018729598455	4.27022661690311e+16	2.62320244899982e-06
7.82542456068475e-06	0.663254531852754	5.03128796799279e+16	2.22643578759694e-06
7.99902666605726e-06	0.667176415570595	5.8558958740819e+16	1.91299198799054e-06
8.17491039634862e-06	0.670789255176868	6.73413483524103e+16	1.6636241353808e-06
8.3530626560906e-06	0.674100422232268	7.65375802926836e+16	1.46389223991831e-06
8.53346907690674e-06	0.677119624777166	8.60084664715301e+16	1.3028925374317e-06
8.71611401173927e-06	0.679858668403447	9.56059918254883e+16	1.17233696091923e-06
8.90098053024712e-06	0.682331152822851	1.05181629261636e+17	1.06588310700787e-06
9.08805041539565e-06	0.684552122149999	1.14594195175075e+17	9.78644148823099e-07
9.27730416125661e-06	0.686537689488973	1.23716502598544e+17	9.06828582029657e-07
9.46872097203571e-06	0.688304656579202	1.32440307214973e+17	8.47474069270174e-07
9.6622787623435e-06	0.689870147445825	1.4067932052445e+17	7.98249798368354e-07
9.85795415872344e-06	0.691251271699457	1.48370327369478e+17	7.5730895924195e-07
1.00557225024497e-05	0.692464828959345	1.5547264998253e+17	7.23178055682007e-07
1.02555578536051e-05	0.693527061451917	1.61966327306047e+17	6.94673416081554e-07
1.04574329964484e-05	0.694453457683044	1.67849426398235e+17	6.70837881660563e-07
1.06613194460779e-05	0.695258606559663	1.73134886515569e+17	6.50892532433633e-07
1.08671874563963e-05	0.695956098637703	1.7784723710799e+17	6.34199671314168e-07
1.10750060293806e-05	0.696558469342833	1.8201945003912e+17	6.20234274836224e-07
1.12847429256596e-05	0.697077177982165	1.8569010158754e+17	6.08561840358478e-07
1.14963646763958e-05	0.697522616005738	1.88900943288509e+17	5.98821087286284e-07
1.17098365964736e-05	0.697904138125397	1.91694918930509e+17	5.90710359403134e-07
1.19251227989853e-05	0.698230110395273	1.94114620031716e+17	5.83976863079385e-07
1.21421862110126e-05	0.698507970061396	1.96201142883196e+17	5.78408089486737e-07
1.23609885906936e-05	0.698744292784859	1.97993294125762e+17	5.73824928251509e-07
1.25814905455648e-05	0.69894486365017	1.9952708562248e+17	5.70076098602129e-07
1.28036515521685e-05	0.699114749131938	2.00835460008116e+17	5.67033614080208e-07
1.30274299769096e-05	0.69925836787579	2.01948193124228e+17	5.6458906271664e-07
1.3252783098147e-05	0.699379558737379	2.02891926571672e+17	5.626505359624e-07
1.3479667129502e-05	0.699481645012951	2.03690291407371e+17	5.61140077658498e-07
1.37080372443639e-05	0.699567494190559	2.04364091656137e+17	5.59991553084421e-07
1.39378476015714e-05	0.699639572861606	2.04931523266145e+17	5.59148859879189e-07
1.41690513722462e-05	0.699699996669171	2.05408410150429e+17	5.58564419697371e-07
1.44016007677545e-05	0.699750575344306	2.05808443953988e+17	5.58197901766528e-07
1.46354470687687e-05	0.69979285300544	2.06143418206295e+17	5.5801513985891e-07
1.48705406554005e-05	0.699828143979451	2.06423450663039e+17	5.57987210928628e-07
1.51068310383762e-05	0.69985756445472	2.0665719003546e+17	5.58089650143977e-07
1.53442668912202e-05	0.699882060304125	2.06852005081517e+17	5.58301781295233e-07
1.55827960834148e-05	0.699902431425591	2.07014155312762e+17	5.58606145682989e-07
1.58223657144995e-05	0.699919352944509	2.07148943462128e+17	5.58988014193869e-07
1.60629221490743e-05	0.699933393609976	2.07260850451857e+17	5.59434970898513e-07
1.63044110526672e-05	0.699945031698487	2.07353653972137e+17	5.59936558179906e-07
1.65467774284272e-05	0.699954668716684	2.07430531989112e+17	5.60483973928545e-07
1.67899656546015e-05	0.699962641170917	2.0749415259226e+17	5.61069813913808e-07
1.70339195227535e-05	0.69996923064681	2.07546751601455e+17	5.61687852538517e-07
1.72785822766799e-05	0.699974672417809	2.07590199309955e+17	5.62332856308029e-07
1.75238966519796e-05	0.69997916277836	2.07626057661304e+17	5.63000426429003e-07
1.77698049162305e-05	0.699982865275359	2.07655629059837e+17	5.6368686439634e-07
1.80162489097262e-05	0.699985915991087	2.07679997906655e+17	5.64389059109373e-07
1.82631700867253e-05	0.699988428012109	2.0770006584263e+17	5.65104391469228e-07
1.85105095571636e-05	0.699990495201605	2.07716581572036e+17	5.658306535244e-07
1.87582081287812e-05	0.699992195377315	2.07730166037853e+17	5.66565980574308e-07
1.90062063496129e-05	0.699993592983601	2.0774133362451e+17	5.67308794467413e-07
1.92544445507917e-05	0.699994741334048	2.07750509976712e+17	5.68057755830039e-07
1.9502862889614e-05	0.699995684490316	2.07758046944438e+17	5.68811723597518e-07
1.97514013928147e-05	0.699996458833607	2.07764235094033e+17	5.69569721918455e-07
2e-05	0.699997094376928	2.07769314163248e+17	5.7033091188017e-07
2.02485986071853e-05	0.699997615859218	2.07773481783541e+17	5.71094568396061e-07
2.0497137110386e-05	0.699998043656271	2.07776900745364e+17	5.7186006075796e-07
2.07455554492083e-05	0.699998394538068	2.07779705040811e+17	5.72626836393861e-07
2.09937936503871e-05	0.699998682297574	2.07782004882326e+17	5.73394407654206e-07
2.12417918712188e-05	0.699998918272155	2.07783890865439e+17	5.74162340434026e-07
2.14894904428364e-05	0.699999111775429	2.07785437417189e+17	5.74930245290286e-07
2.17368299132747e-05	0.69999927045453	2.07786705649431e+17	5.7569776968232e-07
2.19837510902738e-05	0.699999400585342	2.0778774571709e+17	5.76464592032177e-07
2.22301950837695e-05	0.699999507316229	2.07788598765212e+17	5.77230415917857e-07
2.24761033480204e-05	0.699999594869045	2.07789298534917e+17	5.77994966498163e-07
2.27214177233201e-05	0.699999666704767	2.07789872686799e+17	5.78757986841926e-07
2.29660804772465e-05	0.699999725659859	2.07790343890536e+17	5.79519234870956e-07
2.32100343453986e-05	0.699999774058449	2.07790730721286e+17	5.80278481399227e-07
2.34532225715728e-05	0.699999813804544	2.07791048396596e+17	5.81035508101326e-07
2.36955889473328e-05	0.699999846457781	2.0779130938176e+17	5.81790105462814e-07
2.39370778509257e-05	0.699999873295617	2.07791523886818e+17	5.8254207284401e-07
2.41776342855005e-05	0.699999895364353	2.07791700274343e+17	5.83291216050722e-07
2.44172039165852e-05	0.699999913520978	2.07791845393863e+17	5.84037347367452e-07
2.46557331087798e-05	0.69999992846747	2.07791964855983e+17	5.84780284687256e-07
2.48931689616238e-05	0.699999940778897	2.07792063256989e+17	5.85519851064644e-07
2.51294593445995e-05	0.699999950926439	2.07792144362816e+17	5.86255873943252e-07
2.53645529312313e-05	0.699999959296227	2.07792211259678e+17	5.86988185587974e-07
2.55983992322455e-05	0.699999966204778	2.07792266477377e+17	5.87716622389977e-07
2.58309486277538e-05	0.699999971911619	2.07792312090216e+17	5.88441024435876e-07
2.60621523984286e-05	0.699999976629619	2.0779234979958e+17	5.8916123576599e-07
2.62919627556361e-05	0.699999980533443	2.07792381001506e+17	5.89877104301837e-07
2.6520332870498e-05	0.699999983766467	2.07792406841956e+17	5.90588481845571e-07
2.6747216901853e-05	0.699999986446441	2.07792428262046e+17	5.91295223194622e-07
2.69725700230904e-05	0.69999998867011	2.07792446035048e+17	5.91997187466474e-07
2.71963484478315e-05	0.699999990517011	2.07792460796665e+17	5.9269423685452e-07
2.74185094544352e-05	0.699999992052567	2.07792473069805e+17	5.93386237780399e-07
2.76390114093064e-05	0.699999993330627	2.0779248328486e+17	5.94073059825521e-07
2.78578137889874e-05	0.69999999439554	2.07792491796302e+17	5.94754576387642e-07
2.80748772010148e-05	0.699999995283858	2.07792498896278e+17	5.95430664495156e-07
2.82901634035264e-05	0.699999996025728	2.07792504825741e+17	5.9610120518116e-07
2.85036353236042e-05	0.699999996646033	2.07792509783571e+17	5.96766082878063e-07
2.87152570743404e-05	0.699999997165326	2.07792513934049e+17	5.97425186156829e-07
2.89249939706194e-05	0.6999999976006	2.07792517412992e+17	5.98078406843212e-07
2.91328125436037e-05	0.699999997965915	2.07792520332776e+17	5.98725641418216e-07
2.93386805539221e-05	0.699999998272916	2.07792522786467e+17	5.99366789481552e-07
2.95425670035516e-05	0.699999998531253	2.07792524851208e+17	6.00001754866409e-07
2.97444421463949e-05	0.699999998748934	2.07792526591004e+17	6.00630445474328e-07
2.99442774975503e-05	0.699999998932611	2.07792528059011e+17	6.01252772943388e-07
3.01420458412766e-05	0.699999999087811	2.07792529299419e+17	6.01868652899003e-07
3.03377212376565e-05	0.699999999219137	2.07792530349002e+17	6.02478005042844e-07
3.05312790279643e-05	0.69999999933042	2.07792531238395e+17	6.03080753222433e-07
3.07226958387434e-05	0.699999999424858	2.07792531993146e+17	6.03676824583162e-07
3.09119495846044e-05	0.699999999505118	2.07792532634582e+17	6.0426615104307e-07
3.10990194697529e-05	0.699999999573432	2.0779253318053e+17	6.04848668502343e-07
3.12838859882607e-05	0.699999999631664	2.07792533645907e+17	6.05424316365219e-07
3.14665309230933e-05	0.699999999681379	2.07792534043208e+17	6.05993038450303e-07
3.16469373439094e-05	0.699999999723888	2.07792534382912e+17	6.06554782423904e-07
3.18250896036514e-05	0.699999999760292	2.0779253467382e+17	6.07109499955463e-07
3.20009733339427e-05	0.699999999791516	2.0779253492333e+17	6.07657146790709e-07
3.21745754393153e-05	0.69999999981834	2.0779253513767e+17	6.08197682686941e-07
3.23458840902861e-05	0.69999999984142	2.07792535322089e+17	6.08731070761436e-07
3.25148887153085e-05	0.699999999861311	2.07792535481017e+17	6.09257278936728e-07
3.26815799916209e-05	0.69999999987848	2.07792535618196e+17	6.09776278199485e-07
3.28459498350185e-05	0.699999999893325	2.07792535736792e+17	6.10288043844865e-07
3.30079913885766e-05	0.69999999990618	2.07792535839489e+17	6.10792555057162e-07
3.31676990103517e-05	0.69999999991733	2.07792535928561e+17	6.11289794354019e-07
3.33250682600905e-05	0.699999999927018	2.07792536005942e+17	6.11779748404479e-07
3.34800958849762e-05	0.699999999935448	2.07792536073275e+17	6.12262407298534e-07
3.36327798044444e-05	0.699999999942796	2.0779253613196e+17	6.12737764733497e-07
3.3783119094099e-05	0.699999999949212	2.07792536183192e+17	6.13205818393431e-07
3.39311139687623e-05	0.699999999954823	2.07792536227989e+17	6.13666569049083e-07
3.40767657646916e-05	0.699999999959737	2.07792536267224e+17	6.14120021379035e-07
3.42200769209976e-05	0.699999999964049	2.07792536301644e+17	6.14566182833628e-07
3.43610509602988e-05	0.699999999967838	2.07792536331887e+17	6.15005064890812e-07
3.44996924686471e-05	0.699999999971174	2.07792536358505e+17	6.15436681987088e-07
3.46360070747612e-05	0.699999999974115	2.0779253638197e+17	6.15861051771112e-07
3.47700014286038e-05	0.699999999976713	2.07792536402688e+17	6.16278195381142e-07
3.49016831793381e-05	0.69999999997901	2.07792536421012e+17	6.16688136767712e-07
3.50310609527029e-05	0.699999999981046	2.07792536437242e+17	6.17090902917614e-07
3.51581443278405e-05	0.699999999982852	2.07792536451643e+17	6.17486523959698e-07
3.52829438136175e-05	0.699999999984458	2.0779253646444e+17	6.17875032702203e-07
3.5405470824473e-05	0.699999999985888	2.0779253647583e+17	6.18256464767962e-07
3.55257376558344e-05	0.699999999987163	2.07792536485983e+17	6.18630858822051e-07
3.56437574591355e-05	0.699999999988302	2.07792536495049e+17	6.18998255785924e-07
3.5759544216476e-05	0.699999999989321	2.07792536503157e+17	6.19358699386312e-07
3.58731127149583e-05	0.699999999990234	2.07792536510418e+17	6.19712235802628e-07
3.59844785207391e-05	0.699999999991053	2.07792536516932e+17	6.20058913647423e-07
3.60936579528314e-05	0.69999999999179	2.07792536522785e+17	6.20398783739365e-07
3.62006680566941e-05	0.699999999992453	2.07792536528051e+17	6.20731899407276e-07
3.63055265776447e-05	0.699999999993051	2.07792536532798e+17	6.21058316080056e-07
3.64082519341291e-05	0.699999999993591	2.07792536537081e+17	6.21378090939663e-07
3.65088631908859e-05	0.699999999994079	2.07792536540954e+17	6.21691283625431e-07
3.66073800320368e-05	0.699999999994521	2.0779253654446e+17	6.21997955456057e-07
3.67038227341389e-05	0.699999999994923	2.07792536547638e+17	6.22298169697616e-07
3.67982121392297e-05	0.699999999995288	2.07792536550525e+17	6.22591991288281e-07
3.68905696279005e-05	0.69999999999562	2.0779253655315e+17	6.22879486797019e-07
3.69809170924257e-05	0.699999999995922	2.0779253655554e+17	6.23160724580427e-07
3.70692769099823e-05	0.699999999996198	2.07792536557721e+17	6.23435774253741e-07
3.71556719159882e-05	0.699999999996451	2.07792536559712e+17	6.23704707054036e-07
3.72401253775884e-05	0.699999999996682	2.07792536561535e+17	6.23967595435076e-07
3.73226609673185e-05	0.699999999996894	2.07792536563204e+17	6.24224513144161e-07
3.74033027369717e-05	0.699999999997089	2.07792536564735e+17	6.2447553511324e-07
3.74820750916969e-05	0.699999999997268	2.07792536566142e+17	6.24720737357308e-07
3.75590027643539e-05	0.699999999997433	2.07792536567437e+17	6.24960196958674e-07
3.7634110790149e-05	0.699999999997585	2.0779253656863e+17	6.25193991813099e-07
3.77074244815757e-05	0.699999999997726	2.07792536569731e+17	6.25422200929086e-07
3.7778969403684e-05	0.699999999997856	2.07792536570748e+17	6.25644903728553e-07
3.78487713496978e-05	0.699999999997976	2.07792536571689e+17	6.25862180640899e-07
3.7916856317004e-05	0.699999999998088	2.07792536572562e+17	6.26074112643385e-07
3.798325048353e-05	0.699999999998192	2.07792536573371e+17	6.26280781257289e-07
3.80479801845313e-05	0.699999999998289	2.07792536574124e+17	6.26482268407662e-07
3.81110718898039e-05	0.699999999998379	2.07792536574824e+17	6.26678656607491e-07
3.81725521813403e-05	0.699999999998463	2.07792536575476e+17	6.26870028621789e-07
3.82324477314437e-05	0.699999999998541	2.07792536576085e+17	6.27056467465967e-07
3.82907852813145e-05	0.699999999998615	2.07792536576654e+17	6.27238056396606e-07
3.8347591620123e-05	0.699999999998683	2.07792536577186e+17	6.27414878840454e-07
3.84028935645816e-05	0.699999999998748	2.07792536577684e+17	6.27587018325853e-07
3.84567179390251e-05	0.699999999998808	2.07792536578152e+17	6.27754558365296e-07
3.8509091556013e-05	0.699999999998865	2.07792536578591e+17	6.27917582398286e-07
3.856004119746e-05	0.699999999998919	2.07792536579004e+17	6.28076173831739e-07
3.8609593596305e-05	0.69999999999897	2.07792536579392e+17	6.28230415927221e-07
3.86577754187248e-05	0.699999999999017	2.07792536579759e+17	6.28380391653908e-07
3.87046132468994e-05	0.699999999999062	2.07792536580105e+17	6.28526183774735e-07
3.8750133562334e-05	0.699999999999105	2.07792536580431e+17	6.28667874744761e-07
3.8794362729742e-05	0.699999999999145	2.0779253658074e+17	6.28805546619227e-07
3.88373269814932e-05	0.699999999999184	2.07792536581033e+17	6.28939281125899e-07
3.88790524026285e-05	0.69999999999922	2.0779253658131e+17	6.29069159418929e-07
3.89195649164441e-05	0.699999999999255	2.07792536581573e+17	6.29195262193723e-07
3.89588902706453e-05	0.699999999999287	2.07792536581823e+17	6.29317669672264e-07
3.89970540240701e-05	0.699999999999319	2.0779253658206e+17	6.29436461316021e-07
3.90340815339817e-05	0.699999999999348	2.07792536582286e+17	6.29551716166191e-07
3.90699979439283e-05	0.699999999999376	2.07792536582501e+17	6.29663512433625e-07
3.91048281721683e-05	0.699999999999403	2.07792536582706e+17	6.29771927695894e-07
3.91385969006569e-05	0.699999999999429	2.07792536582901e+17	6.29877038766615e-07
3.9171328564591e-05	0.699999999999454	2.07792536583087e+17	6.29978921778034e-07
3.92030473425076e-05	0.699999999999477	2.07792536583265e+17	6.30077651923249e-07
3.92337771469307e-05	0.6999999999995	2.07792536583435e+17	6.30173303704757e-07
3.92635416155609e-05	0.699999999999521	2.07792536583598e+17	6.30265950639294e-07
3.92923641030011e-05	0.699999999999542	2.07792536583753e+17	6.30355665489082e-07
3.93202676730116e-05	0.699999999999561	2.07792536583902e+17	6.30442519990185e-07
3.93472750912873e-05	0.69999999999958	2.07792536584045e+17	6.30526585045672e-07
3.93734088187485e-05	0.699999999999598	2.07792536584181e+17	6.30607930563868e-07
3.9398691005337e-05	0.699999999999616	2.07792536584312e+17	6.30686625486365e-07
3.94231434843093e-05	0.699999999999632	2.07792536584438e+17	6.30762737789478e-07
3.94467877670163e-05	0.699999999999648	2.07792536584558e+17	6.30836334427469e-07
3.9469645038161e-05	0.699999999999664	2.07792536584673e+17	6.30907481338704e-07
3.94917361515231e-05	0.699999999999678	2.07792536584784e+17	6.30976243449335e-07
3.95130816261407e-05	0.699999999999693	2.0779253658489e+17	6.31042684609274e-07
3.95337016429387e-05	0.699999999999706	2.07792536584992e+17	6.31106867650081e-07
3.95536160417913e-05	0.699999999999719	2.0779253658509e+17	6.31168854340192e-07
3.957284431901e-05	0.699999999999732	2.07792536585185e+17	6.31228705348378e-07
3.95914056252426e-05	0.699999999999744	2.07792536585275e+17	6.31286480283564e-07
3.96093187637742e-05	0.699999999999755	2.07792536585362e+17	6.31342237686948e-07
3.96266021892162e-05	0.699999999999766	2.07792536585445e+17	6.31396035000377e-07
3.96432740065732e-05	0.699999999999777	2.07792536585526e+17	6.31447928589816e-07
3.96593519706745e-05	0.699999999999787	2.07792536585603e+17	6.31497973695402e-07
3.96748534859578e-05	0.699999999999797	2.07792536585677e+17	6.31546224513924e-07
3.96897956065941e-05	0.699999999999807	2.07792536585748e+17	6.31592734117607e-07
3.97041950369407e-05	0.699999999999816	2.07792536585816e+17	6.3163755451147e-07
3.97180681323091e-05	0.699999999999825	2.07792536585882e+17	6.31680736603287e-07
3.97314309000377e-05	0.699999999999833	2.07792536585945e+17	6.31722330217869e-07
3.97442990008543e-05	0.699999999999841	2.07792536586006e+17	6.31762384101295e-07
3.97566877505188e-05	0.699999999999849	2.07792536586064e+17	6.31800945925997e-07
3.97686121217309e-05	0.699999999999856	2.0779253658612e+17	6.31838062304516e-07
3.9780086746294e-05	0.699999999999864	2.07792536586174e+17	6.31873778764909e-07
3.979112591752e-05	0.699999999999871	2.07792536586226e+17	6.31908139812258e-07
3.98017435928652e-05	0.699999999999877	2.07792536586276e+17	6.319411888907e-07
3.98119533967848e-05	0.699999999999883	2.07792536586323e+17	6.31972968401579e-07
3.9821768623794e-05	0.69999999999989	2.07792536586369e+17	6.32003519732412e-07
3.98312022417245e-05	0.699999999999895	2.07792536586413e+17	6.32032883247224e-07
3.9840266895165e-05	0.699999999999901	2.07792536586455e+17	6.32061098303968e-07
3.98489749090744e-05	0.699999999999906	2.07792536586496e+17	6.32088203265759e-07
3.98573382925565e-05	0.699999999999912	2.07792536586535e+17	6.32114235507774e-07
3.98653687427858e-05	0.699999999999917	2.07792536586572e+17	6.32139231448843e-07
3.98730776490735e-05	0.699999999999921	2.07792536586608e+17	6.32163226535034e-07
3.98804760970636e-05	0.699999999999926	2.07792536586642e+17	6.32186255272082e-07
3.98875748730483e-05	0.69999999999993	2.07792536586675e+17	6.32208351237802e-07
3.98943844683938e-05	0.699999999999935	2.07792536586706e+17	6.32229547084151e-07
3.99009150840655e-05	0.699999999999939	2.07792536586737e+17	6.3224987456326e-07
3.99071766352448e-05	0.699999999999942	2.07792536586766e+17	6.32269364540895e-07
3.99131787560267e-05	0.699999999999946	2.07792536586794e+17	6.32288047004344e-07
3.99189308041904e-05	0.69999999999995	2.0779253658682e+17	6.3230595107809e-07
3.99244418660339e-05	0.699999999999953	2.07792536586846e+17	6.32323105044764e-07
3.99297207612643e-05	0.699999999999956	2.0779253658687e+17	6.32339536362012e-07
3.9934776047935e-05	0.699999999999959	2.07792536586893e+17	6.32355271663083e-07
3.99396160274234e-05	0.699999999999962	2.07792536586916e+17	6.32370336789529e-07
3.99442487494403e-05	0.699999999999965	2.07792536586937e+17	6.3238475679525e-07
3.99486820170638e-05	0.699999999999968	2.07792536586958e+17	6.32398555972233e-07
3.99529233917918e-05	0.699999999999971	2.07792536586977e+17	6.32411757854782e-07
3.99569801986046e-05	0.699999999999973	2.07792536586996e+17	6.32424385241447e-07
3.99608595310329e-05	0.699999999999976	2.07792536587014e+17	6.32436460214832e-07
3.99645682562238e-05	0.699999999999978	2.07792536587031e+17	6.3244800414721e-07
3.99681130199994e-05	0.69999999999998	2.07792536587047e+17	6.32459037727135e-07
3.9971500251902e-05	0.699999999999982	2.07792536587063e+17	6.32469580966277e-07
3.99747361702213e-05	0.699999999999984	2.07792536587078e+17	6.32479653219987e-07
3.99778267869972e-05	0.699999999999986	2.07792536587092e+17	6.32489273201641e-07
3.99807779129949e-05	0.699999999999988	2.07792536587106e+17	6.32498458998124e-07
3.99835951626461e-05	0.69999999999999	2.07792536587119e+17	6.32507228085795e-07
3.99862839589532e-05	0.699999999999991	2.07792536587131e+17	6.32515597343899e-07
3.99888495383517e-05	0.699999999999993	2.07792536587143e+17	6.32523583071649e-07
3.99912969555275e-05	0.699999999999994	2.07792536587155e+17	6.32531201002868e-07
3.99936310881849e-05	0.699999999999996	2.07792536587165e+17	6.32538466319763e-07
3.9995856641762e-05	0.699999999999997	2.07792536587176e+17	6.32545393668747e-07
3.99979781540911e-05	0.699999999999999	2.07792536587185e+17	6.32551997174642e-07
4e-05	0.7	2.07792536587195e+17	6.32558290454618e-07
