Position  (cm)	V (V)	n (cm-3)	p (cm-3)
0	0	363569.099107629	363569.099107618
2.12151739152832e-09	1.03910578499694e-30	363569.099107629	363569.099107618
4.34707627935975e-09	-3.32215768401145e-30	363569.099107629	363569.099107618
6.68121450657862e-09	-3.33662021418758e-30	363569.099107629	363569.099107618
9.12863752259283e-09	-1.86467333509357e-30	363569.099107628	363569.099107618
1.16942230432444e-08	2.07649816942813e-30	363569.099107628	363569.099107619
1.43830257664662e-08	4.70654396374322e-31	363569.099107628	363569.09910762
1.72002821403399e-08	-1.17841183376148e-30	363569.099107627	363569.099107623
2.01514151801996e-08	-1.98347011074134e-30	363569.099107627	363569.099107627
2.32420393311509e-08	-1.93724177354497e-30	363569.099107627	363569.099107632
2.64779653721458e-08	-2.06432004795361e-30	363569.099107626	363569.09910764
2.9865205357556e-08	-2.02093245742521e-30	363569.099107626	363569.09910765
3.34099775918348e-08	-2.34471438299763e-30	363569.099107625	363569.099107663
3.71187116327228e-08	-2.40675941986228e-30	363569.099107625	363569.099107681
4.09980533181195e-08	-2.13119796527246e-30	363569.099107625	363569.099107704
4.50548698114988e-08	-1.476002616723e-30	363569.099107624	363569.099107732
4.92962546604839e-08	-9.70879340558834e-31	363569.099107624	363569.099107769
5.37295328629467e-08	-1.76506062725122e-30	363569.099107623	363569.099107814
5.83622659346949e-08	-1.80460839495299e-30	363569.099107623	363569.099107869
6.32022569725685e-08	-9.92726608365477e-31	363569.099107622	363569.099107938
6.82575557064784e-08	-9.76169629374823e-31	363569.099107621	363569.099108021
7.35364635336391e-08	-1.14968388030196e-30	363569.099107621	363569.099108122
7.90475385279966e-08	-1.4408122655204e-30	363569.09910762	363569.099108244
8.47996004175491e-08	-1.48041420000186e-30	363569.099107619	363569.09910839
9.08017355220112e-08	-1.21214419581087e-30	363569.099107619	363569.099108565
9.70633016429694e-08	-5.60951170427087e-31	363569.099107618	363569.099108774
1.03593932898425e-07	-3.65673911128374e-31	363569.099107617	363569.099109022
1.10403544493356e-07	-8.97952799508396e-31	363569.099107616	363569.099109314
1.17502337417614e-07	-6.62796753298715e-31	363569.099107616	363569.099109659
1.24900803062315e-07	9.22072062796308e-31	363569.099107615	363569.099110065
1.32609727745455e-07	1.794184299129e-30	363569.099107614	363569.09911054
1.40640197137427e-07	-6.84969021783473e-31	363569.099107613	363569.099111096
1.49003600576674e-07	-1.14149867803831e-30	363569.099107612	363569.099111743
1.5771163526564e-07	-1.22178588259496e-30	363569.099107611	363569.099112497
1.66776310336782e-07	-2.93616445965341e-30	363569.09910761	363569.099113371
1.76209950778339e-07	2.52284785652575e-31	363569.099107609	363569.099114384
1.86025201209182e-07	-2.06483764162617e-31	363569.099107608	363569.099115554
1.96235029491986e-07	1.37831583882503e-30	363569.099107607	363569.099116904
2.06852730173672e-07	1.59669222039424e-30	363569.099107605	363569.099118458
2.17891927741934e-07	-4.81927857396449e-31	363569.099107604	363569.099120243
2.29366579686445e-07	-1.35486764175212e-30	363569.099107603	363569.099122291
2.41290979353221e-07	-3.55968427914878e-30	363569.099107601	363569.099124635
2.53679758580406e-07	-2.32755856016489e-30	363569.0991076	363569.099127315
2.66547890103673e-07	-3.22896599651103e-30	363569.099107598	363569.099130374
2.79910689719234e-07	-2.75097425843842e-30	363569.099107597	363569.099133859
2.93783818192436e-07	-2.98011177357189e-30	363569.099107595	363569.099137823
3.08183282899734e-07	-2.33762154412431e-30	363569.099107594	363569.099142328
3.2312543919183e-07	-3.17490755038451e-30	363569.099107592	363569.099147436
3.38626991465696e-07	1.65304974539187e-30	363569.09910759	363569.099153225
3.54704993933107e-07	3.83491170526386e-30	363569.099107588	363569.099159773
3.71376851073405e-07	3.08614625407256e-30	363569.099107587	363569.099167169
3.88660317758096e-07	1.41790573624434e-30	363569.099107585	363569.099175515
4.06573499035004e-07	-2.54314234331474e-30	363569.099107583	363569.099184917
4.251348495597e-07	4.59283736075316e-30	363569.09910758	363569.099195496
4.44363172662013e-07	-2.49369409199259e-30	363569.099107578	363569.099207388
4.64277619035532e-07	-2.67591113885593e-30	363569.099107576	363569.099220739
4.8489768503811e-07	-4.84116195295759e-30	363569.099107574	363569.099235704
5.06243210591526e-07	-4.03612323620372e-30	363569.099107571	363569.099252463
5.28334376668665e-07	-1.88004466346221e-30	363569.099107569	363569.099271208
5.51191702356702e-07	-3.96818605741546e-30	363569.099107566	363569.09929215
5.74836041485085e-07	-2.41376799930052e-30	363569.099107564	363569.099315518
5.99288578807283e-07	-3.7276855556101e-30	363569.099107561	363569.099341567
6.2457082572558e-07	-5.95771983821609e-30	363569.099107558	363569.09937057
6.50704615548521e-07	-4.89455836066572e-30	363569.099107555	363569.099402828
6.7771209827089e-07	-5.18209970136274e-30	363569.099107552	363569.099438667
7.05615734866513e-07	-5.33944817781917e-30	363569.099107549	363569.099478432
7.34438291084568e-07	-6.97610344455945e-30	363569.099107546	363569.099522531
7.64202830740457e-07	-5.91804568136171e-30	363569.099107543	363569.09957137
7.94932708492795e-07	-5.71153784307479e-30	363569.09910754	363569.0996254
8.2665156209855e-07	-6.5546136762303e-30	363569.099107536	363569.099685125
8.59383304138806e-07	-7.32228935206305e-30	363569.099107533	363569.099751073
8.93152113208286e-07	-7.49273415214132e-30	363569.099107529	363569.09982381
9.27982424562175e-07	-6.61556935897016e-30	363569.099107525	363569.099903977
9.63898920214557e-07	-6.81499940471145e-30	363569.099107521	363569.09999225
1.00092651848324e-06	-6.76954745802391e-30	363569.099107517	363569.10008933
1.03909036297655e-06	-6.74812148739261e-30	363569.099107513	363569.10019601
1.07841581101817e-06	-6.7087843682785e-30	363569.099107509	363569.100313128
1.11892842150705e-06	-6.39254667141011e-30	363569.099107505	363569.100441588
1.16065394220993e-06	-4.264297786365e-30	363569.099107501	363569.100582358
1.20361829648488e-06	-5.65549328169312e-30	363569.099107496	363569.100736458
1.24784756943508e-06	-6.95838488907108e-30	363569.099107492	363569.10090504
1.29336799349282e-06	-7.83574227523669e-30	363569.099107487	363569.101089304
1.34020593343452e-06	-9.56445699331867e-30	363569.099107482	363569.101290476
1.38838787082855e-06	-9.78372411748716e-30	363569.099107477	363569.101509911
1.43794038791832e-06	-6.88019213332896e-30	363569.099107472	363569.101749119
1.48889015094427e-06	-5.79300467972237e-30	363569.099107467	363569.10200958
1.54126389290908e-06	-5.06846983464389e-30	363569.099107462	363569.102292973
1.59508839579139e-06	-4.93394362802844e-30	363569.099107457	363569.102601082
1.65039047221459e-06	-5.0153141681788e-30	363569.099107452	363569.102935725
1.70719694657769e-06	-3.92889708654996e-30	363569.099107446	363569.103298767
1.76553463565681e-06	-5.32115184334749e-30	363569.099107441	363569.103692467
1.8254303286864e-06	-4.89802503456562e-30	363569.099107435	363569.104118865
1.88691076693063e-06	6.6232730787477e-31	363569.099107429	363569.104580312
1.95000262275624e-06	4.19573468034481e-30	363569.099107423	363569.105079225
2.01473247821923e-06	2.43707175162761e-30	363569.099107417	363569.10561821
2.08112680317883e-06	5.53810785158272e-30	363569.099107411	363569.106199864
2.14921193295323e-06	-2.39643462980104e-30	363569.099107405	363569.106826862
2.21901404553247e-06	-1.99353008543523e-30	363569.099107399	363569.107502423
2.29055913836531e-06	-1.95462630055861e-30	363569.099107393	363569.108229106
2.36387300473738e-06	-1.96040409039177e-30	363569.099107387	363569.109010057
2.43898120975948e-06	-2.41319022031721e-30	363569.09910738	363569.109848654
2.5159090659857e-06	-2.63332401296067e-30	363569.099107374	363569.110748051
2.59468160868202e-06	-2.29147144783193e-30	363569.099107368	363569.111711713
2.67532357076715e-06	-2.19921940349578e-30	363569.099107361	363569.112742765
2.75785935744839e-06	-2.89621345036953e-30	363569.099107355	363569.113844905
2.84231302057633e-06	-2.47751628045974e-30	363569.099107348	363569.115021285
2.92870823274291e-06	-3.18510294202761e-30	363569.099107342	363569.116275477
3.01706826114874e-06	-7.50920085316583e-31	363569.099107335	363569.11761072
3.10741594126617e-06	6.46919868319673e-31	363569.099107329	363569.119030336
3.19977365032567e-06	6.48653205269621e-30	363569.099107322	363569.120538158
3.29416328065395e-06	1.01265396475881e-29	363569.099107316	363569.122137177
3.39060621289304e-06	-1.69789983897179e-30	363569.099107309	363569.123829757
3.48912328913053e-06	1.06451925816116e-29	363569.099107303	363569.125619329
3.58973478597165e-06	-1.68904056122761e-30	363569.099107297	363569.127507984
3.69246038758518e-06	-8.30460992019776e-31	363569.09910729	363569.129497706
3.7973191587551e-06	1.52167724906036e-30	363569.099107284	363569.131591742
3.90432951797149e-06	-5.91395308022989e-30	363569.099107278	363569.133790917
4.01350921059396e-06	-1.00984210704e-29	363569.099107272	363569.136096367
4.12487528212218e-06	-1.13233125150303e-29	363569.099107267	363569.138508155
4.23844405160815e-06	-1.95289296360866e-30	363569.099107261	363569.141027679
4.35423108524561e-06	-8.76375161893968e-30	363569.099107256	363569.143653218
4.47225117017228e-06	-7.56659356550857e-30	363569.09910725	363569.146384383
4.59251828852124e-06	-9.9435763028713e-30	363569.099107245	363569.149219848
4.71504559175772e-06	-1.00304357433632e-29	363569.09910724	363569.152157237
4.83984537533834e-06	-9.7625388880989e-30	363569.099107235	363569.155193034
4.96692905372961e-06	-9.53450878268345e-30	363569.099107231	363569.158322895
5.09630713582301e-06	-7.56312689160868e-30	363569.099107227	363569.161542452
5.22798920078386e-06	-1.42556931553467e-29	363569.099107222	363569.164847404
5.36198387437138e-06	-7.74262356242557e-30	363569.099107219	363569.168230065
5.49829880576723e-06	-9.56532366179365e-30	363569.099107215	363569.171681344
5.63694064494978e-06	2.29185663382081e-32	363569.099107211	363569.175196173
5.77791502065126e-06	-6.58282854991557e-30	363569.099107208	363569.178763733
5.92122651893456e-06	-8.94555940568983e-30	363569.099107205	363569.182375073
6.06687866242651e-06	-1.02197546568964e-29	363569.099107202	363569.186018594
6.21487389024361e-06	5.21541828940063e-30	363569.0991072	363569.189683311
6.36521353864642e-06	5.15764039106902e-31	363569.099107197	363569.193356588
6.51789782245768e-06	1.94095219795346e-30	363569.099107195	363569.197025129
6.67292581727915e-06	-7.44179330511228e-30	363569.099107193	363569.200677398
6.8302954425414e-06	1.65660790096412e-29	363569.099107191	363569.20429849
6.99000344541999e-06	-8.97098168095574e-31	363569.099107189	363569.207874047
7.15204538565092e-06	2.49434890817368e-29	363569.099107187	363569.211389362
7.31641562127722e-06	1.90274174785681e-29	363569.099107185	363569.214829926
7.48310729535781e-06	8.28920248064266e-30	363569.099107183	363569.218180223
7.65211232366876e-06	1.88147948127078e-29	363569.09910718	363569.221424787
7.82342138342606e-06	1.4200266665956e-29	363569.099107178	363569.224549906
7.99702390305782e-06	2.02877460341751e-29	363569.099107175	363569.227539314
8.17290805305299e-06	3.20135779075824e-29	363569.099107173	363569.230379509
8.35106073791205e-06	2.51992525783515e-29	363569.099107169	363569.233057025
8.5314675892243e-06	2.83816592184569e-29	363569.099107166	363569.235558601
8.7141129598946e-06	3.19681259608949e-29	363569.099107162	363569.237871117
8.89897991954149e-06	1.96059668338621e-29	363569.099107158	363569.2399833
9.08605025108686e-06	1.95042777327984e-29	363569.099107154	363569.241884066
9.27530444855591e-06	2.064635418982e-29	363569.099107149	363569.243564799
9.46672171610474e-06	2.02528867021817e-29	363569.099107143	363569.245016358
9.66027996829117e-06	3.09219608151037e-29	363569.099107138	363569.246231914
9.85595583160292e-06	3.24411343552364e-29	363569.099107132	363569.24720513
1.00537246472553e-05	2.289391443492e-29	363569.099107126	363569.247932026
1.02535604752692e-05	2.34793971380137e-29	363569.099107119	363569.248408984
1.04554360998386e-05	1.99262489836137e-29	363569.099107113	363569.248634221
1.06593230359935e-05	2.11128144223506e-29	363569.099107107	363569.248607482
1.08651915375659e-05	1.87369872429545e-29	363569.099107101	363569.248329839
1.10730106064588e-05	1.92331067966287e-29	363569.099107095	363569.247803918
1.12827480032239e-05	1.79203929465344e-29	363569.09910709	363569.247033228
1.14943702589441e-05	1.73198879898744e-29	363569.099107086	363569.246022953
1.17078426884207e-05	2.75962649871358e-29	363569.099107082	363569.244780096
1.19231294046606e-05	2.20811719983885e-29	363569.09910708	363569.243311922
1.21401933346571e-05	1.96525743385162e-29	363569.099107079	363569.241626884
1.23589962364568e-05	2.03570795121731e-29	363569.099107079	363569.239734669
1.25794987175023e-05	2.52350748753171e-29	363569.099107082	363569.23764646
1.28016602542393e-05	3.71196033761418e-29	363569.099107086	363569.235373058
1.30254392129732e-05	1.67971906029677e-29	363569.099107092	363569.232927287
1.32507928719611e-05	1.29360862504602e-29	363569.0991071	363569.230321608
1.34776774447197e-05	3.55118370585674e-29	363569.099107111	363569.227569493
1.37060481045315e-05	3.38393594948615e-29	363569.099107124	363569.224684446
1.39358590101256e-05	9.22019701575945e-30	363569.09910714	363569.221680503
1.4167063332512e-05	1.92327216106398e-29	363569.099107158	363569.218571414
1.4399613282943e-05	1.5265691111191e-29	363569.099107178	363569.215371464
1.46334601419745e-05	1.55699880424042e-29	363569.099107201	363569.212094416
1.48685542896001e-05	9.74636107656605e-30	363569.099107226	363569.208754362
1.51048452364254e-05	7.54463796414256e-30	363569.099107253	363569.205364529
1.53422816558524e-05	7.15675567334297e-30	363569.099107282	363569.201938347
1.5580811417239e-05	8.95480386942289e-30	363569.099107312	363569.198488336
1.58203816199984e-05	1.054793311942e-29	363569.099107344	363569.195026913
1.60609386286027e-05	2.62049731953105e-29	363569.099107377	363569.19156562
1.63024281084502e-05	2.78373914161731e-29	363569.099107411	363569.188115479
1.65447950625587e-05	4.67353864024784e-29	363569.099107446	363569.184687033
1.67879838690426e-05	3.60641937666176e-29	363569.09910748	363569.181289959
1.70319383193312e-05	3.42218491818168e-29	363569.099107515	363569.177933305
1.72766016570859e-05	1.814148970415e-29	363569.099107549	363569.174625259
1.75219166177687e-05	1.48327420596927e-29	363569.099107582	363569.171373356
1.776782546882e-05	9.80914639275307e-30	363569.099107615	363569.168184549
1.80142700503945e-05	1.4721808494896e-29	363569.099107646	363569.165064722
1.82611918166109e-05	1.34337465480898e-29	363569.099107676	363569.162019276
1.85085318772648e-05	1.24183962814089e-29	363569.099107704	363569.159052667
1.87562310399549e-05	6.86093283388509e-30	363569.099107731	363569.156168899
1.90042298525741e-05	6.6352138444029e-30	363569.099107755	363569.153371336
1.92524686461131e-05	6.29393905825749e-30	363569.099107777	363569.150662558
1.95008875777254e-05	5.83210105759343e-30	363569.099107798	363569.148044578
1.97494266740029e-05	8.48025473112588e-30	363569.099107816	363569.145518715
1.99980258744083e-05	2.59761727179173e-29	363569.099107832	363569.143086049
2.02466250748138e-05	2.58875799404755e-29	363569.099107847	363569.140746939
2.04951641710913e-05	1.36486803298835e-29	363569.099107859	363569.138501297
2.07435831027036e-05	1.22261884729591e-29	363569.09910787	363569.136348765
2.09918218962426e-05	8.82961842303772e-30	363569.099107879	363569.13428846
2.12398207088618e-05	8.96250758920044e-30	363569.099107886	363569.1323193
2.14875198715519e-05	1.52171576765924e-29	363569.099107893	363569.130439738
2.17348599322057e-05	-1.4637067577343e-31	363569.099107898	363569.128648069
2.19817816984222e-05	1.47680308135613e-30	363569.099107902	363569.126942351
2.22282262799967e-05	3.84877840086345e-30	363569.099107906	363569.125320379
2.2474135131048e-05	2.25372322092194e-30	363569.09910791	363569.123779809
2.27194500917308e-05	2.75793168036252e-31	363569.099107914	363569.122318275
2.29641134294855e-05	1.12089122763337e-30	363569.099107918	363569.120933124
2.32080678797741e-05	1.13583644400182e-29	363569.099107922	363569.119621718
2.3451256686258e-05	-6.20919814070445e-31	363569.099107928	363569.118381385
2.36936236403665e-05	-6.24617599563668e-30	363569.099107934	363569.117209287
2.3935113120214e-05	-3.58685192842679e-30	363569.099107942	363569.116102638
2.41756701288183e-05	-1.11118454071366e-29	363569.099107952	363569.115058746
2.44152403315777e-05	-1.34768873788441e-29	363569.099107964	363569.11407479
2.46537700929643e-05	-1.31564126360981e-29	363569.099107979	363569.113148022
2.48912065123913e-05	-1.33058647997825e-29	363569.099107995	363569.112275805
2.51274974592166e-05	-1.47639735904014e-29	363569.099108015	363569.111455443
2.53625916068422e-05	-1.2908352859261e-29	363569.099108038	363569.110684351
2.55964384658737e-05	-1.39776291643848e-29	363569.099108065	363569.109960036
2.58289884163047e-05	-1.41501924874019e-29	363569.099108096	363569.10928002
2.60601927386911e-05	-1.21872846880824e-29	363569.09910813	363569.10864195
2.62900036442852e-05	-1.27357895362439e-29	363569.099108169	363569.108043519
2.6518374304097e-05	-1.21533883210612e-29	363569.099108213	363569.107482531
2.67452588768556e-05	-1.21087067463514e-29	363569.099108262	363569.106956875
2.69706125358435e-05	-1.25478187736717e-29	363569.099108317	363569.106464512
2.71943914945774e-05	-7.4602822325784e-30	363569.099108377	363569.106003499
2.74165530313144e-05	-6.78851786797613e-30	363569.099108443	363569.105571971
2.76370555123599e-05	-2.91816905173554e-30	363569.099108516	363569.105168163
2.78558584141596e-05	-2.61002026063358e-30	363569.099108595	363569.104790419
2.80729223441561e-05	1.82192972739033e-30	363569.099108682	363569.10443713
2.8288209060396e-05	-3.68854102949043e-30	363569.099108776	363569.10410676
2.85016814898726e-05	-6.37251699998849e-30	363569.099108878	363569.103797905
2.87133037455928e-05	-4.38187580946984e-30	363569.099108988	363569.103509199
2.89230411423579e-05	-2.09233029158229e-30	363569.099109107	363569.103239353
2.91308602112508e-05	1.87970762572194e-31	363569.099109235	363569.10298716
2.93367287128232e-05	-1.1339875512552e-30	363569.099109373	363569.102751491
2.95406156489781e-05	-1.72871471808198e-30	363569.09910952	363569.10253127
2.97424912735475e-05	-1.08052373599901e-29	363569.099109679	363569.10232548
2.99423271015614e-05	-1.02798436711613e-29	363569.099109848	363569.102133177
3.01400959172138e-05	-1.16233724003658e-29	363569.099110028	363569.101953483
3.03357717805255e-05	-1.14523498213043e-29	363569.099110221	363569.101785551
3.0529330032712e-05	-1.11919640928231e-29	363569.099110426	363569.101628604
3.07207473002608e-05	-9.93280930726364e-30	363569.099110643	363569.101481913
3.09100014977298e-05	-1.10548378807827e-29	363569.099110875	363569.101344789
3.10970718292752e-05	-1.11226306148252e-29	363569.09911112	363569.10121659
3.12819387889221e-05	-9.59575335491496e-30	363569.09911138	363569.10109673
3.14645841595924e-05	-8.62970689481033e-30	363569.099111655	363569.100984652
3.16449910109046e-05	-6.50810246807335e-30	363569.099111946	363569.100879777
3.18231436957637e-05	-5.85790851884822e-30	363569.099112253	363569.100781662
3.19990278457589e-05	-2.84729482978209e-30	363569.099112577	363569.100689886
3.21726303653906e-05	1.32812128964944e-30	363569.099112918	363569.100603984
3.23439394251479e-05	1.14477275894377e-30	363569.099113277	363569.100523552
3.25129444534589e-05	-2.38507164312915e-30	363569.099113654	363569.10044822
3.26796361275395e-05	-6.85939208992958e-30	363569.09911405	363569.100377675
3.28440063631658e-05	-2.49600520792586e-31	363569.099114465	363569.10031155
3.30060483033967e-05	6.67912504713493e-31	363569.0991149	363569.100249566
3.31657563062753e-05	1.12135345082002e-29	363569.099115354	363569.100191462
3.33231259315375e-05	1.61254262383654e-29	363569.09911583	363569.100136989
3.3478153926359e-05	2.11235996300392e-29	363569.099116325	363569.100085866
3.36308382101703e-05	1.19191952398237e-29	363569.099116842	363569.1000379
3.37811778585731e-05	7.12748153818828e-30	363569.099117381	363569.099992869
3.39291730863902e-05	1.54552026177187e-29	363569.099117941	363569.099950584
3.40748252298821e-05	1.25370335659832e-29	363569.099118523	363569.099910847
3.42181367281654e-05	1.08130761323137e-29	363569.099119127	363569.099873492
3.43591111038669e-05	4.46507598306737e-30	363569.099119753	363569.099838376
3.44977529430495e-05	4.35337204629291e-30	363569.099120401	363569.099805356
3.46340678744453e-05	-1.59621073790814e-30	363569.099121072	363569.099774279
3.47680625480328e-05	-1.32503980173842e-31	363569.099121764	363569.099745031
3.48997446129937e-05	-7.67290489843875e-31	363569.099122479	363569.0997175
3.50291226950871e-05	-8.48025473112588e-30	363569.099123216	363569.099691558
3.51562063734784e-05	-1.06111036215959e-29	363569.099123975	363569.099667113
3.5281006157059e-05	-1.01565841547205e-29	363569.099124755	363569.099644066
3.54035334602955e-05	-6.06128672097551e-30	363569.099125556	363569.099622323
3.55238005786444e-05	-1.05078737765768e-29	363569.099126379	363569.099601809
3.56418206635711e-05	-1.25632262132268e-29	363569.099127222	363569.099582448
3.57576076972086e-05	-1.16819206706752e-29	363569.099128085	363569.099564161
3.58711764666945e-05	-1.1648024303654e-29	363569.099128967	363569.099546881
3.59825425382227e-05	-1.23197886682563e-29	363569.099129869	363569.099530552
3.60917222308452e-05	-1.10871935038484e-29	363569.09913079	363569.099515116
3.61987325900616e-05	-1.15555796663234e-29	363569.099131728	363569.099500513
3.63035913612315e-05	-1.27357895362439e-29	363569.099132684	363569.099486693
3.6406316962845e-05	-1.23690924748326e-29	363569.099133656	363569.099473612
3.65069284596862e-05	-1.17774467959168e-29	363569.099134644	363569.099461223
3.66054455359237e-05	-1.33613315821809e-29	363569.099135646	363569.099449483
3.67018884681627e-05	-1.23999073539428e-29	363569.099136663	363569.099438357
3.6796278098491e-05	-9.79605006913124e-30	363569.099137694	363569.099427807
3.68886358075505e-05	-1.17558763805397e-29	363569.099138736	363569.099417802
3.6978983487668e-05	-1.1490868420192e-29	363569.09913979	363569.099408306
3.70673435160738e-05	-1.17034910860524e-29	363569.099140855	363569.099399294
3.71537387282404e-05	-9.74674626255492e-30	363569.09914193	363569.099390737
3.72381923913683e-05	-1.07667187611024e-29	363569.099143012	363569.099382604
3.73207281780496e-05	-9.0503299946645e-30	363569.099144103	363569.099374874
3.74013701401347e-05	-8.97791502875554e-30	363569.0991452	363569.099367529
3.7480142682831e-05	-7.57583802924163e-30	363569.099146303	363569.099360543
3.75570705390572e-05	-6.39408741536562e-30	363569.099147411	363569.099353898
3.76321787440793e-05	-5.64528585298787e-30	363569.099148521	363569.099347572
3.77054926104514e-05	-4.70543204012689e-30	363569.099149635	363569.099341551
3.77770377032842e-05	-6.11983499128488e-30	363569.099150751	363569.099335815
3.78468398158635e-05	-5.52818931236912e-30	363569.099151867	363569.099330351
3.79149249456379e-05	-7.95640178625255e-30	363569.099152983	363569.099325146
3.79813192705975e-05	-8.95788535733391e-30	363569.099154097	363569.099320182
3.80460491260605e-05	-9.02567809137634e-30	363569.09915521	363569.099315451
3.81091409818861e-05	-8.60659573547768e-30	363569.099156319	363569.099310937
3.81706214201303e-05	-9.29684902754606e-30	363569.099157424	363569.099306632
3.82305171131599e-05	-9.83302792406347e-30	363569.099158524	363569.099302522
3.8288854802239e-05	-8.44327687619364e-30	363569.099159618	363569.099298601
3.83456612766021e-05	-8.05192791149416e-30	363569.099160705	363569.099294856
3.84009633530253e-05	-4.87799536314399e-30	363569.099161785	363569.099291278
3.84547878559076e-05	-6.43568750216439e-30	363569.099162857	363569.099287861
3.85071615978724e-05	-5.86715298258128e-30	363569.09916392	363569.099284595
3.85581113608984e-05	-4.73624691923709e-30	363569.099164972	363569.099281473
3.86076638779882e-05	-5.95651613200084e-30	363569.099166014	363569.099278489
3.86558458153822e-05	-5.666856268365e-30	363569.099167046	363569.099275634
3.87026837553239e-05	-3.21399189119342e-30	363569.099168065	363569.099272904
3.87482041793816e-05	-4.21547546227478e-30	363569.099169072	363569.099270293
3.87924334523318e-05	-1.5114698203551e-30	363569.099170066	363569.099267795
3.88353978066068e-05	-9.73750179882186e-31	363569.099171047	363569.099265404
3.88771233273096e-05	2.95052467480125e-31	363569.099172014	363569.099263115
3.89176359377985e-05	1.26418041549578e-30	363569.099172966	363569.099260923
3.89569613858401e-05	-1.57155883461998e-30	363569.099173903	363569.099258826
3.89951252303335e-05	-3.52984440207293e-30	363569.099174825	363569.099256817
3.90321528286021e-05	-2.7394427528964e-30	363569.099175732	363569.099254892
3.90680693242545e-05	-3.02910261653224e-30	363569.099176623	363569.099253049
3.91028996356084e-05	-2.11698219487045e-30	363569.099177498	363569.099251283
3.91366684446779e-05	-1.48835866102246e-30	363569.099178356	363569.099249591
3.91694001867181e-05	-1.89819655318806e-30	363569.099179198	363569.09924797
3.92011190403239e-05	-1.09700969632297e-30	363569.099180023	363569.099246416
3.92318489180762e-05	-9.39853812860971e-31	363569.099180831	363569.099244927
3.92616134577321e-05	-2.80415399902782e-31	363569.099181622	363569.0992435
3.92904360139502e-05	-3.94430452610506e-31	363569.099182396	363569.099242131
3.93183396505458e-05	-3.85185988877447e-32	363569.099183153	363569.099240819
3.93453471332682e-05	4.51437978964368e-31	363569.099183893	363569.099239561
3.93714809230911e-05	-1.50684758848857e-30	363569.099184615	363569.099238355
3.93967631700094e-05	-1.16788391827642e-30	363569.09918532	363569.099237198
3.94212157073316e-05	-1.48835866102246e-30	363569.099186008	363569.09923609
3.944486004646e-05	-1.39129179182534e-30	363569.099186679	363569.099235026
3.9467717372148e-05	-1.45138080609022e-30	363569.099187333	363569.099234006
3.94898085382252e-05	-8.68979590907521e-31	363569.09918797	363569.099233028
3.95111540637786e-05	7.93483137087541e-31	363569.099188591	363569.09923209
3.95317741297812e-05	8.59735127174462e-31	363569.099189194	363569.099231191
3.95516885761547e-05	1.30501013031679e-30	363569.099189781	363569.099230328
3.9570916899257e-05	2.46827181672668e-30	363569.099190351	363569.099229501
3.95894782497817e-05	2.61002026063358e-30	363569.099190906	363569.099228707
3.96073914310586e-05	2.79490953529476e-30	363569.099191445	363569.099227947
3.96246748977433e-05	3.12154725386283e-30	363569.099191968	363569.099227217
3.96413467548836e-05	2.26181212668837e-30	363569.099192475	363569.099226517
3.9657424757351e-05	1.75336662137014e-30	363569.099192967	363569.099225846
3.96729263096249e-05	2.01221160589578e-30	363569.099193444	363569.099225203
3.9687868465917e-05	1.78110001256932e-30	363569.099193906	363569.099224586
3.97022679306243e-05	1.68557388732771e-30	363569.099194354	363569.099223995
3.97161410590975e-05	1.65861086810629e-30	363569.099194787	363569.099223428
3.9729503858713e-05	1.94595961580886e-30	363569.099195207	363569.099222884
3.97423719902363e-05	1.77493703674728e-30	363569.099195613	363569.099222363
3.97547607694635e-05	1.57772181044202e-30	363569.099196006	363569.099221864
3.97666851691303e-05	1.89511506527704e-30	363569.099196385	363569.099221385
3.97781598210748e-05	1.73641843785953e-30	363569.099196752	363569.099220926
3.9789199018643e-05	1.80729265981298e-30	363569.099197106	363569.099220486
3.97998167193247e-05	1.30038789845026e-30	363569.099197448	363569.099220065
3.98100265476075e-05	1.21872846880824e-30	363569.099197778	363569.099219661
3.98198417980384e-05	1.54998841924285e-30	363569.099198096	363569.099219274
3.98292754384799e-05	1.61161817746324e-30	363569.099198403	363569.099218904
3.98383401135511e-05	1.31733608196087e-30	363569.099198699	363569.099218549
3.984704814824e-05	1.29422492262822e-30	363569.099198984	363569.099218209
3.98554115516793e-05	9.42164928794236e-31	363569.099199259	363569.099217884
3.98634420210712e-05	7.51883050288777e-31	363569.099199523	363569.099217572
3.98711509457544e-05	3.6669706141133e-31	363569.099199778	363569.099217274
3.98785494113991e-05	8.93631494195677e-32	363569.099200023	363569.099216988
3.98856482043233e-05	1.07852076885685e-31	363569.099200258	363569.099216715
3.98924578159183e-05	4.62223186652937e-32	363569.099200485	363569.099216453
3.98989884471737e-05	4.09067520187849e-31	363569.099200703	363569.099216203
3.99052500132947e-05	5.51586336072504e-31	363569.099200912	363569.099215964
3.99112521483992e-05	5.87023447049229e-31	363569.099201113	363569.099215735
3.99170042102887e-05	2.78874655947272e-31	363569.099201306	363569.099215516
3.99225152852831e-05	2.83496887813801e-31	363569.099201491	363569.099215307
3.99277941931102e-05	2.63467216392174e-31	363569.099201669	363569.099215106
3.99328494918441e-05	1.32503980173842e-31	363569.09920184	363569.099214915
3.9937689482882e-05	-1.84889274661175e-32	363569.099202004	363569.099214732
3.99423222159538e-05	-2.03378202127292e-31	363569.099202161	363569.099214557
3.99467554941562e-05	-8.32001735975286e-32	363569.099202311	363569.09921439
3.99509968790052e-05	-8.0118685686509e-32	363569.099202455	363569.099214231
3.99550536954986e-05	-3.11230279012977e-31	363569.099202593	363569.099214079
3.9958933037184e-05	-3.85185988877447e-31	363569.099202725	363569.099213933
3.99626417712249e-05	-2.14163409815861e-31	363569.099202852	363569.099213794
3.99661865434591e-05	-2.12622665860351e-31	363569.099202973	363569.099213662
3.99695737834446e-05	-2.34193081237488e-31	363569.099203089	363569.099213535
3.99728097094855e-05	-2.34193081237488e-31	363569.0992032	363569.099213414
3.99759003336365e-05	-1.4791141972894e-31	363569.099203305	363569.099213299
3.99788514666764e-05	2.00296714216273e-32	363569.099203407	363569.099213189
3.99816687230502e-05	2.1570415377137e-32	363569.099203503	363569.099213084
3.99843575257735e-05	5.8548270309372e-32	363569.099203596	363569.099212984
3.99869231112941e-05	6.16297582203915e-32	363569.099203684	363569.099212889
3.99893705343101e-05	6.16297582203915e-32	363569.099203769	363569.099212798
3.99917046725373e-05	7.39557098644699e-32	363569.099203849	363569.099212712
3.99939302314252e-05	7.70371977754894e-32	363569.099203926	363569.099212629
3.99960517488167e-05	1.26341004351803e-31	363569.099203999	363569.099212551
3.99980735995503e-05	1.26341004351803e-31	363569.099204069	363569.099212476
4e-05	1.29422492262822e-31	363569.099204135	363569.099212405
4.00025e-05	1.23259516440783e-31	363569.099204222	363569.099212312
4.0005e-05	1.23259516440783e-31	363569.099204308	363569.09921222
4.00075e-05	1.17096540618744e-31	363569.099204395	363569.099212128
4.001e-05	1.18637284574254e-31	363569.099204482	363569.099212036
4.00125e-05	1.12474308752215e-31	363569.099204569	363569.099211944
4.0015e-05	1.14015052707724e-31	363569.099204656	363569.099211852
4.00175e-05	1.0708170490793e-31	363569.099204742	363569.09921176
4.002e-05	1.07852076885685e-31	363569.09920483	363569.099211668
4.00225e-05	1.01689101063646e-31	363569.099204917	363569.099211577
4.0025e-05	1.04770588974666e-31	363569.099205004	363569.099211485
4.00275e-05	1.06311332930175e-31	363569.099205091	363569.099211393
4.003e-05	9.86076131526265e-32	363569.099205178	363569.099211302
4.00325e-05	1.00148357108136e-31	363569.099205266	363569.099211211
4.0035e-05	9.39853812860971e-32	363569.099205353	363569.099211119
4.00375e-05	9.55261252416069e-32	363569.099205441	363569.099211028
4.004e-05	8.93631494195677e-32	363569.099205529	363569.099210937
4.00425e-05	9.09038933750775e-32	363569.099205616	363569.099210846
4.0045e-05	8.39705455752835e-32	363569.099205704	363569.099210755
4.00475e-05	8.62816615085482e-32	363569.099205792	363569.099210664
4.005e-05	8.0118685686509e-32	363569.09920588	363569.099210573
4.00525e-05	8.0118685686509e-32	363569.099205968	363569.099210482
4.0055e-05	2.06459690038312e-31	363569.099206056	363569.099210392
4.00575e-05	2.09541177949331e-31	363569.099206144	363569.099210301
4.006e-05	2.11081921904841e-31	363569.099206232	363569.099210211
4.00625e-05	2.03378202127292e-31	363569.099206321	363569.09921012
4.0065e-05	2.06459690038312e-31	363569.099206409	363569.09921003
4.00675e-05	2.00296714216273e-31	363569.099206498	363569.09920994
4.007e-05	2.00296714216273e-31	363569.099206586	363569.099209849
4.00725e-05	1.94133738394233e-31	363569.099206675	363569.099209759
4.0075e-05	1.95674482349743e-31	363569.099206763	363569.099209669
4.00775e-05	1.89511506527704e-31	363569.099206852	363569.099209579
4.008e-05	1.91052250483214e-31	363569.099206941	363569.099209489
4.00825e-05	1.8411890268342e-31	363569.09920703	363569.0992094
4.0085e-05	1.84889274661175e-31	363569.099207119	363569.09920931
4.00875e-05	1.87970762572194e-31	363569.099207208	363569.09920922
4.009e-05	1.80267042794645e-31	363569.099207297	363569.099209131
4.00925e-05	1.81807786750155e-31	363569.099207387	363569.099209041
4.0095e-05	3.09689535057468e-31	363569.099207476	363569.099208952
4.00975e-05	3.11230279012977e-31	363569.099207565	363569.099208863
4.01e-05	3.05067303190938e-31	363569.099207655	363569.099208773
4.01025e-05	3.06608047146448e-31	363569.099207744	363569.099208684
4.0105e-05	3.00445071324409e-31	363569.099207834	363569.099208595
4.01075e-05	3.01215443302164e-31	363569.099207924	363569.099208506
4.011e-05	2.95052467480125e-31	363569.099208014	363569.099208417
4.01125e-05	2.96593211435634e-31	363569.099208103	363569.099208328
4.0115e-05	2.8965986363584e-31	363569.099208193	363569.099208239
4.01175e-05	2.9274135154686e-31	363569.099208283	363569.099208151
4.012e-05	2.9274135154686e-31	363569.099208374	363569.099208062
4.01225e-05	2.86578375724821e-31	363569.099208464	363569.099207973
4.0125e-05	2.8965986363584e-31	363569.099208554	363569.099207885
4.01275e-05	2.81956143858291e-31	363569.099208644	363569.099207797
4.013e-05	2.83496887813801e-31	363569.099208735	363569.099207708
4.01325e-05	2.75793168036252e-31	363569.099208825	363569.09920762
4.0135e-05	2.78104283969517e-31	363569.099208916	363569.099207532
4.01375e-05	2.71170936169723e-31	363569.099209006	363569.099207444
4.014e-05	2.72711680125233e-31	363569.099209097	363569.099207356
4.01425e-05	4.00593428432545e-31	363569.099209188	363569.099207268
4.0145e-05	4.02134172388055e-31	363569.099209279	363569.09920718
4.01475e-05	4.03674916343565e-31	363569.09920937	363569.099207092
4.015e-05	3.97511940521525e-31	363569.099209461	363569.099207004
4.01525e-05	3.97511940521525e-31	363569.099209552	363569.099206917
4.0155e-05	3.92889708654996e-31	363569.099209643	363569.099206829
4.01575e-05	3.94430452610506e-31	363569.099209735	363569.099206742
4.016e-05	3.86726732832957e-31	363569.099209826	363569.099206654
4.01625e-05	3.88267476788467e-31	363569.099209917	363569.099206567
4.0165e-05	3.82104500966428e-31	363569.099210009	363569.09920648
4.01675e-05	3.83645244921937e-31	363569.0992101	363569.099206392
4.017e-05	3.75941525144388e-31	363569.099210192	363569.099206305
4.01725e-05	3.79023013055408e-31	363569.099210284	363569.099206218
4.0175e-05	3.72860037233369e-31	363569.099210376	363569.099206131
4.01775e-05	3.72860037233369e-31	363569.099210468	363569.099206045
4.018e-05	3.75941525144388e-31	363569.09921056	363569.099205958
4.01825e-05	3.69778549322349e-31	363569.099210652	363569.099205871
4.0185e-05	3.69778549322349e-31	363569.099210744	363569.099205784
4.01875e-05	4.99201041585172e-31	363569.099210836	363569.099205698
4.019e-05	4.99201041585172e-31	363569.099210929	363569.099205611
4.01925e-05	4.93038065763132e-31	363569.099211021	363569.099205525
4.0195e-05	4.93038065763132e-31	363569.099211113	363569.099205438
4.01975e-05	4.88415833896603e-31	363569.099211206	363569.099205352
4.02e-05	4.89956577852113e-31	363569.099211299	363569.099205266
4.02021215173915e-05	5.39260384428426e-31	363569.099211377	363569.099205193
4.02043470762794e-05	5.39260384428426e-31	363569.09921146	363569.099205116
4.02066812145066e-05	5.42341872339446e-31	363569.099211547	363569.099205036
4.02091286375226e-05	6.03971630559837e-31	363569.099211638	363569.099204952
4.02116942230432e-05	7.44949702488983e-31	363569.099211733	363569.099204864
4.02143830257665e-05	7.82697929398973e-31	363569.099211833	363569.099204772
4.02172002821403e-05	7.84705277020834e-31	363569.099211938	363569.099204675
4.02201514151802e-05	7.96564624998561e-31	363569.099212048	363569.099204574
4.02232420393312e-05	7.98875740931825e-31	363569.099212164	363569.099204468
4.02264779653721e-05	8.48949919485894e-31	363569.099212285	363569.099204358
4.02298652053576e-05	8.25838760153247e-31	363569.099212411	363569.099204242
4.02334099775918e-05	8.27379504108757e-31	363569.099212544	363569.099204121
4.02371187116327e-05	8.01957228842845e-31	363569.099212684	363569.099203995
4.02409980533181e-05	7.24149659089601e-31	363569.099212829	363569.099203863
4.02450548698115e-05	7.2723114700062e-31	363569.099212982	363569.099203725
4.02492962546605e-05	6.44030973403092e-31	363569.099213142	363569.099203582
4.02537295328629e-05	5.26934432784348e-31	363569.099213309	363569.099203431
4.02583622659347e-05	5.91645678915759e-31	363569.099213484	363569.099203275
4.02632022569726e-05	6.99497755801444e-31	363569.099213668	363569.099203112
4.02682575557065e-05	8.38164711797325e-31	363569.099213859	363569.099202941
4.02735364635336e-05	1.10625416005603e-30	363569.09921406	363569.099202764
4.0279047538528e-05	1.10779490401154e-30	363569.09921427	363569.099202579
4.02847996004176e-05	1.11087639192256e-30	363569.099214489	363569.099202386
4.0290801735522e-05	8.19675784331208e-31	363569.099214718	363569.099202186
4.0297063301643e-05	6.27082789892484e-31	363569.099214958	363569.099201977
4.03035939328984e-05	6.37867997581053e-31	363569.099215209	363569.099201759
4.03104035444934e-05	6.10134606381876e-31	363569.099215471	363569.099201533
4.03175023374176e-05	6.44030973403092e-31	363569.099215745	363569.099201298
4.03249008030623e-05	7.67290489843875e-31	363569.099216031	363569.099201054
4.03326097277455e-05	9.95320595259323e-31	363569.09921633	363569.0992008
4.03406401971374e-05	1.04770588974666e-30	363569.099216642	363569.099200536
4.03490036005767e-05	1.56539585879795e-30	363569.099216968	363569.099200262
4.03577116352656e-05	1.50992907639959e-30	363569.099217308	363569.099199977
4.03667763103368e-05	1.71792951039341e-30	363569.099217664	363569.099199682
4.03762099507783e-05	1.75182587741463e-30	363569.099218035	363569.099199376
4.03860252012092e-05	1.32812128964944e-30	363569.099218422	363569.099199058
4.0396235029492e-05	1.24492111605191e-30	363569.099218827	363569.099198729
4.04068527301737e-05	1.32966203360495e-30	363569.099219249	363569.099198388
4.04178919277419e-05	1.4005362555584e-30	363569.099219689	363569.099198035
4.04293665796864e-05	1.24492111605191e-30	363569.099220149	363569.099197669
4.04412909793532e-05	1.24029888418538e-30	363569.099220629	363569.099197291
4.04536797585804e-05	1.28806194680618e-30	363569.099221129	363569.099196899
4.04665478901037e-05	1.11935048367786e-30	363569.099221651	363569.099196494
4.04799106897192e-05	1.06619481721277e-30	363569.099222196	363569.099196075
4.04937838181924e-05	1.39899551160289e-30	363569.099222764	363569.099195643
4.05081832828997e-05	5.26934432784348e-31	363569.099223356	363569.099195196
4.05231254391918e-05	9.18283397483834e-31	363569.099223974	363569.099194735
4.05386269914657e-05	8.65898102996501e-31	363569.099224618	363569.099194259
4.05547049939331e-05	3.89808220743977e-31	363569.09922529	363569.099193768
4.05713768510734e-05	4.80712114119054e-31	363569.099225991	363569.099193262
4.05886603177581e-05	2.58844984525644e-31	363569.099226722	363569.09919274
4.0606573499035e-05	1.71022579061587e-31	363569.099227484	363569.099192203
4.06251348495597e-05	2.98904327368899e-31	363569.099228279	363569.09919165
4.0644363172662e-05	-6.22460558025955e-31	363569.099229108	363569.09919108
4.06642776190355e-05	-2.03378202127292e-31	363569.099229971	363569.099190495
4.06848976850381e-05	-1.1956173094756e-30	363569.099230872	363569.099189893
4.07062432105915e-05	-7.14905195356542e-31	363569.099231812	363569.099189274
4.07283343766687e-05	-1.25108409187395e-30	363569.099232791	363569.099188638
4.07511917023567e-05	-1.31117310613883e-30	363569.099233812	363569.099187986
4.07748360414851e-05	-1.20486177320865e-30	363569.099234877	363569.099187317
4.07992885788073e-05	-1.51917354013265e-30	363569.099235988	363569.099186631
4.08245708257256e-05	-1.18637284574254e-30	363569.099237145	363569.099185927
4.08507046155485e-05	2.61926472436664e-31	363569.099238353	363569.099185206
4.08777120982709e-05	7.50342306333267e-31	363569.099239612	363569.099184469
4.09056157348665e-05	5.79319727271681e-31	363569.099240926	363569.099183713
4.09344382910846e-05	4.60682442697427e-31	363569.099242296	363569.099182941
4.09642028307405e-05	-1.09546895236746e-30	363569.099243725	363569.099182152
4.09949327084928e-05	-1.19869879738662e-30	363569.099245217	363569.099181346
4.10266515620985e-05	-2.09233029158229e-30	363569.099246772	363569.099180523
4.10593833041388e-05	-2.50524967165892e-30	363569.099248395	363569.099179683
4.10931521132083e-05	-3.59301490424883e-30	363569.099250088	363569.099178827
4.11279824245622e-05	-3.8241264975753e-30	363569.099251856	363569.099177955
4.11638989202146e-05	-4.70851352803791e-30	363569.099253701	363569.099177066
4.12009265184832e-05	-3.92273411072792e-30	363569.099255627	363569.099176162
4.12390903629766e-05	-3.99206758872586e-30	363569.099257638	363569.099175242
4.12784158110182e-05	-4.68694311266078e-30	363569.099259738	363569.099174307
4.13189284215071e-05	-4.66229120937262e-30	363569.099261931	363569.099173357
4.13606539422099e-05	-2.96130988248981e-30	363569.099264222	363569.099172393
4.14036182964849e-05	-2.26489361459939e-31	363569.099266616	363569.099171415
4.14478475694351e-05	-1.95982631140845e-30	363569.099269116	363569.099170423
4.14933679934928e-05	-1.09084672050093e-30	363569.099271729	363569.099169418
4.15402059334345e-05	-3.48824431527416e-30	363569.09927446	363569.099168401
4.15883878708285e-05	-3.16160659670609e-30	363569.099277316	363569.099167372
4.16379403879183e-05	-4.46815747097839e-30	363569.099280302	363569.099166333
4.16888901509443e-05	-3.27254016150279e-30	363569.099283426	363569.099165283
4.17412638929091e-05	-2.69938341005315e-30	363569.099286694	363569.099164223
4.17950883957914e-05	-4.33873497871556e-30	363569.099290113	363569.099163154
4.18503904722146e-05	-3.44510348451989e-30	363569.099293692	363569.099162076
4.19071969465777e-05	-4.50975755777715e-30	363569.099297438	363569.099160992
4.19655346356568e-05	-3.46975538780804e-30	363569.099301363	363569.0991599
4.20254303286864e-05	-1.37742509622575e-30	363569.099305474	363569.099158802
4.20869107669306e-05	-2.3141974211757e-30	363569.099309781	363569.0991577
4.21500026227562e-05	-1.71176653457138e-30	363569.099314296	363569.099156593
4.22147324782192e-05	-1.83656679496767e-30	363569.099319028	363569.099155483
4.22811268031788e-05	-3.02602112862122e-30	363569.09932399	363569.09915437
4.23492119329532e-05	-1.21102474903069e-30	363569.099329197	363569.099153256
4.24190140455325e-05	-1.94133738394233e-30	363569.09933466	363569.099152142
4.24905591383653e-05	-6.05512374515347e-30	363569.099340394	363569.099151029
4.25638730047374e-05	-6.74537703722185e-30	363569.099346414	363569.099149917
4.26389812097595e-05	-6.13216094292896e-30	363569.099352739	363569.099148807
4.27159090659857e-05	-5.11835142020352e-30	363569.099359383	363569.099147701
4.2794681608682e-05	-7.00114053383648e-30	363569.099366366	363569.099146599
4.28753235707671e-05	-6.90869589650589e-30	363569.099373709	363569.099145502
4.29578593574484e-05	-5.18306266633493e-30	363569.099381433	363569.099144412
4.30423130205763e-05	-6.15681284621712e-30	363569.099389559	363569.09914333
4.31287082327429e-05	-5.95651613200084e-30	363569.099398112	363569.099142255
4.32170682611487e-05	-8.42478794872752e-30	363569.099407122	363569.09914119
4.33074159412662e-05	-8.45714357179323e-30	363569.09941661	363569.099140135
4.33997736503257e-05	-9.63581269775822e-30	363569.099426608	363569.099139092
4.3494163280654e-05	-8.91474452657964e-30	363569.099437149	363569.09913806
4.3590606212893e-05	-1.02089694492079e-29	363569.09944827	363569.099137042
4.36891232891305e-05	-9.48173830220724e-30	363569.099459998	363569.099136038
4.37897347859717e-05	-7.27539295791722e-30	363569.099472381	363569.099135047
4.38924603875852e-05	-7.16445939312052e-30	363569.09948545	363569.099134073
4.39973191587551e-05	-5.00125487958477e-30	363569.099499261	363569.099133114
4.41043295179715e-05	-4.82715081261217e-30	363569.099513849	363569.099132172
4.4213509210594e-05	-7.10437037885564e-30	363569.099529274	363569.099131248
4.43248752821222e-05	-4.16154942383194e-30	363569.099545592	363569.099130341
4.44384440516082e-05	-4.12303082494419e-30	363569.09956285	363569.099129453
4.45542310852456e-05	-3.26175495381422e-30	363569.09958112	363569.099128584
4.46722511701723e-05	-1.06927630512379e-30	363569.099600464	363569.099127736
4.47925182885212e-05	4.55443913248694e-30	363569.099620955	363569.099126907
4.49150455917577e-05	-1.23259516440783e-31	363569.09964268	363569.099126099
4.50398453753383e-05	2.44207916948302e-30	363569.099665699	363569.099125311
4.51669290537296e-05	6.38176146372154e-30	363569.099690129	363569.099124544
4.5296307135823e-05	2.8965986363584e-31	363569.099716041	363569.099123799
4.54279892007839e-05	-8.0118685686509e-32	363569.099743544	363569.099123075
4.55619838743714e-05	-2.97825806600042e-30	363569.099772746	363569.099122374
4.56982988057672e-05	-2.0615154124721e-30	363569.099803778	363569.099121693
4.58369406449498e-05	-1.6580311995158e-30	363569.099836762	363569.099121035
4.59779150206513e-05	5.04439571033905e-30	363569.099871821	363569.099120398
4.61212265189346e-05	3.83645244921937e-30	363569.09990912	363569.099119783
4.62668786624265e-05	8.34239102568474e-30	363569.099948811	363569.09911919
4.64148738902436e-05	7.55426761386449e-30	363569.099991055	363569.099118619
4.65652135386464e-05	4.38803878529188e-30	363569.100036029	363569.099118068
4.67178978224577e-05	1.22211810551036e-29	363569.100083935	363569.09911754
4.68729258172792e-05	1.44795127075884e-29	363569.100134981	363569.099117032
4.70302954425414e-05	1.03272855358282e-29	363569.100189399	363569.099116544
4.719000344542e-05	1.07759632248355e-29	363569.100247416	363569.099116078
4.73520453856509e-05	8.88855187933597e-30	363569.100309273	363569.099115631
4.75164156212772e-05	1.05910739501743e-29	363569.100375313	363569.099115204
4.76831072953578e-05	1.23074627166122e-29	363569.100445787	363569.099114796
4.78521123236688e-05	1.80513561827527e-29	363569.100521013	363569.099114407
4.80234213834261e-05	3.0247687487114e-29	363569.100601334	363569.099114037
4.81970239030578e-05	2.40695020729739e-29	363569.100687128	363569.099113685
4.8372908053053e-05	1.73688066104618e-29	363569.100778814	363569.09911335
4.85510607379121e-05	1.54428766660746e-29	363569.100876784	363569.099113033
4.87314675892243e-05	1.00133229318687e-29	363569.100981488	363569.099112732
4.89141129598946e-05	1.15524981784124e-29	363569.101093457	363569.099112448
4.90989799195415e-05	1.9052839753834e-29	363569.101213204	363569.099112179
4.92860502510869e-05	1.72624952775317e-29	363569.101341251	363569.099111926
4.94753044485559e-05	9.38621217696563e-30	363569.101478216	363569.099111687
4.96667217161047e-05	8.65898102996501e-30	363569.101624735	363569.099111462
4.98602799682912e-05	1.32442350415621e-29	363569.101781498	363569.099111251
5.00559558316029e-05	1.21441438573282e-29	363569.101949239	363569.099111054
5.02537246472553e-05	2.14779707398065e-30	363569.10212873	363569.099110869
5.04535604752692e-05	-1.97523375096355e-30	363569.102320813	363569.099110696
5.06554360998386e-05	-6.61009787651619e-30	363569.102526378	363569.099110535
5.08593230359935e-05	-1.10810305280264e-29	363569.10274636	363569.099110385
5.10651915375659e-05	-8.35083223886305e-30	363569.102981783	363569.099110246
5.12730106064588e-05	-7.3031263491164e-30	363569.103233701	363569.099110117
5.14827480032239e-05	-9.41702705607583e-30	363569.103503259	363569.099109997
5.16943702589441e-05	-1.03414734293817e-29	363569.103791652	363569.099109887
5.19078426884207e-05	-8.44943985201568e-30	363569.104100174	363569.099109786
5.21231294046606e-05	-2.50833115956994e-30	363569.104430191	363569.099109692
5.23401933346571e-05	4.16771239965398e-30	363569.104783114	363569.099109607
5.25589962364568e-05	4.87799536314399e-30	363569.10516047	363569.099109528
5.27794987175023e-05	-4.36954985782576e-30	363569.105563855	363569.099109457
5.30016602542393e-05	-4.6900246005718e-30	363569.105994939	363569.099109391
5.32254392129732e-05	-8.81613691342701e-30	363569.1064555	363569.099109332
5.34507928719611e-05	-1.17312244772515e-29	363569.106947391	363569.099109277
5.36776774447197e-05	-9.43551598354195e-30	363569.107472535	363569.099109228
5.39060481045315e-05	-9.56493847580477e-30	363569.108032989	363569.099109183
5.41358590101256e-05	-7.71604572919302e-30	363569.108630831	363569.099109142
5.4367063332512e-05	-1.1327549560908e-29	363569.109268304	363569.099109105
5.4599613282943e-05	-1.01011173723222e-29	363569.109947664	363569.09910907
5.48334601419745e-05	-4.2647792688511e-30	363569.110671276	363569.099109039
5.50685542896001e-05	-8.22140974660023e-30	363569.111441644	363569.09910901
5.53048452364254e-05	-8.49874365859199e-30	363569.112261245	363569.099108983
5.55422816558524e-05	-5.7130785870303e-30	363569.113132661	363569.099108957
5.5780811417239e-05	-1.17466319168066e-29	363569.114058574	363569.099108933
5.60203816199984e-05	-1.15247647872132e-29	363569.115041645	363569.099108909
5.62609386286027e-05	-1.14045867586835e-29	363569.116084596	363569.099108887
5.65024281084502e-05	-1.10748675522044e-29	363569.117190243	363569.099108864
5.67447950625587e-05	-9.32150093083422e-30	363569.118361324	363569.099108842
5.69879838690426e-05	-9.25062670888077e-30	363569.119600644	363569.09910882
5.72319383193312e-05	-8.45868431574874e-30	363569.120910912	363569.099108797
5.74766016570859e-05	-7.96256476207459e-30	363569.122294859	363569.099108774
5.77219166177687e-05	-2.25678111078387e-30	363569.123755197	363569.09910875
5.796782546882e-05	-2.77950209573966e-30	363569.125294468	363569.099108725
5.82142700503945e-05	-2.06459690038312e-30	363569.12691518	363569.0991087
5.84611918166109e-05	-4.62223186652937e-30	363569.1286196	363569.099108674
5.87085318772648e-05	-5.68842668374214e-30	363569.130409913	363569.099108646
5.89562310399549e-05	-7.45487726253354e-30	363569.132288108	363569.099108618
5.92042298525741e-05	-7.68831233799385e-30	363569.134255873	363569.099108589
5.94524686461131e-05	-8.76067013102866e-30	363569.136314701	363569.099108558
5.97008875777254e-05	-8.02419452029498e-30	363569.13846579	363569.099108527
5.99494266740029e-05	-8.22757272242227e-30	363569.140709883	363569.099108494
6.01980258744084e-05	-9.97785785588139e-30	363569.14304755	363569.099108461
6.04466250748138e-05	-9.28760456381301e-30	363569.145478708	363569.099108427
6.06951641710913e-05	-1.0702007514971e-29	363569.148002997	363569.099108392
6.09435831027036e-05	-1.09454450599415e-29	363569.150619543	363569.099108357
6.11918218962426e-05	-1.19808249980441e-29	363569.153326872	363569.099108322
6.14398207088618e-05	-1.05017108007547e-29	363569.156123012	363569.099108286
6.16875198715519e-05	-1.15679056179675e-29	363569.159005243	363569.099108249
6.19348599322057e-05	-1.15740685937895e-29	363569.161970429	363569.099108213
6.21817816984222e-05	-1.17712838200948e-29	363569.165014704	363569.099108178
6.24282262799967e-05	-1.08345114951448e-29	363569.168133394	363569.099108142
6.2674135131048e-05	-1.06496222204837e-29	363569.171321063	363569.099108107
6.29194500917308e-05	-1.08807338138101e-29	363569.174571792	363569.099108073
6.31641134294855e-05	-1.00086727349916e-29	363569.177878848	363569.09910804
6.34080678797741e-05	-9.74982775046594e-30	363569.181234669	363569.099108007
6.3651256686258e-05	-8.84387030462619e-30	363569.184631039	363569.099107976
6.38936236403665e-05	-6.69299174273452e-30	363569.188058789	363569.099107947
6.4135113120214e-05	-8.7822405464058e-30	363569.191508475	363569.099107919
6.43756701288183e-05	-9.43551598354195e-30	363569.194969524	363569.099107892
6.46152403315777e-05	-8.67746995743113e-30	363569.198430837	363569.099107868
6.48537700929643e-05	-8.97329279688901e-30	363569.201881018	363569.099107845
6.50912065123913e-05	-8.16594296420188e-30	363569.205307527	363569.099107825
6.53274974592166e-05	-1.00394876141018e-29	363569.208697858	363569.099107807
6.55625916068422e-05	-9.54028657251661e-30	363569.212038675	363569.099107791
6.57964384658737e-05	-9.65738311313536e-30	363569.215316594	363569.099107777
6.60289884163047e-05	-9.07806338586367e-30	363569.218517741	363569.099107766
6.62601927386911e-05	-8.8623592320923e-30	363569.221628316	363569.099107757
6.64900036442852e-05	-8.44943985201568e-30	363569.224634112	363569.099107751
6.67183743040969e-05	-8.35699521468509e-30	363569.227521186	363569.099107747
6.69452588768556e-05	-7.65441597097263e-30	363569.230275548	363569.099107746
6.71706125358435e-05	-6.43414675820888e-30	363569.232883635	363569.099107747
6.73943914945774e-05	-7.46336372048942e-30	363569.235332207	363569.099107751
6.76165530313144e-05	-7.18602980849765e-30	363569.237608603	363569.099107756
6.78370555123599e-05	-7.06893326787891e-30	363569.239700332	363569.099107764
6.80558584141596e-05	-6.45879866149703e-30	363569.241595779	363569.099107775
6.82729223441561e-05	-6.48345056478519e-30	363569.243284939	363569.099107787
6.8488209060396e-05	-5.0844550531823e-30	363569.244757378	363569.099107801
6.87016814898726e-05	-4.11994933703317e-30	363569.246004755	363569.099107817
6.89133037455928e-05	-4.52978722919878e-30	363569.247018873	363569.099107834
6.91230411423579e-05	-5.12910343633972e-30	363569.247793735	363569.099107853
6.93308602112508e-05	-5.47272252997077e-30	363569.24832442	363569.099107873
6.95367287128231e-05	-5.64836734089889e-30	363569.248606877	363569.099107894
6.97406156489781e-05	-4.96427702465254e-30	363569.248638558	363569.099107916
6.99424912735475e-05	-4.19082355898663e-30	363569.248418421	363569.099107938
7.01423271015614e-05	-4.6900246005718e-30	363569.247946525	363569.099107961
7.03400959172138e-05	-4.49280937426654e-30	363569.247224902	363569.099107985
7.05357717805255e-05	-4.57292805995305e-30	363569.246256771	363569.099108008
7.0729330032712e-05	-5.34946301352999e-30	363569.245046589	363569.099108032
7.09207473002608e-05	-1.83348530705665e-30	363569.24360026	363569.099108055
7.11100014977298e-05	-5.36178896517406e-31	363569.24192496	363569.099108078
7.12970718292752e-05	-8.19675784331208e-31	363569.240028822	363569.0991081
7.14819387889221e-05	1.91360399274316e-30	363569.237921899	363569.099108122
7.16645841595924e-05	2.51603487934748e-30	363569.235614904	363569.099108142
7.18449910109047e-05	6.13216094292896e-31	363569.233118488	363569.099108162
7.20231436957637e-05	7.08742219534503e-32	363569.230446012	363569.099108181
7.21990278457589e-05	1.45292155004573e-30	363569.227610688	363569.099108198
7.23726303653906e-05	3.14928064506201e-30	363569.224625192	363569.099108215
7.25439394251479e-05	-8.0118685686509e-32	363569.221504122	363569.09910823
7.27129444534589e-05	1.90898176087663e-30	363569.218262529	363569.099108243
7.28796361275395e-05	2.59307207712297e-30	363569.214916207	363569.099108255
7.30440063631658e-05	-1.84889274661175e-32	363569.211479373	363569.099108266
7.32060483033967e-05	-4.93038065763132e-31	363569.207967061	363569.099108275
7.33657563062753e-05	-3.94430452610506e-31	363569.204393756	363569.099108283
7.35231259315376e-05	5.48504848161485e-31	363569.20077553	363569.099108289
7.3678153926359e-05	2.95822839457879e-31	363569.197124892	363569.099108293
7.38308382101703e-05	-1.91052250483214e-30	363569.193456242	363569.099108297
7.39811778585731e-05	-2.51449413539198e-30	363569.189783477	363569.099108298
7.41291730863902e-05	-3.23556230657056e-30	363569.186119437	363569.099108299
7.42748252298821e-05	-3.30335504061299e-30	363569.182476775	363569.099108298
7.44181367281654e-05	-3.28486611314687e-30	363569.178866008	363569.099108296
7.45591111038669e-05	-3.50673324274028e-30	363569.175298744	363569.099108292
7.46977529430495e-05	-3.42661455705377e-30	363569.171783942	363569.099108288
7.48340678744453e-05	-3.22323635492648e-30	363569.168331985	363569.099108282
7.49680625480329e-05	-3.36498479883338e-30	363569.164949717	363569.099108276
7.50997446129937e-05	-3.53138514602844e-30	363569.161644896	363569.099108268
7.52291226950871e-05	-3.463592411986e-30	363569.158423979	363569.09910826
7.53562063734784e-05	-3.37731075047746e-30	363569.155292567	363569.099108251
7.5481006157059e-05	-3.16160659670609e-30	363569.152254655	363569.099108241
7.56035334602955e-05	-2.45902735299362e-30	363569.149315758	363569.09910823
7.57238005786444e-05	-2.31727890908672e-30	363569.146478636	363569.099108219
7.58418206635711e-05	-2.66240555512091e-30	363569.143745305	363569.099108207
7.59576076972086e-05	-3.07532493519754e-30	363569.141117159	363569.099108195
7.60711764666945e-05	-3.15544362088405e-30	363569.138595612	363569.099108183
7.61825425382227e-05	-3.06299898355346e-30	363569.136181393	363569.09910817
7.62917222308452e-05	-3.06299898355346e-30	363569.13387374	363569.099108157
7.63987325900616e-05	-2.51449413539198e-30	363569.131672583	363569.099108144
7.65035913612315e-05	-2.63159067601072e-30	363569.12957621	363569.09910813
7.66063169628451e-05	-2.66856853094295e-30	363569.127583602	363569.099108117
7.67069284596862e-05	-2.41588652223935e-30	363569.125692315	363569.099108103
7.68054455359237e-05	-2.03378202127292e-30	363569.123900111	363569.09910809
7.69018884681627e-05	-2.28030105415449e-30	363569.122204911	363569.099108076
7.6996278098491e-05	-2.36350122775202e-30	363569.120603901	363569.099108063
7.70886358075505e-05	-2.23716022340021e-30	363569.119093483	363569.099108049
7.7178983487668e-05	-1.83040381914563e-30	363569.117671485	363569.099108036
7.72673435160738e-05	-1.72563323017096e-30	363569.116333546	363569.099108023
7.73537387282404e-05	-1.79958894003543e-30	363569.115077033	363569.09910801
7.74381923913683e-05	-1.36201765667065e-30	363569.113898377	363569.099107997
7.75207281780495e-05	-1.31887682591638e-30	363569.112794145	363569.099107984
7.76013701401347e-05	-1.20178028529764e-30	363569.111760894	363569.099107972
7.7680142682831e-05	-1.63318859284038e-30	363569.110795089	363569.09910796
7.77570705390572e-05	-1.69481835106077e-30	363569.109893597	363569.099107948
7.78321787440793e-05	-1.15247647872132e-30	363569.109053179	363569.099107936
7.79054926104514e-05	-9.24446373305873e-31	363569.108270143	363569.099107925
7.79770377032842e-05	-1.28806194680618e-30	363569.107541635	363569.099107914
7.80468398158635e-05	-1.31887682591638e-30	363569.106864385	363569.099107903
7.81149249456379e-05	-1.46062526982328e-30	363569.106235579	363569.099107892
7.81813192705975e-05	-1.25108409187395e-30	363569.105652258	363569.099107882
7.82460491260604e-05	-1.47295122146736e-30	363569.105111717	363569.099107872
7.83091409818861e-05	-1.42981039071308e-30	363569.104611108	363569.099107863
7.83706214201303e-05	-1.36818063249269e-30	363569.104148094	363569.099107853
7.84305171131599e-05	-1.28189897098414e-30	363569.103720138	363569.099107844
7.8488854802239e-05	-1.03537993810258e-30	363569.103324994	363569.099107836
7.85456612766021e-05	-1.08468374467889e-30	363569.102960521	363569.099107827
7.86009633530253e-05	-1.08468374467889e-30	363569.102624597	363569.099107819
7.86547878559076e-05	-9.67587204060147e-31	363569.102315218	363569.099107811
7.87071615978724e-05	-9.4909827659403e-31	363569.102030613	363569.099107803
7.87581113608984e-05	-9.61424228238108e-31	363569.10176899	363569.099107796
7.88076638779882e-05	-9.36772324949952e-31	363569.101528675	363569.099107788
7.88558458153822e-05	-8.93631494195677e-31	363569.101308155	363569.099107782
7.89026837553239e-05	-8.38164711797325e-31	363569.101105952	363569.099107775
7.89482041793816e-05	-7.70371977754894e-31	363569.100920778	363569.099107769
7.89924334523318e-05	-7.02579243712464e-31	363569.100751305	363569.099107762
7.90353978066068e-05	-7.58046026110816e-31	363569.100596316	363569.099107756
7.90771233273096e-05	-7.39557098644699e-31	363569.10045472	363569.099107751
7.91176359377985e-05	-7.2723114700062e-31	363569.100325491	363569.099107745
7.91569613858401e-05	-6.96416267890424e-31	363569.100207625	363569.09910774
7.91951252303335e-05	-6.90253292068385e-31	363569.100100237	363569.099107735
7.92321528286021e-05	-6.62519900869209e-31	363569.100002521	363569.09910773
7.92680693242545e-05	-6.28623533847994e-31	363569.099913619	363569.099107725
7.93028996356084e-05	-6.16361098709547e-31	363569.099832834	363569.09910772
7.93366684446779e-05	-5.91645678915759e-31	363569.099759514	363569.099107716
7.93694001867181e-05	-5.60830799805563e-31	363569.099693015	363569.099107712
7.94011190403239e-05	-5.36178896517406e-31	363569.099632777	363569.099107708
7.94318489180762e-05	-5.17689969051289e-31	363569.099578258	363569.099107704
7.94616134577321e-05	-4.86875089941093e-31	363569.099528961	363569.0991077
7.94904360139502e-05	-4.56060210830897e-31	363569.099484432	363569.099107696
7.95183396505458e-05	-4.56060210830897e-31	363569.099444251	363569.099107693
7.95453471332682e-05	-4.43734259186819e-31	363569.09940803	363569.09910769
7.95714809230911e-05	-4.25245331720702e-31	363569.099375417	363569.099107686
7.95967631700094e-05	-4.12919380076623e-31	363569.099346076	363569.099107683
7.96212157073316e-05	-3.82104500966428e-31	363569.099319709	363569.09910768
7.964486004646e-05	-3.82104500966428e-31	363569.099296042	363569.099107678
7.9667717372148e-05	-3.6361557350031e-31	363569.099274823	363569.099107675
7.96898085382252e-05	-3.51289621856232e-31	363569.099255816	363569.099107672
7.97111540637786e-05	-3.35882182301134e-31	363569.099238813	363569.09910767
7.97317741297812e-05	-3.14311766923997e-31	363569.099223618	363569.099107668
7.97516885761547e-05	-2.8965986363584e-31	363569.099210057	363569.099107665
7.9770916899257e-05	-2.83496887813801e-31	363569.099197966	363569.099107663
7.97894782497817e-05	-2.77333911991762e-31	363569.099187195	363569.099107661
7.98073914310586e-05	-2.52682008703605e-31	363569.099177616	363569.099107659
7.98246748977433e-05	-2.46519032881566e-31	363569.099169107	363569.099107657
7.98413467548836e-05	-2.37274569148507e-31	363569.099161556	363569.099107655
7.9857424757351e-05	-2.28030105415449e-31	363569.099154865	363569.099107653
7.98729263096249e-05	-2.1570415377137e-31	363569.099148944	363569.099107652
7.9887868465917e-05	-2.03378202127292e-31	363569.099143711	363569.09910765
7.99022679306243e-05	-1.97215226305253e-31	363569.099139093	363569.099107648
7.99161410590975e-05	-1.84889274661175e-31	363569.099135022	363569.099107647
7.9929503858713e-05	-1.78726298839135e-31	363569.099131438	363569.099107645
7.99423719902363e-05	-1.66400347195057e-31	363569.099128289	363569.099107644
7.99547607694635e-05	-1.60237371373018e-31	363569.099125525	363569.099107643
7.99666851691303e-05	-1.54074395550979e-31	363569.099123103	363569.099107641
7.99781598210748e-05	-1.41748443906901e-31	363569.099120983	363569.09910764
7.9989199018643e-05	-1.35585468084861e-31	363569.099119131	363569.099107639
7.99998167193247e-05	-1.29422492262822e-31	363569.099117517	363569.099107638
8.00100265476075e-05	-1.23259516440783e-31	363569.099116111	363569.099107637
8.00198417980384e-05	-1.17096540618744e-31	363569.099114889	363569.099107636
8.00292754384799e-05	-1.10933564796705e-31	363569.09911383	363569.099107635
8.00383401135511e-05	-1.04770588974666e-31	363569.099112912	363569.099107634
8.004704814824e-05	-1.04770588974666e-31	363569.099112119	363569.099107633
8.00554115516793e-05	-9.86076131526265e-32	363569.099111434	363569.099107632
8.00634420210712e-05	-9.24446373305873e-32	363569.099110846	363569.099107631
8.00711509457544e-05	-8.62816615085482e-32	363569.09911034	363569.099107631
8.00785494113991e-05	-8.0118685686509e-32	363569.099109907	363569.09910763
8.00856482043233e-05	-8.0118685686509e-32	363569.099109537	363569.099107629
8.00924578159183e-05	-7.39557098644699e-32	363569.099109221	363569.099107628
8.00989884471737e-05	-6.77927340424307e-32	363569.099108953	363569.099107628
8.01052500132947e-05	-6.16297582203915e-32	363569.099108725	363569.099107627
8.01112521483992e-05	-5.8548270309372e-32	363569.099108533	363569.099107627
8.01170042102887e-05	-5.54667823983524e-32	363569.099108371	363569.099107626
8.01225152852831e-05	-4.93038065763132e-32	363569.099108236	363569.099107625
8.01277941931102e-05	-4.93038065763132e-32	363569.099108122	363569.099107625
8.01328494918441e-05	-4.62223186652937e-32	363569.099108027	363569.099107624
8.0137689482882e-05	-4.31408307542741e-32	363569.099107949	363569.099107624
8.01423222159538e-05	-3.69778549322349e-32	363569.099107884	363569.099107623
8.01467554941562e-05	-3.69778549322349e-32	363569.099107831	363569.099107623
8.01509968790052e-05	-3.08148791101958e-32	363569.099107788	363569.099107623
8.01550536954986e-05	-3.08148791101958e-32	363569.099107753	363569.099107622
8.0158933037184e-05	-2.46519032881566e-32	363569.099107724	363569.099107622
8.01626417712249e-05	-2.46519032881566e-32	363569.099107702	363569.099107621
8.01661865434592e-05	-2.46519032881566e-32	363569.099107684	363569.099107621
8.01695737834446e-05	-1.84889274661175e-32	363569.09910767	363569.099107621
8.01728097094855e-05	-1.84889274661175e-32	363569.099107659	363569.09910762
8.01759003336365e-05	-1.84889274661175e-32	363569.099107651	363569.09910762
8.01788514666764e-05	-1.23259516440783e-32	363569.099107644	363569.09910762
8.01816687230502e-05	-1.23259516440783e-32	363569.09910764	363569.09910762
8.01843575257735e-05	-1.23259516440783e-32	363569.099107636	363569.099107619
8.01869231112941e-05	-8.90954517148115e-33	363569.099107634	363569.099107619
8.01893705343101e-05	-6.16297582203915e-33	363569.099107632	363569.099107619
8.01917046725373e-05	-6.16297582203915e-33	363569.099107631	363569.099107619
8.01939302314252e-05	-6.16297582203915e-33	363569.09910763	363569.099107618
8.01960517488167e-05	0	363569.09910763	363569.099107618
8.01980735995503e-05	0	363569.09910763	363569.099107618
8.02e-05	0	363569.099107629	363569.099107618
