Position  (cm)	V (V)	n (cm-3)	p (cm-3)
0	0	1.32182489824899e-08	4.80574687438166e-22
1.31493062191688e-09	0.000171392017419249	1.32534047411233e-08	4.77399128073703e-22
2.89810281382233e-09	0.000377747448930282	1.32960430334243e-08	4.73603587240868e-22
4.79687898130571e-09	0.000625239653118327	1.33476328402023e-08	4.69091176494327e-22
7.06538374966409e-09	0.000920923396651	1.34099202385882e-08	4.63756425488373e-22
9.76514852318006e-09	0.00127281886807578	1.34849849267539e-08	4.5748647891393e-22
1.29657563412217e-08	0.0016899957303062	1.35753112666103e-08	4.50163051070829e-22
1.67454735034486e-08	0.00218265544855344	1.36838785178118e-08	4.41665293602077e-22
2.11918522040056e-08	0.00276220983948206	1.38142766215174e-08	4.31873719548462e-22
2.64022862272221e-08	0.00344135350226112	1.39708562017133e-08	4.20675292771542e-22
3.24844996966881e-08	0.00423412752359058	1.41589247318088e-08	4.07969728945873e-22
3.95569470274998e-08	0.00515597160868166	1.4385005353558e-08	3.93676956445367e-22
4.77491007079086e-08	0.00622376159158354	1.46571814526556e-08	3.7774554868667e-22
5.72016024369865e-08	0.00745582913492196	1.49855593781441e-08	3.60161764774172e-22
6.80662525765137e-08	0.00887196035502644	1.53828955778855e-08	3.40958631111752e-22
8.05058129432618e-08	0.0104933701172825	1.58654543186116e-08	3.202242817782e-22
9.46935987703811e-08	0.0123426488511501	1.64541923722188e-08	2.98108580750685e-22
1.10812837289863e-07	0.01444367894587	1.71764116903445e-08	2.74826917112132e-22
1.29055772900748e-07	0.0168215181153928	1.80680899654049e-08	2.50660045832664e-22
1.49622502335631e-07	0.0195022475704737	1.91772036068089e-08	2.25948992044196e-22
1.72719527638829e-07	0.0225127834094883	2.05685216519001e-08	2.01084383449249e-22
1.98558020108218e-07	0.0258806503353836	2.23306069253188e-08	1.76490132319346e-22
2.27351794577645e-07	0.0296337176175461	2.45861701607734e-08	1.52602119992641e-22
2.5931500043699e-07	0.033799898132404	2.75075883944137e-08	1.29843354034443e-22
2.94659543471083e-07	0.0384068123181453	3.13404798470729e-08	1.08597832185545e-22
3.33592260774989e-07	0.0434814199446696	3.64400257907435e-08	8.91858887158039e-23
3.76311879462294e-07	0.0490496237024654	4.33277474846872e-08	7.1843955855057e-23
4.23005798381519e-07	0.0551358497218353	5.27815717052927e-08	5.671133845252e-23
4.7384674032276e-07	0.0617626112114274	6.59808713331731e-08	4.38257658525786e-23
5.28989329941691e-07	0.0689500624145433	8.47436356805537e-08	3.312826576524e-23
5.88566659550639e-07	0.0767155509840038	1.11920299376914e-07	2.4476526641102e-23
6.52686910727677e-07	0.085073177632504	1.52057921438985e-07	1.76646652736401e-23
7.21430104088801e-07	0.0940333724881299	2.12537711877989e-07	1.24464671049415e-23
7.94845052295776e-07	0.103602497940224	3.05553189416771e-07	8.55889501390832e-24
8.72946592212141e-07	0.113782487870265	4.51602155220573e-07	5.74299717033533e-24
9.55713170901876e-07	0.12457053300366	6.85741163719595e-07	3.76016121116941e-24
1.0430848567801e-06	0.135958821677141	1.06894502936618e-06	2.40272686262928e-24
1.13496184163372e-06	0.147934344587623	1.70901129993437e-06	1.49901643500713e-24
1.2312034914693e-06	0.160478771076856	2.79950106326121e-06	9.13653878052283e-25
1.33162799433176e-06	0.173568403227052	4.69307994791802e-06	5.44500302871239e-25
1.43601264156799e-06	0.18717421252164	8.04097953885972e-06	3.17631700697463e-25
1.54409476575619e-06	0.201261962097788	1.40603238482289e-05	1.81604924192216e-25
1.65557334402709e-06	0.215792415728129	2.50496942209377e-05	1.01924187709837e-25
1.7701112601699e-06	0.230721632670461	4.53875625660252e-05	5.62517463460265e-26
1.88733820319073e-06	0.24600134547458	8.34693951524847e-05	3.05884127104662e-26
2.00685416435361e-06	0.261579415797139	0.000155462996991602	1.64238569325962e-26
2.12823347967552e-06	0.277400361312623	0.000292565411994238	8.72766116683494e-27
2.25102935085234e-06	0.293405944984459	0.000554936857951748	4.60142734983451e-27
2.37477876512313e-06	0.309535816334935	0.00105821106283748	2.41308803196685e-27
2.49900772405243e-06	0.325728192980439	0.00202330619410465	1.26207379391281e-27
2.62323668298172e-06	0.341920569625943	0.00386854709341667	6.60065397894056e-28
2.74698609725251e-06	0.35805044097642	0.00737679734076991	3.46128062479973e-28
2.86978196842934e-06	0.374056024648256	0.0139918321952404	1.82461690663254e-28
2.99116128375124e-06	0.38987697016374	0.0263301522355586	9.69379435637044e-29
3.11067724491412e-06	0.405455040486298	0.049038412462407	5.20302928546047e-29
3.22790418793496e-06	0.420734753290418	0.0901812863950265	2.82781567555005e-29
3.34244210407776e-06	0.43566397023275	0.163402371842536	1.55954660733252e-29
3.45392068234866e-06	0.450194423863091	0.291144886793976	8.74452525870489e-30
3.56200280653686e-06	0.464282173439239	0.509220256202559	4.99357461434666e-30
3.6663874537731e-06	0.477887982733827	0.872931406639663	2.90850991543551e-30
3.76681195663555e-06	0.490977614884023	1.46475092553556	1.7300160931083e-30
3.86305360647113e-06	0.503522041373256	2.40319223712247	1.0518882170731e-30
3.95493059132476e-06	0.515497564283738	3.85200228925539	6.54219453905447e-31
4.04230227720298e-06	0.526885852957219	6.02821316564441	4.16367311039228e-31
4.12506885589271e-06	0.537673898090614	9.20705500185343	2.71183048200147e-31
4.20317039580908e-06	0.547853888020654	13.7214444844568	1.80711387452738e-31
4.27658534401605e-06	0.557423013472749	19.9539200571121	1.23148127142943e-31
4.34532853737717e-06	0.566383208328375	28.3196279864432	8.57553369145009e-32
4.40944878855421e-06	0.574740834976875	39.2402639993765	6.09624386399228e-32
4.46902611816316e-06	0.582506323546336	53.1105542404098	4.41907597458339e-32
4.52416870778209e-06	0.589693774749451	70.2605664596509	3.26220973401624e-32
4.57500964972333e-06	0.596320536239043	90.9184516343698	2.44911960221717e-32
4.62170356864256e-06	0.602406762258413	115.178752949246	1.86730062793283e-32
4.66442318732986e-06	0.607974966016209	142.980983510193	1.44381643162703e-32
4.70335590463377e-06	0.613049573642733	174.101812653111	1.13058675053181e-32
4.73870044766786e-06	0.617656487828475	208.162197085961	8.95397074735299e-33
4.77066365352721e-06	0.621822668343333	244.648583483225	7.16319911933252e-33
4.79945742799663e-06	0.625575735625495	282.945354545159	5.78200252352897e-33
4.82529592046602e-06	0.62894360255139	322.374353218799	4.70408329535492e-33
4.84839294576922e-06	0.631954138390405	362.236783480592	3.85381714424899e-33
4.8689596752041e-06	0.634634867845486	401.85303786779	3.17666054644057e-33
4.88720261081499e-06	0.637012707015009	440.596870055183	2.63275219111531e-33
4.90332184933447e-06	0.639113737109729	477.921555541094	2.19258821967341e-33
4.91750963516159e-06	0.640963015843596	513.376993711076	1.83406173859596e-33
4.92994919552834e-06	0.642584425605852	546.617877200633	1.54041136538344e-33
4.94081384566786e-06	0.644000556825957	577.403947151276	1.29878299913162e-33
4.95026634739694e-06	0.645232624369295	605.593908811987	1.09921022101952e-33
4.95845850107735e-06	0.646300414352197	631.134814926377	9.3388376817806e-34
4.96553094840816e-06	0.647222258437288	654.048694613885	7.9662281356532e-34
4.97161316187763e-06	0.648015032458618	674.417993916047	6.82488600331876e-34
4.97682359590085e-06	0.648694176121397	692.371082019781	5.87499482156311e-34
4.9812699746014e-06	0.649273730512325	708.068732697393	5.08418865534675e-34
4.98504969176363e-06	0.649766390230572	721.692163166528	4.42596010883147e-34
4.98825029958167e-06	0.650183567092803	733.432932468627	3.87845463404895e-34
4.99095006435519e-06	0.650535462564228	743.484782210299	3.42354922065039e-34
4.99321856912355e-06	0.65083114630776	752.037345599472	3.0461418751804e-34
4.99511734529103e-06	0.651078638511949	759.271549952563	2.73359836771252e-34
4.99670051748294e-06	0.65128499394346	765.356483164264	2.4753170770575e-34
4.99801544810485e-06	0.651456385960879	770.447474802696	2.26238311926904e-34
4.99910337028458e-06	0.651598189014265	774.685146956205	2.08729046859953e-34
5e-06	0.65171505843174	778.195209751802	1.94371628228487e-34
5.0025e-06	0.652032968216341	1166.21695329098	4.33300975184787e-34
5.005e-06	0.652336091499333	1746.67240217815	9.66596572636376e-34
5.0075e-06	0.652625742636413	2614.61590150819	2.15757882191398e-33
5.01e-06	0.652903068193193	3911.9090488656	4.8187084411113e-33
5.0125e-06	0.653169074339492	5850.21232817129	1.07675592691159e-32
5.015e-06	0.65342464887221	8745.24700309285	2.40718275224874e-32
5.0175e-06	0.653670579082939	13067.8423198537	5.38382033592451e-32
5.02e-06	0.653907566376914	19519.977875553	1.20461421557633e-31
5.0225e-06	0.654136238327241	29148.0409061215	2.69630499081506e-31
5.025e-06	0.654357158686031	43511.484307419	6.03729756780325e-31
5.0275e-06	0.65457083575437	64933.946694283	1.35225532130037e-30
5.03e-06	0.654777729423713	96877.0981058182	3.0297607302442e-30
5.0325e-06	0.654978257134	144497.111343352	6.79021114761392e-30
5.035e-06	0.655172798942487	215472.862037655	1.52221525988337e-29
5.0375e-06	0.655361701857974	321238.387015547	3.413342655952e-29
5.04e-06	0.655545283564575	478816.701794441	7.65576307151386e-29
5.0425e-06	0.655723835635378	713548.081007579	1.71749755823779e-28
5.045e-06	0.655897626317626	1063148.62798638	3.85387429475497e-28
5.0475e-06	0.65606690295618	1583747.11957458	8.64943759973539e-28
5.05e-06	0.656231894110214	2358863.46660602	1.94161271905418e-27
5.0525e-06	0.656392811408592	3512760.83632568	4.35930843030833e-27
5.055e-06	0.656549851181708	5230300.05965981	9.78923997130922e-27
5.0575e-06	0.656703195901339	7786460.10152311	2.19863506872151e-26
5.06e-06	0.656853015455001	11590226.5667546	4.93886076133982e-26
5.0625e-06	0.656999468277121	17249835.7447146	1.10960077748283e-25
5.065e-06	0.657142702355897	25669757.4309059	2.49327480290852e-25
5.0675e-06	0.657282856131904	38194844.6636375	5.60317575122778e-25
5.07e-06	0.6574200593021	56824573.0370257	1.25937912451705e-24
5.0725e-06	0.657554433540953	84531425.1701325	2.83096492578326e-24
5.075e-06	0.657686093148717	125734012.595606	6.36452490864475e-24
5.0775e-06	0.657815145635535	187000089.282131	1.4310304633816e-23
5.08e-06	0.657941692248824	278091090.862071	3.21796384830911e-23
5.0825e-06	0.658065828450431	413514011.246153	7.23703972019651e-23
5.085e-06	0.658187644349205	614826885.286582	1.62774545378119e-22
5.0875e-06	0.658307225093873	914063623.432	3.66147512886018e-22
5.09e-06	0.65842465123053	1358821357.27427	8.23698285979529e-22
5.0925e-06	0.658539999028487	2019816884.28736	1.85319538655118e-21
5.095e-06	0.658653340777786	3002109931.45183	4.16978640460938e-21
5.0975e-06	0.658764745061288	4461771669.86807	9.38306246075508e-21
5.1e-06	0.658874277003895	6630639057.05444	2.1116032537905e-20
5.1025e-06	0.658981998501176	9853075495.64787	4.75243007295403e-20
5.105e-06	0.659087968429405	14640558332.4903	1.06967953270115e-19
5.1075e-06	0.659192242838796	21752734215.9572	2.40782583733461e-19
5.11e-06	0.659294875131524	32317770021.9258	5.42036879263202e-19
5.1125e-06	0.659395916225945	48011041467.7014	1.2202926075988e-18
5.115e-06	0.65949541470828	71320425374.2164	2.74744840594286e-18
5.1175e-06	0.659593416972899	105940151663.182	6.1862094169579e-18
5.12e-06	0.659689967352208	157355489463.372	1.39299104102138e-17
5.1225e-06	0.659785108237064	233710696133.264	3.13689387968213e-17
5.125e-06	0.659878880188523	347097408719.612	7.06444957004601e-17
5.1275e-06	0.659971322041669	515467067429.653	1.5910472053458e-16
5.13e-06	0.660062471002187	765469509908.8	3.58354861995695e-16
5.1325e-06	0.660152362736286	1136666112445.28	8.07176175004473e-16
5.135e-06	0.660241031454503	1687782849040.64	1.81822443990809e-15
5.1375e-06	0.660328509989915	2505990617779.05	4.09590734364282e-15
5.14e-06	0.660414829871181	3720677923256.25	9.22732060829917e-15
5.1425e-06	0.660500021390846	5523889833828.47	2.07885096407069e-14
5.145e-06	0.660584113669287	8200658804581.37	4.6837400475854e-14
5.1475e-06	0.660667134714655	12174013249903.2	1.05531799271424e-13
5.15e-06	0.660749111479148	18071764582486.5	2.37790501230276e-13
5.1525e-06	0.66083006991194	26825607600710.6	5.35828427297573e-13
5.155e-06	0.660910035009079	39818163715905.7	1.20747068163979e-12
5.1575e-06	0.660989030860683	59101154202248.4	2.72111288940089e-12
5.16e-06	0.661067080695778	87719101955177	6.13246654270551e-12
5.1625e-06	0.661144206925162	130189591000900	1.38210817770329e-11
5.165e-06	0.661220431182761	193215782317606	3.1150618957751e-11
5.1675e-06	0.661295774366019	286743476997440	7.02115736399797e-11
5.17e-06	0.661370256676044	425529294799750	1.58258745117548e-10
5.1725e-06	0.661443897658358	631467042518471	3.56733034067668e-10
5.175e-06	0.661516716245283	937038754964807	8.04146476089479e-10
5.1775e-06	0.661588730800935	1.39043399597328e+15	1.8127706551671e-09
5.18e-06	0.661659959169065	2.06314368000942e+15	4.08663709856599e-09
5.1825e-06	0.661730418721253	3.0612242510697e+15	9.21307174958005e-09
5.185e-06	0.661800126394854	4.54200583097238e+15	2.07710125805752e-08
5.1875e-06	0.661869098687876	6.73887481593564e+15	4.68301333109474e-08
5.19e-06	0.661937351520089	9.99803211399099e+15	1.05586237751008e-07
5.1925e-06	0.662004899721444	1.48330124810089e+16	2.38069160330134e-07
5.195e-06	0.662071755534994	2.2005543884816e+16	5.36800148295405e-07
5.1975e-06	0.66213792458391	3.26454650778991e+16	1.21041881384591e-06
5.2e-06	0.662203395411548	4.84285450370668e+16	2.72943327156033e-06
5.20144875308336e-06	0.662241115898122	4.84992584281964e+16	2.72545367498984e-06
5.20299266998232e-06	0.66228128056717	4.85746673608201e+16	2.72122258986394e-06
5.20463729458286e-06	0.662324027063775	4.86550524630803e+16	2.71672674112665e-06
5.20638844300632e-06	0.662369499150204	4.87407090857819e+16	2.71195238224198e-06
5.20825221356313e-06	0.662417846845805	4.88319479600466e+16	2.70688530028492e-06
5.21023499685045e-06	0.662469226557884	4.89290958794346e+16	2.70151082380541e-06
5.21234348598083e-06	0.662523801202055	4.90324964072917e+16	2.69581383373385e-06
5.21458468692748e-06	0.662581740310432	4.91425106100758e+16	2.68977877760598e-06
5.21696592897063e-06	0.662643220125944	4.92595178174126e+16	2.68338968739375e-06
5.21949487522835e-06	0.662708423680895	4.93839164096078e+16	2.67663020123475e-06
5.22217953325368e-06	0.662777540857794	4.95161246333169e+16	2.66948358935676e-06
5.22502826567872e-06	0.662850768430349	4.96565814460214e+16	2.66193278449593e-06
5.2280498008851e-06	0.662928310082374	4.98057473898992e+16	2.65396041710515e-06
5.23125324367885e-06	0.663010376402258	4.99641054955839e+16	2.64554885564371e-06
5.23464808594606e-06	0.663097184850494	5.01321622161953e+16	2.63668025223088e-06
5.23824421726501e-06	0.663188959697644	5.03104483918718e+16	2.62733659393118e-06
5.24205193544826e-06	0.663285931929998	5.04995202448544e+16	2.61749975992086e-06
5.2460819569875e-06	0.663388339120059	5.06999604049353e+16	2.60715158476007e-06
5.25034542737225e-06	0.663496425258864	5.09123789648094e+16	2.59627392796437e-06
5.25485393125206e-06	0.663610440547057	5.11374145645205e+16	2.58484875003168e-06
5.25961950241094e-06	0.663730641141517	5.1375735503791e+16	2.57285819503602e-06
5.26465463352082e-06	0.663857288854256	5.16280408805291e+16	2.56028467984661e-06
5.26997228564013e-06	0.663990650800253	5.18950617532368e+16	2.54711098997106e-06
5.2755858974218e-06	0.664130998990779	5.21775623243606e+16	2.5333203819522e-06
5.28150939399417e-06	0.664278609868799	5.24763411408319e+16	2.51889669217093e-06
5.28775719547687e-06	0.66443376378295	5.27922323071239e+16	2.50382445182248e-06
5.29434422509252e-06	0.664596744396662	5.312610670508e+16	2.48808900773884e-06
5.30128591683435e-06	0.664767838028994	5.34788732135414e+16	2.47167664862855e-06
5.3085982226484e-06	0.66494733292384	5.38514799193859e+16	2.454574736196e-06
5.31629761908839e-06	0.665135518444272	5.4244915309986e+16	2.43677184048581e-06
5.32440111340023e-06	0.665332684188948	5.46602094352595e+16	2.41825787867683e-06
5.33292624899233e-06	0.665539119027688	5.50984350254229e+16	2.39902425642385e-06
5.34189111024758e-06	0.665755110053612	5.55607085482273e+16	2.3790640107172e-06
5.35131432663166e-06	0.665980941449508	5.60481911868531e+16	2.3583719531007e-06
5.36121507605239e-06	0.666216893266491	5.6562089716732e+16	2.33694481196084e-06
5.37161308742422e-06	0.666463240113451	5.71036572563466e+16	2.31478137247655e-06
5.3825286423917e-06	0.666720249756307	5.76741938635081e+16	2.29188261270222e-06
5.39398257616581e-06	0.666988181626658	5.82750469447163e+16	2.26825183414993e-06
5.40599627742684e-06	0.667267285240132	5.89076114409786e+16	2.2438947851437e-06
5.41859168724794e-06	0.66755779852547	5.95733297488734e+16	2.21881977514216e-06
5.43179129699344e-06	0.667859946066279	6.02736913307406e+16	2.19303777817003e-06
5.44561814514699e-06	0.668173937258304	6.10102319626547e+16	2.16656252346693e-06
5.46009581302454e-06	0.668499964386194	6.17845325633469e+16	2.1394105714575e-06
5.47524841932876e-06	0.668838200624835	6.25982175415365e+16	2.11160137317303e-06
5.49110061350176e-06	0.66918879797168	6.34529525932852e+16	2.08315731131523e-06
5.50767756783471e-06	0.669551885117804	6.43504418751107e+16	2.05410372124823e-06
5.52500496829378e-06	0.669927565266986	6.52924244728105e+16	2.02446889033989e-06
5.54310900402383e-06	0.670315913913647	6.62806700804282e+16	1.99428403424658e-06
5.56201635549257e-06	0.670716976592194	6.7316973798739e+16	1.96358324894855e-06
5.5817541812402e-06	0.6711307666121	6.84031499582938e+16	1.93240343759484e-06
5.60235010320123e-06	0.671557262794884	6.95410248687249e+16	1.90078421150574e-06
5.62383219056784e-06	0.671996407231083	7.07324283940374e+16	1.86876776500292e-06
5.64622894216644e-06	0.672448103077259	7.19791842533678e+16	1.83639872409091e-06
5.66956926732177e-06	0.672912212415063	7.32830989486485e+16	1.80372396939076e-06
5.69388246518589e-06	0.673388554196315	7.46459492252454e+16	1.77079243412216e-06
5.71919820251226e-06	0.673876902300007	7.60694679794992e+16	1.73765487833675e-06
5.74554648985868e-06	0.674376983728914	7.75553285387461e+16	1.70436364101354e-06
5.77295765620598e-06	0.674888476975247	7.91051272554298e+16	1.67097237202906e-06
5.80146232198329e-06	0.675411010586219	8.07203643779213e+16	1.63753574639865e-06
5.83109137049423e-06	0.675944161961723	8.24024231872045e+16	1.60410916354401e-06
5.86187591774267e-06	0.676487456417209	8.41525474211601e+16	1.57074843466247e-06
5.89384728066053e-06	0.677040366545476	8.59718170471921e+16	1.53750946154935e-06
5.92703694374466e-06	0.677602311911169	8.78611224896373e+16	1.50444791044453e-06
5.96147652411414e-06	0.678172659111418	8.98211374708122e+16	1.47161888463295e-06
5.99719773500394e-06	0.678750722234998	9.18522906834847e+16	1.43907659961798e-06
6.03423234771566e-06	0.679335763750753	9.39547365774269e+16	1.40687406470338e-06
6.07261215205091e-06	0.679926995853566	9.61283256126083e+16	1.3750627747611e-06
6.11236891525767e-06	0.680523582292931	9.83725744050983e+16	1.34369241582705e-06
6.1535343395252e-06	0.681124640705063	1.00686636267018e+17	1.31281058795932e-06
6.19614001806797e-06	0.681729245464495	1.03069272716484e+17	1.28246254851487e-06
6.24021738984453e-06	0.682336431065165	1.05518826604494e+17	1.25269097865927e-06
6.28579769296194e-06	0.682945196034178	1.08033197569729e+17	1.2235357755276e-06
6.33291191682229e-06	0.683554507373735	1.1060982058533e+17	1.19503387201273e-06
6.38159075307232e-06	0.684163305518171	1.13245648399841e+17	1.16721908568218e-06
6.43186454542308e-06	0.68477050978388	1.15937138693198e+17	1.14012199782784e-06
6.48376323841129e-06	0.685375024280123	1.18680246763774e+17	1.11376986314846e-06
6.53731632517948e-06	0.685975744238588	1.21470424530086e+17	1.08818655006514e-06
6.59255279435682e-06	0.6865715627093	1.24302626567522e+17	1.0633925111877e-06
6.64950107612801e-06	0.687161377560305	1.27171323804097e+17	1.03940478299769e-06
6.70818898758193e-06	0.687744098708821	1.30070525368625e+17	1.01623701340156e-06
6.76864367743702e-06	0.688318655502481	1.32993808920424e+17	9.9389951544416e-07
6.83089157024469e-06	0.688884004161314	1.35934359594031e+17	9.72399345166603e-07
6.89495831017663e-06	0.689439135184518	1.38885017469677e+17	9.51740401346587e-07
6.96086870450617e-06	0.689983080621108	1.41838333236842e+17	9.3192354467841e-07
7.02864666689792e-06	0.690514921100642	1.44786631462254e+17	9.12946733832949e-07
7.09831516062365e-06	0.691033792519466	1.47722080615097e+17	8.94805175784337e-07
7.16989614182609e-06	0.691538892279645	1.50636768752102e+17	8.77491487795845e-07
7.24341050295562e-06	0.692029484981968	1.53522783535358e+17	8.60995868517472e-07
7.31887801650776e-06	0.692504907481167	1.56372295057887e+17	8.453062757552e-07
7.39631727919222e-06	0.692964573220786	1.59177639797316e+17	8.30408608619139e-07
7.47574565666662e-06	0.693407975776647	1.61931403915859e+17	8.1628689193628e-07
7.55717922897e-06	0.693834691551583	1.64626504082487e+17	8.02923461014741e-07
7.64063273679302e-06	0.694244381579374	1.67256264015143e+17	7.90299145061393e-07
7.72611952872312e-06	0.694636792412543	1.69814485028238e+17	7.78393447775564e-07
7.81365150960367e-06	0.695011756086071	1.72295509021155e+17	7.6718472386039e-07
7.90323909014682e-06	0.695369189166864	1.74694272551426e+17	7.5665035040392e-07
7.99489113793997e-06	0.695709090916267	1.77006350892773e+17	7.46766892278835e-07
8.08861492998533e-06	0.696031540609626	1.79227991271899e+17	7.3751026088837e-07
8.18441610691126e-06	0.696336694072306	1.81356134795628e+17	7.28855865744066e-07
8.28229862899331e-06	0.696624779505227	1.83388426907295e+17	7.20778758496631e-07
8.38226473412066e-06	0.696896092684533	1.85323216534056e+17	7.13253769154238e-07
8.48431489784228e-06	0.697150991629168	1.87159544391187e+17	7.06255634313855e-07
8.588447795624e-06	0.697389890836656	1.88897121183681e+17	6.99759117302283e-07
8.69466026744517e-06	0.697613255191271	1.9053629667961e+17	6.93739120177118e-07
8.80294728485998e-06	0.697821593649967	1.92078020816602e+17	6.88170787576626e-07
8.91330192064462e-06	0.698015452810064	1.93523798138164e+17	6.83029602434972e-07
9.02571532114722e-06	0.698195410458931	1.94875636938951e+17	6.78291473598567e-07
9.14017668145277e-06	0.69836206920004	1.96135994528687e+17	6.7393281539383e-07
9.25667322346999e-06	0.698516050242093	1.97307720006935e+17	6.69930619209232e-07
9.37519017704143e-06	0.698657987428809	1.98393995880684e+17	6.66262517167665e-07
9.49571076417234e-06	0.698788521576741	1.99398279760684e+17	6.6290683798087e-07
9.61821618646706e-06	0.6989082951776	2.0032424724829e+17	6.59842655097267e-07
9.7426856158552e-06	0.699017947510307	2.01175736980115e+17	6.5704982727877e-07
9.86909618868255e-06	0.699118110196741	2.01956698641103e+17	6.5450903177133e-07
9.99742300323414e-06	0.699209403224183	2.02671144594704e+17	6.52201790267456e-07
1.01276391207491e-05	0.699292431447066	2.03323105618343e+17	6.50110487896277e-07
1.0259715569979e-05	0.699367781571	2.03916591078665e+17	6.48218385516364e-07
1.03936213553324e-05	0.699436019613348	2.04455553738408e+17	6.46509625627342e-07
1.05293234686398e-05	0.699497688826993	2.04943859258424e+17	6.44969232256578e-07
1.0666786904566e-05	0.699553308067414	2.05385260346468e+17	6.43583105215406e-07
1.08059746796833e-05	0.699603370577835	2.0578337540988e+17	6.42338009153964e-07
1.09468478552162e-05	0.699648343162987	2.0614167149261e+17	6.41221557873363e-07
1.1089365563452e-05	0.69968866571892	2.06463451217558e+17	6.40222194377522e-07
1.12334850378074e-05	0.699724751084237	2.06751843412043e+17	6.39329167163737e-07
1.13791616465291e-05	0.699756985176992	2.07009797065829e+17	6.3853250326037e-07
1.15263489299971e-05	0.699785727381251	2.07240078255924e+17	6.37822978521689e-07
1.16749986415893e-05	0.699811311147776	2.07445269668498e+17	6.37192085683996e-07
1.1825060792058e-05	0.699834044774436	2.07627772353802e+17	6.36632000674062e-07
1.19764836973573e-05	0.699854212333541	2.07789809363185e+17	6.36135547641082e-07
1.21292140298517e-05	0.699872074715359	2.07933430936369e+17	6.35696163157751e-07
1.2283196872827e-05	0.699887870759408	2.08060520930622e+17	6.35307860005417e-07
1.24383757782152e-05	0.699901818447645	2.0817280420973e+17	6.34965190923746e-07
1.25946928274352e-05	0.699914116136357	2.08271854738787e+17	6.346632126678e-07
1.27520886952445e-05	0.699924943806237	2.08359104159463e+17	6.34397450676134e-07
1.29105027164845e-05	0.699934464312843	2.08435850648994e+17	6.34163864613239e-07
1.30698729555988e-05	0.699942824622204	2.08503267893745e+17	6.33958815009528e-07
1.32301362787909e-05	0.699950157018847	2.08562414034563e+17	6.33779031182712e-07
1.33912284286837e-05	0.699956580275843	2.08614240465641e+17	6.33621580586754e-07
1.35530841013341e-05	0.699962200778615	2.08659600391202e+17	6.33483839699001e-07
1.37156370254491e-05	0.699967113596207	2.08699257064708e+17	6.33363466523211e-07
1.38788200436442e-05	0.699971403495475	2.08733891653509e+17	6.33258374756246e-07
1.40425651955783e-05	0.699975145895203	2.08764110687851e+17	6.33166709639405e-07
1.42068038027932e-05	0.699978407758488	2.08790453067017e+17	6.33086825491921e-07
1.43714665550823e-05	0.699981248422896	2.08813396607232e+17	6.33017264903891e-07
1.45364835982071e-05	0.699983720368862	2.08833364125858e+17	6.32956739548953e-07
1.47017846227759e-05	0.69998586992758	2.08850729064637e+17	6.329041125631e-07
1.48672989540976e-05	0.699987737930282	2.08865820661305e+17	6.32858382424954e-07
1.50329556428182e-05	0.699989360301307	2.08878928684127e+17	6.32818668264491e-07
1.51986835561468e-05	0.699990768597692	2.08890307747821e+17	6.3278419652117e-07
1.53644114694754e-05	0.699991990498323	2.08900181232248e+17	6.32754288868585e-07
1.5530068158196e-05	0.699993050245805	2.08908744827149e+17	6.32728351320734e-07
1.56955824895177e-05	0.699993969044317	2.08916169727404e+17	6.32705864434605e-07
1.58608835140865e-05	0.699994765416713	2.08922605503787e+17	6.32686374524635e-07
1.60259005572113e-05	0.699995455524107	2.0892818267419e+17	6.32669485806656e-07
1.61905633095005e-05	0.699996053451076	2.08933014999844e+17	6.32654853391716e-07
1.63548019167153e-05	0.699996571459508	2.08937201530305e+17	6.32642177053756e-07
1.65185470686494e-05	0.699997020213988	2.08940828419969e+17	6.32631195699061e-07
1.66817300868445e-05	0.699997408981416	2.08943970537691e+17	6.32621682469745e-07
1.68442830109595e-05	0.699997745807423	2.0894669288978e+17	6.32613440418058e-07
1.70061386836099e-05	0.699998037671948	2.08949051875268e+17	6.3260629869287e-07
1.71672308335027e-05	0.699998290626159	2.0895109639095e+17	6.32600109184275e-07
1.73274941566948e-05	0.699998509912724	2.0895286880231e+17	6.32594743576761e-07
1.74868643958091e-05	0.699998700071282	2.08954405795042e+17	6.32590090765714e-07
1.76452784170491e-05	0.699998865030762	2.08955739120592e+17	6.32586054596196e-07
1.78026742848584e-05	0.699999008190081	2.08956896247872e+17	6.32582551886862e-07
1.79589913340784e-05	0.699999132488562	2.08957900932094e+17	6.32579510705564e-07
1.81141702394666e-05	0.699999240467319	2.08958773710575e+17	6.32576868866636e-07
1.82681530824419e-05	0.699999334322669	2.08959532334333e+17	6.32574572623022e-07
1.84208834149363e-05	0.699999415952587	2.08960192143334e+17	6.32572575529322e-07
1.85723063202356e-05	0.699999486997032	2.08960766392385e+17	6.32570837454502e-07
1.87223684707043e-05	0.699999548872942	2.08961266533866e+17	6.32569323725432e-07
1.88710181822965e-05	0.69999960280456	2.08961702462805e+17	6.32568004384599e-07
1.90182054657645e-05	0.699999649849697	2.08962082729108e+17	6.32566853547323e-07
1.91638820744862e-05	0.699999690922461	2.08962414721214e+17	6.32565848845559e-07
1.93080015488416e-05	0.699999726812901	2.08962704824917e+17	6.32564970946961e-07
1.94505192570774e-05	0.699999758203999	2.0896295856061e+17	6.32564203139268e-07
1.95913924326103e-05	0.699999785686333	2.08963180701832e+17	6.32563530971356e-07
1.97305802077277e-05	0.699999809770739	2.08963375377614e+17	6.32562941943351e-07
1.98680436436538e-05	0.699999830899242	2.08963546160789e+17	6.32562425239227e-07
2.00037457569612e-05	0.699999849454478	2.08963696144187e+17	6.32561971496136e-07
2.01376515423146e-05	0.699999865767829	2.08963828006334e+17	6.32561572605472e-07
2.02697279915445e-05	0.699999880126424	2.08963944068111e+17	6.32561221541353e-07
2.03999441090595e-05	0.699999892779193	2.08964046341591e+17	6.32560912212753e-07
2.05282709236111e-05	0.699999903942064	2.08964136572141e+17	6.32560639336046e-07
2.06546814964384e-05	0.699999913802463	2.08964216274714e+17	6.32560398325133e-07
2.07791509258266e-05	0.699999922523178	2.08964286765129e+17	6.32560185196747e-07
2.09016563481213e-05	0.699999930245695	2.08964349187039e+17	6.32559996488809e-07
2.10221769352522e-05	0.69999993709308	2.08964404535181e+17	6.32559829190049e-07
2.11406938888236e-05	0.699999943172455	2.08964453675422e+17	6.32559680679311e-07
2.12571904308408e-05	0.699999948577136	2.08964497362053e+17	6.32559548673214e-07
2.13716517911464e-05	0.699999953388482	2.08964536252702e+17	6.3255943118099e-07
2.1484065191649e-05	0.699999957677487	2.0896457092121e+17	6.32559326465516e-07
2.15944198274336e-05	0.699999961506151	2.08964601868742e+17	6.32559233009672e-07
2.17027068448484e-05	0.699999964928674	2.08964629533385e+17	6.32559149487293e-07
2.18089193166696e-05	0.699999967992474	2.08964654298441e+17	6.32559074738061e-07
2.19130522144513e-05	0.699999970739081	2.08964676499591e+17	6.32559007745818e-07
2.2015102378173e-05	0.6999999732049	2.08964696431094e+17	6.32558947619793e-07
2.21150684833003e-05	0.699999975421873	2.08964714351152e+17	6.32558893578377e-07
2.22129510053824e-05	0.699999977418058	2.08964730486551e+17	6.32558844935063e-07
2.23087521823083e-05	0.699999979218122	2.08964745036684e+17	6.32558801086269e-07
2.24024759743536e-05	0.699999980843775	2.08964758177037e+17	6.32558761500786e-07
2.24941280221468e-05	0.699999982314144	2.08964770062212e+17	6.32558725710623e-07
2.25837156026899e-05	0.699999983646098	2.08964780828557e+17	6.32558693303061e-07
2.26712475835705e-05	0.699999984854527	2.08964790596439e+17	6.32558663913749e-07
2.27567343755006e-05	0.699999985952592	2.0896479947223e+17	6.32558637220705e-07
2.28401878833236e-05	0.699999986951934	2.08964807550034e+17	6.32558612939099e-07
2.2921621455627e-05	0.699999987862862	2.0896481491318e+17	6.32558590816702e-07
2.30010498331014e-05	0.699999988694516	2.0896482163554e+17	6.32558570629933e-07
2.30784890957859e-05	0.699999989455004	2.08964827782662e+17	6.32558552180402e-07
2.3153956609338e-05	0.69999999015153	2.08964833412768e+17	6.32558535291897e-07
2.32274709704675e-05	0.699999990790498	2.08964838577628e+17	6.32558519807746e-07
2.329905195167e-05	0.699999991377608	2.08964843323315e+17	6.3255850558852e-07
2.33687204453957e-05	0.699999991917939	2.08964847690874e+17	6.32558492510013e-07
2.34364984077874e-05	0.699999992416018	2.08964851716907e+17	6.32558480461476e-07
2.3502408802117e-05	0.699999992875886	2.0896485543408e+17	6.32558469344067e-07
2.35664755420489e-05	0.699999993301154	2.08964858871578e+17	6.32558459069492e-07
2.36287234348566e-05	0.699999993695051	2.08964862055496e+17	6.32558449558808e-07
2.36891781247117e-05	0.699999994060466	2.08964865009189e+17	6.32558440741371e-07
2.37478660361656e-05	0.699999994399986	2.08964867753576e+17	6.32558432553909e-07
2.38048143179368e-05	0.699999994715933	2.08964870307412e+17	6.32558424939705e-07
2.38600507871141e-05	0.699999995010387	2.08964872687526e+17	6.32558417847877e-07
2.39136038738823e-05	0.699999995285219	2.08964874909028e+17	6.32558411232735e-07
2.39655025668705e-05	0.699999995542109	2.08964876985502e+17	6.32558405053223e-07
2.40157763592213e-05	0.699999995782569	2.08964878929166e+17	6.32558399272418e-07
2.40644551954713e-05	0.699999996007958	2.0896488075102e+17	6.32558393857083e-07
2.41115694193317e-05	0.699999996219504	2.08964882460974e+17	6.32558388777276e-07
2.41571497224491e-05	0.699999996418313	2.08964884067967e+17	6.32558384006004e-07
2.42012270942256e-05	0.699999996605381	2.08964885580069e+17	6.32558379518906e-07
2.42438327727684e-05	0.699999996781612	2.08964887004567e+17	6.32558375293979e-07
2.42849981970359e-05	0.699999996947821	2.08964888348055e+17	6.32558371311332e-07
2.43247549602427e-05	0.699999997104746	2.089648896165e+17	6.32558367552966e-07
2.4363134764578e-05	0.699999997253056	2.08964890815309e+17	6.32558364002576e-07
2.44001693772897e-05	0.699999997393358	2.08964891949389e+17	6.32558360645375e-07
2.44358905881795e-05	0.699999997526204	2.08964893023196e+17	6.32558357467942e-07
2.4470330168549e-05	0.699999997652094	2.08964894040781e+17	6.32558354458075e-07
2.45035198316331e-05	0.699999997771485	2.08964895005834e+17	6.3255835160467e-07
2.45354911945509e-05	0.699999997884793	2.08964895921719e+17	6.32558348897609e-07
2.45662757417994e-05	0.699999997992399	2.08964896791509e+17	6.32558346327655e-07
2.45959047903103e-05	0.699999998094649	2.08964897618014e+17	6.32558343886365e-07
2.46244094560876e-05	0.699999998191863	2.08964898403807e+17	6.32558341566012e-07
2.46518206224349e-05	0.699999998284333	2.08964899151252e+17	6.32558339359507e-07
2.46781689097814e-05	0.699999998372327	2.0896489986252e+17	6.32558337260337e-07
2.47034846471077e-05	0.699999998456093	2.08964900539613e+17	6.32558335262506e-07
2.47277978449718e-05	0.69999999853586	2.08964901184377e+17	6.32558333360487e-07
2.47511381701272e-05	0.699999998611838	2.0896490179852e+17	6.32558331549168e-07
2.47735349217258e-05	0.699999998684224	2.08964902383627e+17	6.32558329823818e-07
2.47950170090924e-05	0.6999999987532	2.08964902941166e+17	6.32558328180044e-07
2.48156129310534e-05	0.699999998818935	2.08964903472508e+17	6.32558326613761e-07
2.4835350756801e-05	0.699999998881586	2.08964903978928e+17	6.3255832512116e-07
2.48542581082698e-05	0.699999998941302	2.08964904461621e+17	6.32558323698684e-07
2.48723621439998e-05	0.699999998998221	2.08964904921706e+17	6.32558322343003e-07
2.48896895444589e-05	0.699999999052474	2.08964905360234e+17	6.32558321050989e-07
2.49062664987919e-05	0.699999999104181	2.08964905778192e+17	6.32558319819706e-07
2.49221186929649e-05	0.699999999153459	2.08964906176513e+17	6.32558318646382e-07
2.49372712992691e-05	0.699999999200417	2.08964906556078e+17	6.32558317528404e-07
2.49517489671466e-05	0.699999999245157	2.08964906917721e+17	6.32558316463298e-07
2.49655758153002e-05	0.699999999287778	2.08964907262232e+17	6.3255831544872e-07
2.49787754250457e-05	0.699999999328373	2.08964907590362e+17	6.32558314482444e-07
2.49913708348668e-05	0.699999999367029	2.08964907902826e+17	6.32558313562354e-07
2.50033845361278e-05	0.699999999403832	2.08964908200305e+17	6.32558312686435e-07
2.50148384699019e-05	0.69999999943886	2.08964908483449e+17	6.32558311852765e-07
2.50257540248694e-05	0.699999999472193	2.08964908752879e+17	6.32558311059509e-07
2.50361520362412e-05	0.699999999503902	2.08964909009187e+17	6.32558310304913e-07
2.5046052785662e-05	0.699999999534058	2.08964909252943e+17	6.32558309587297e-07
2.5055476002046e-05	0.699999999562729	2.08964909484691e+17	6.32558308905054e-07
2.50644408633013e-05	0.699999999589978	2.08964909704953e+17	6.32558308256642e-07
2.50729659988934e-05	0.699999999615869	2.08964909914229e+17	6.32558307640583e-07
2.50810694932052e-05	0.69999999964046	2.08964910113003e+17	6.32558307055458e-07
2.50887688896452e-05	0.699999999663808	2.08964910301734e+17	6.32558306499903e-07
2.50960811954593e-05	0.69999999968597	2.08964910480867e+17	6.32558305972609e-07
2.51030228872011e-05	0.699999999706997	2.08964910650829e+17	6.3255830547232e-07
2.51096099168167e-05	0.699999999726939	2.08964910812031e+17	6.32558304997825e-07
2.51158577182994e-05	0.699999999745847	2.08964910964865e+17	6.32558304547963e-07
2.51217812148718e-05	0.699999999763767	2.08964911109712e+17	6.32558304121616e-07
2.51273948266535e-05	0.699999999780744	2.08964911246937e+17	6.3255830371771e-07
2.51327124787728e-05	0.699999999796821	2.08964911376888e+17	6.32558303335214e-07
2.51377476098827e-05	0.699999999812039	2.08964911499904e+17	6.32558302973134e-07
2.51425131810416e-05	0.69999999982644	2.08964911616309e+17	6.32558302630516e-07
2.51470216849214e-05	0.699999999840062	2.08964911726413e+17	6.32558302306446e-07
2.51512851553061e-05	0.699999999852941	2.08964911830514e+17	6.32558302000043e-07
2.51553151768454e-05	0.699999999865113	2.08964911928902e+17	6.3255830171046e-07
2.51591228950286e-05	0.699999999876612	2.0896491202185e+17	6.32558301436888e-07
2.51627190263476e-05	0.699999999887471	2.08964912109623e+17	6.32558301178547e-07
2.51661138686148e-05	0.69999999989772	2.08964912192476e+17	6.32558300934691e-07
2.51693173114085e-05	0.699999999907392	2.0896491227065e+17	6.32558300704602e-07
2.51723388466149e-05	0.699999999916513	2.08964912344381e+17	6.32558300487594e-07
2.51751875790399e-05	0.699999999925113	2.08964912413891e+17	6.3255830028301e-07
2.51778722370653e-05	0.699999999933216	2.08964912479394e+17	6.32558300090219e-07
2.5180401183323e-05	0.69999999994085	2.08964912541095e+17	6.32558299908618e-07
2.51827824253661e-05	0.699999999948037	2.0896491259919e+17	6.32558299737629e-07
2.51850236263128e-05	0.699999999954801	2.08964912653868e+17	6.32558299576702e-07
2.51871321154432e-05	0.699999999961165	2.08964912705306e+17	6.32558299425307e-07
2.51891148987305e-05	0.699999999967149	2.08964912753676e+17	6.32558299282941e-07
2.51909786692873e-05	0.699999999972774	2.08964912799143e+17	6.32558299149122e-07
2.51927298177108e-05	0.699999999978059	2.08964912841862e+17	6.32558299023392e-07
2.51943744423113e-05	0.699999999983022	2.08964912881981e+17	6.3255829890531e-07
2.51959183592103e-05	0.699999999987682	2.08964912919644e+17	6.3255829879446e-07
2.51973671122936e-05	0.699999999992054	2.08964912954985e+17	6.32558298690443e-07
2.51987259830097e-05	0.699999999996155	2.08964912988134e+17	6.3255829859288e-07
2.52e-05	0.7	2.08964913019212e+17	6.32558298501409e-07
