Position  (cm)	V (V)	n (cm-3)	p (cm-3)
0	0	1.74353231330593e-14	3.02071711165256e+16
2.27986488733322e-09	3.42716211546249e-10	1.74340413529069e-14	3.02071707160726e+16
4.78638710893473e-09	7.19505382829883e-10	1.74326321419859e-14	3.02071702758064e+16
7.53943637653096e-09	1.13335618581383e-09	1.7431084329177e-14	3.02071697922349e+16
1.05603366094998e-08	1.58747687543499e-09	1.74293859257719e-14	3.02071692616092e+16
1.38719433424862e-08	2.08530731422744e-09	1.74275240819506e-14	3.02071686799102e+16
1.74987224573138e-08	2.63053132492346e-09	1.74254850425133e-14	3.02071680428333e+16
2.14668299687519e-08	3.22708936809251e-09	1.74232541020186e-14	3.02071673457742e+16
2.58041925613601e-08	3.87919154688522e-09	1.7420815559498e-14	3.02071665838136e+16
3.05405885411803e-08	4.59133094814702e-09	1.7418152672935e-14	3.02071657517014e+16
3.5707728831983e-08	5.36829733900574e-09	1.74152476137176e-14	3.02071648438409e+16
4.13393376110172e-08	6.2151912511342e-09	1.74120814212892e-14	3.02071638542725e+16
4.74712321441638e-08	7.13743850196638e-09	1.74086339582476e-14	3.0207162776656e+16
5.41414013452507e-08	8.1408052238736e-09	1.74048838661544e-14	3.02071616042542e+16
6.13900825492864e-08	9.23141349968878e-09	1.74008085223452e-14	3.02071603299134e+16
6.92598359549032e-08	1.04157577371121e-08	1.73963839980406e-14	3.02071589460452e+16
7.77956161575683e-08	1.17007219563437e-08	1.73915850180854e-14	3.02071574446059e+16
8.70448401626033e-08	1.3093598216325e-08	1.73863849226555e-14	3.02071558170749e+16
9.70574512359653e-08	1.4602106466921e-08	1.73807556312905e-14	3.02071540544318e+16
1.07885977921572e-07	1.62344161881365e-08	1.73746676096281e-14	3.02071521471307e+16
1.19585587527084e-07	1.79991702659468e-08	1.7368089839228e-14	3.02071500850729e+16
1.32214133355798e-07	1.99055116589804e-08	1.73609897908864e-14	3.0207147857575e+16
1.45832194941192e-07	2.19631135330954e-08	1.73533334018563e-14	3.02071454533344e+16
1.60503110523097e-07	2.41822136857024e-08	1.73450850573928e-14	3.02071428603885e+16
1.76293000990736e-07	2.65736542497237e-08	1.73362075770535e-14	3.02071400660688e+16
1.93270784508659e-07	2.91489278619999e-08	1.73266622061868e-14	3.02071370569465e+16
2.1150818103702e-07	3.19202317072144e-08	1.73164086130393e-14	3.02071338187697e+16
2.31079705958351e-07	3.49005311090525e-08	1.73054048919183e-14	3.02071303363888e+16
2.52062652029238e-07	3.81036346377819e-08	1.72936075728313e-14	3.02071265936693e+16
2.74537058887484e-07	4.15442830470117e-08	1.7280971638024e-14	3.0207122573387e+16
2.98585669363857e-07	4.52382547442661e-08	1.72674505458203e-14	3.02071182571055e+16
3.24293871872586e-07	4.92024909460433e-08	1.72529962621537e-14	3.02071136250298e+16
3.51749628186758e-07	5.34552441792039e-08	1.72375593001591e-14	3.02071086558326e+16
3.81043385943814e-07	5.80162543750304e-08	1.72210887681683e-14	3.02071033264486e+16
4.12267975272759e-07	6.2906957468267e-08	1.72035324264256e-14	3.02070976118308e+16
4.45518488988454e-07	6.81507321752574e-08	1.71848367528042e-14	3.02070914846623e+16
4.80892145859686e-07	7.37731915052659e-08	1.71649470177696e-14	3.02070849150155e+16
5.18488136526516e-07	7.9802526570429e-08	1.71438073687922e-14	3.02070778699504e+16
5.58407451718691e-07	8.62699114259274e-08	1.71213609243671e-14	3.02070703130415e+16
6.00752692510514e-07	9.32099790350936e-08	1.70975498777482e-14	3.02070622038219e+16
6.45627862438318e-07	1.00661380046379e-07	1.70723156104516e-14	3.02070534971303e+16
6.93138141404302e-07	1.08667437932282e-07	1.70455988155249e-14	3.02070441423452e+16
7.43389641394613e-07	1.17276916249033e-07	1.70173396305201e-14	3.02070340824891e+16
7.96489144149785e-07	1.26544916392395e-07	1.69874777800434e-14	3.02070232531787e+16
8.5254382104134e-07	1.36533927348845e-07	1.6955952727693e-14	3.0207011581399e+16
9.11660935529178e-07	1.47315052683099e-07	1.69227038371256e-14	3.02069989840694e+16
9.73947528699356e-07	1.58969444490948e-07	1.68876705419276e-14	3.02069853663679e+16
1.03951008851042e-06	1.71589979473749e-07	1.68507925238972e-14	3.02069706197736e+16
1.1084542035078e-06	1.85283218842613e-07	1.68120098992772e-14	3.02069546197756e+16
1.18088420189888e-06	2.00171701696905e-07	1.67712634124091e-14	3.02069372231943e+16
1.25690277701528e-06	2.16396631150693e-07	1.67284946362196e-14	3.02069182650425e+16
1.33661060032293e-06	2.34121024180275e-07	1.66836461788837e-14	3.02068975548449e+16
1.42010592327288e-06	2.53533410379041e-07	1.66366618959555e-14	3.0206874872317e+16
1.50748416941634e-06	2.74852182093393e-07	1.65874871072053e-14	3.02068499622817e+16
1.59883751833422e-06	2.98330719451227e-07	1.65360688173523e-14	3.0206822528682e+16
1.69425448305346e-06	3.24263439363314e-07	1.64823559398501e-14	3.02067922275129e+16
1.79381948273912e-06	3.52992948732133e-07	1.64262995228454e-14	3.02067586584638e+16
1.89761241256026e-06	3.84918519981249e-07	1.63678529764159e-14	3.02067213550165e+16
2.00570821272893e-06	4.20506153105354e-07	1.63069723001818e-14	3.02066797726885e+16
2.11817643880331e-06	4.60300544593414e-07	1.62436163103889e-14	3.02066332750494e+16
2.23508083542726e-06	5.04939351861726e-07	1.61777468655793e-14	3.02065811170554e+16
2.35647891574841e-06	5.55170224961659e-07	1.61093290899992e-14	3.0206522425151e+16
2.4824215488137e-06	6.11871178546154e-07	1.6038331593941e-14	3.02064561734684e+16
2.61295255728497e-06	6.76075000313883e-07	1.59647266902873e-14	3.02063811553114e+16
2.74810832784621e-06	7.48998542142095e-07	1.58884906066128e-14	3.02062959489367e+16
2.88791743668788e-06	8.32077922714197e-07	1.58096036923124e-14	3.02061988764286e+16
3.03240029245144e-06	9.2701089272621e-07	1.57280506203614e-14	3.02060879542086e+16
3.18156879899887e-06	1.0358078841323e-06	1.56438205834804e-14	3.02059608334022e+16
3.33542604033634e-06	1.16085359378982e-06	1.55569074846749e-14	3.02058147279018e+16
3.49396598996833e-06	1.30498135159512e-06	1.54673101223539e-14	3.02056463275002e+16
3.65717324688866e-06	1.47156300853713e-06	1.5375032370508e-14	3.02054516929015e+16
3.82502280032717e-06	1.66461766895891e-06	1.52800833547449e-14	3.02052261287281e+16
3.997479825266e-06	1.88894330477791e-06	1.518247762536e-14	3.02049640298154e+16
4.17449951061803e-06	2.15027615220845e-06	1.50822353290497e-14	3.02046586950745e+16
4.35602692182135e-06	2.45548383350334e-06	1.49793823813803e-14	3.0204302101995e+16
4.54199689944994e-06	2.81279940148853e-06	1.48739506427116e-14	3.02038846333959e+16
4.73233399527135e-06	3.23210501304572e-06	1.47659781009461e-14	3.02033947462789e+16
4.92695244699865e-06	3.72527574553841e-06	1.46555090652553e-14	3.02028185705407e+16
5.12575619278768e-06	4.30659622920578e-06	1.45425943758317e-14	3.02021394227918e+16
5.32863892632197e-06	4.99326533780273e-06	1.44272916357445e-14	3.02013372175551e+16
5.53548419310883e-06	5.80600722432726e-06	1.43096654721592e-14	3.02003877545986e+16
5.74616552838202e-06	6.76981057935299e-06	1.41897878355226e-14	3.0199261857009e+16
5.9605466367709e-06	7.9148222010306e-06	1.40677383468462e-14	3.01979243297773e+16
6.17848161365464e-06	9.27742587598691e-06	1.39436047049369e-14	3.01963327030351e+16
6.39981520787456e-06	1.09015432553772e-05	1.38174831673587e-14	3.0194435717607e+16
6.62438312523032e-06	1.28401999392757e-05	1.36894791210425e-14	3.01921715031483e+16
6.85201237193754e-06	1.51574074134004e-05	1.35597077608234e-14	3.01894653907984e+16
7.0825216369783e-06	1.7930419850283e-05	1.34282948967366e-14	3.01862272929936e+16
7.31572171203331e-06	2.12524340909231e-05	1.3295377913655e-14	3.01823485729249e+16
7.55141594744722e-06	2.52358113173989e-05	1.31611069097391e-14	3.01776983152323e+16
7.78940074244888e-06	3.00159098921868e-05	1.30256460431734e-14	3.01721188981757e+16
8.0294660676277e-06	3.57556303674969e-05	1.28891751196887e-14	3.01654207561346e+16
8.27139601745822e-06	4.2650785432257e-05	1.27518914563484e-14	3.01573762105005e+16
8.51496939046824e-06	5.09364190825689e-05	1.26140120598894e-14	3.01477122377403e+16
8.75996029446398e-06	6.08942099132647e-05	1.24757761604454e-14	3.01361020368789e+16
9.00613877405998e-06	7.28611022409487e-05	1.23374481436015e-14	3.01221552565323e+16
9.2532714576129e-06	8.72393146321418e-05	1.21993209253096e-14	3.01054067461153e+16
9.50112222052863e-06	0.000104507876866219	1.20617198151166e-14	3.00853037097198e+16
9.74945286180252e-06	0.000125235841634873	1.19250069133495e-14	3.0061191167887e+16
9.99802379056335e-06	0.000150097304232421	1.17895860873659e-14	3.0032295676295e+16
1.02465947193242e-05	0.000179888339619968	1.16559085707635e-14	2.99977073162632e+16
1.04949253605981e-05	0.000215545928752494	1.15244792278145e-14	2.99563600656423e+16
1.07427761235138e-05	0.000258168891875536	1.13958635237493e-14	2.99070107863599e+16
1.09899088070667e-05	0.000309040772390914	1.12706952404539e-14	2.98482172331198e+16
1.12360872866627e-05	0.000369654517716316	1.11496849775692e-14	2.97783157025327e+16
1.14810781906585e-05	0.000441738680468268	1.10336294820112e-14	2.96953992079989e+16
1.17246515636685e-05	0.000527284712154565	1.09234218559822e-14	2.9597297384902e+16
1.1966581513499e-05	0.00062857474143655	1.08200627062913e-14	2.94815597004015e+16
1.22066468386778e-05	0.00074820902075781	1.07246723179807e-14	2.93454439525615e+16
1.24446316336795e-05	0.000889131992160361	1.06385039647155e-14	2.91859124747989e+16
1.26803258690934e-05	0.00105465567219843	1.05629585088193e-14	2.89996388804617e+16
1.29135259441484e-05	0.00124847879798689	1.04996004964603e-14	2.87830285390184e+16
1.31440352091892e-05	0.0014746999275409	1.04501760189505e-14	2.8532256201418e+16
1.33716644558964e-05	0.0017378224692525	1.04166326890895e-14	2.82433242001712e+16
1.35962323732521e-05	0.00204274945466278	1.04011421702851e-14	2.79121443367288e+16
1.38175659674721e-05	0.00239476579784421	1.04061257926168e-14	2.75346458247289e+16
1.40355009443558e-05	0.00279950583959901	1.04342838892807e-14	2.71069103809164e+16
1.42498820527447e-05	0.00326290419122307	1.04886295818998e-14	2.66253336763723e+16
1.44605633880179e-05	0.00379112830403163	1.0572527825367e-14	2.60868098700696e+16
1.46674086548047e-05	0.00439049182038977	1.0689740581616e-14	2.54889329312439e+16
1.4870291388339e-05	0.00506734861715663	1.08444790147507e-14	2.48302051274079e+16
1.50690951341281e-05	0.00582796851870152	1.10414635739126e-14	2.41102397623203e+16
1.52637135858553e-05	0.00667839689008105	1.1285992740446e-14	2.33299424765466e+16
1.54540506816768e-05	0.00762430164641287	1.158402104846e-14	2.2491653740882e+16
1.56400206593054e-05	0.00867081252661204	1.19422467270312e-14	2.15992351484508e+16
1.58215480705087e-05	0.00982235864902775	1.23682089437241e-14	2.06580841913704e+16
1.59985677558607e-05	0.0110825112533964	1.28703941433107e-14	1.96750665792484e+16
1.61710247807995e-05	0.0124538390061734	1.34583503596752e-14	1.86583616388255e+16
1.6338874334238e-05	0.0139377832015234	1.41428076281358e-14	1.76172243196159e+16
1.65020815911584e-05	0.0155345595746733	1.49358017429871e-14	1.65616758273385e+16
1.66606215407904e-05	0.0172430922685508	1.58507975997323e-14	1.5502142689183e+16
1.68144787821278e-05	0.0190609838366167	1.69028072523816e-14	1.44490698922875e+16
1.69636472886753e-05	0.0209845231722199	1.81084966519929e-14	1.34125366460011e+16
1.71081301444388e-05	0.0230087311079719	1.948627385624e-14	1.2401902814269e+16
1.72479392532805e-05	0.0251274413359073	2.10563503923601e-14	1.14255102412604e+16
1.73830950238417e-05	0.027333412460889	2.28407665301714e-14	1.04904567169275e+16
1.7513626032313e-05	0.0296184655556775	2.4863370563775e-14	9.6024523024037e+15
1.76395686653783e-05	0.0319736406519931	2.71497419687146e-14	8.76575939372815e+15
1.77609667456994e-05	0.0343893651942108	2.97270486052596e-14	7.98321042503792e+15
1.78778711423234e-05	0.0368556275838795	3.26238291098132e-14	7.2562913568481e+15
1.79903393683978e-05	0.0393621494783744	3.58696933631288e-14	6.58527552000473e+15
1.80984351685664e-05	0.0418985513357852	3.94949364524597e-14	5.96939104351305e+15
1.82022280983876e-05	0.0444545067484672	4.35300649066378e-14	5.40700567380392e+15
1.83017930980732e-05	0.0470198822325634	4.80052380727035e-14	4.89581480819273e+15
1.83972100627925e-05	0.0495848602355574	5.29496321388428e-14	4.43302144021434e+15
1.84885634117104e-05	0.0521400441409174	5.8390739290463e-14	4.01549990527142e+15
1.85759416578538e-05	0.0546765449199274	6.4353619476665e-14	3.63993839920067e+15
1.86594369808038e-05	0.0571860497890791	7.08601269142338e-14	3.30295792769588e+15
1.87391448041114e-05	0.059660873771244	7.79281373835965e-14	3.0012074782471e+15
1.88151633792278e-05	0.0620939954422677	8.55708051907615e-14	2.73143674852696e+15
1.88875933776189e-05	0.0644790783846134	9.37958801177057e-14	2.49054875316191e+15
1.89565374926163e-05	0.0668104799983953	1.02605114461623e-13	2.27563515395112e+15
1.90221000524273e-05	0.0690832493569529	1.11993788292388e-13	2.08399732034636e+15
1.90843866455975e-05	0.0712931157588764	1.21950377404757e-13	1.9131560323014e+15
1.91435037600854e-05	0.0734364695489561	1.32456383191462e-13	1.76085248152999e+15
1.91995584369769e-05	0.0755103366680125	1.43486337165481e-13	1.62504288309879e+15
1.92526579397321e-05	0.0775123482613363	1.55007985495643e-13	1.50388863363989e+15
1.93029094397224e-05	0.0794407065372215	1.66982651158565e-13	1.39574358321036e+15
1.93504197186884e-05	0.0812941479281998	1.79365763655844e-13	1.29913964886763e+15
1.93952948886162e-05	0.0830719044729694	1.92107539175156e-13	1.21277170146017e+15
1.9437640129408e-05	0.0847736642099728	2.05153788019953e-13	1.13548240775943e+15
1.94775594446002e-05	0.0863995312558982	2.18446821426054e-13	1.06624750689694e+15
1.9515155435267e-05	0.087949986135011	2.31926426750316e-13	1.00416183949791e+15
1.95505290921382e-05	0.0894258468283874	2.45530878555349e-13	948426324205570
1.95837796058539e-05	0.0908282309256045	2.59197953301976e-13	898335983923096
1.96150041951829e-05	0.0921585191847448	2.72865917064312e-13	853269056919229
1.96442979529399e-05	0.093418320739067	2.86474458680963e-13	812677180955113
1.96717537092541e-05	0.0946094401296738	2.99965544765994e-13	776076607131317
1.96974619117628e-05	0.0957338462921975	3.13284177706746e-13	743040380428201
1.97215105222392e-05	0.0967936435812642	3.26379042850336e-13	713191412944889
1.97439849290975e-05	0.0977910448785377	3.39203036218075e-13	686196370981804
1.97649678751684e-05	0.0987283467979095	3.51713669021024e-13	661760296668243
1.97845394000897e-05	0.0996079069742387	3.63873349757274e-13	639621887297926
1.9802776796618e-05	0.100432123399458	3.75649548591962e-13	619549359766934
1.9819754580136e-05	0.101203415751311	3.8701485194882e-13	601336832873017
1.98355444706036e-05	0.101924208645065	3.97946917727906e-13	584801166007325
1.98502153861855e-05	0.102596916726753	4.08428343306519e-13	569779198740295
1.98638334477709e-05	0.10322393151757	4.18446459519277e-13	556125341595182
1.98764619935996e-05	0.103807609912546	4.27993064216601e-13	543709473794620
1.98881616032051e-05	0.104350264232224	4.37064108857284e-13	532415108885203
1.98989901298907e-05	0.104854153723598	4.45659351000504e-13	522137793811919
1.99090027409641e-05	0.10532147740561	4.53781984628741e-13	512783711236313
1.99182519649691e-05	0.105754368154921	4.61438259053232e-13	504268458666088
1.99267877451718e-05	0.10615488792925	4.68637095821778e-13	496515981330462
1.99346574985774e-05	0.106525024028017	4.75389711642143e-13	489457638694796
1.99419061797815e-05	0.106866686293308	4.81709253922255e-13	483031387122194
1.99485763489825e-05	0.107181705158008	4.87610454162712e-13	477181063469663
1.99547082435157e-05	0.107471830452271	4.93109303159665e-13	471855756416004
1.99603398522947e-05	0.107738730884152	4.9822275081268e-13	467009254056950
1.99655069925855e-05	0.107983994115124	5.02968432302629e-13	462599557813097
1.99702433885653e-05	0.108209127356211	5.07364421515211e-13	458588454031291
1.9974580751158e-05	0.108415558415603	5.11429011837997e-13	454941135795379
1.99785488586694e-05	0.108604637133677	5.15180523848294e-13	451625868455955
1.99821756377842e-05	0.108777637146372	5.1863713892652e-13	448613693265945
1.99854872445172e-05	0.108935757922793	5.21816757463297e-13	445878164239325
1.99885081447502e-05	0.109080127027667	5.24736880065797e-13	443395114016455
1.99912611940178e-05	0.109211802563853	5.27414509994992e-13	441142445072828
1.99937677162394e-05	0.109331775754486	5.29866074967614e-13	439099943099706
1.99960475811267e-05	0.109440973628491	5.32107366421004e-13	437249109809561
1.99981192800281e-05	0.109540261777106	5.34153494353596e-13	435573012783105
2e-05	0.109630447152744	5.36018855907543e-13	434056150294552
2.00025e-05	0.109746937918559	8.82046257271952e-13	338881637826562
2.0005e-05	0.109857134789698	1.4510766491508e-12	264641237978810
2.00075e-05	0.109961673915165	2.38664767721037e-12	206710961253398
2.001e-05	0.110061101391526	3.9245962246272e-12	161494107798730
2.00125e-05	0.11015588917114	6.45236298731043e-12	126191177401743
2.0015e-05	0.110246447660413	1.06063772999038e-11	98621916528120.7
2.00175e-05	0.110333135794256	1.74319606410774e-11	77087488151380.1
2.002e-05	0.110416269163546	2.86458637941616e-11	60263587119523.2
2.00225e-05	0.110496126624833	4.70672811026105e-11	47117466878373.8
2.0025e-05	0.110572955715697	7.73254088904863e-11	36843470911739.5
2.00275e-05	0.110646977122165	1.2702090589656e-10	28812903440812.5
2.003e-05	0.110718388387839	2.08632317219143e-10	22535023988302.4
2.00325e-05	0.110787367011992	3.42645098242329e-10	17626679668549.5
2.0035e-05	0.11085407305198	5.6268701024743e-10	13788650252707.1
2.00375e-05	0.110918651320971	9.23955949914794e-10	10787213792625.4
2.004e-05	0.110981233253324	1.51705037347337e-09	8439774849790.1
2.00425e-05	0.111041938495485	2.49066450703881e-09	6603655969622.86
2.0045e-05	0.111100876268967	4.0888286183698e-09	5167353343483.04
2.00475e-05	0.111158146543143	6.71201338910423e-09	4043712918576.88
2.005e-05	0.111213841048554	1.10173866105573e-08	3164603783066.37
2.00525e-05	0.111268044155857	1.80833022101687e-08	2476759302920.91
2.0055e-05	0.11132083364111	2.96791634441157e-08	1938529297593.46
2.00575e-05	0.11137228135445	4.87081481046567e-08	1517343176003.16
2.006e-05	0.111422453806385	7.99334973615736e-08	1187728038956.29
2.00625e-05	0.11147141268351	1.3116994877366e-07	929760082597.931
2.0065e-05	0.111519215303569	2.15238145959013e-07	727854382228.931
2.00675e-05	0.111565915018191	3.53170522832331e-07	569818982060.93
2.007e-05	0.111611561570332	5.79469863704423e-07	446115469033.003
2.00725e-05	0.1116562014124	9.50734581525043e-07	349280885347.041
2.0075e-05	0.111699877990102	1.55980580720778e-06	273475724346.857
2.00775e-05	0.111742631996373	2.55897066257752e-06	214130472348.397
2.008e-05	0.11178450159906	4.19801798051854e-06	167669183473.563
2.00825e-05	0.111825522645568	6.88665196670841e-06	131293278491.254
2.0085e-05	0.111865728847186	1.12968518162422e-05	102812431748.982
2.00875e-05	0.11190515194548	1.85307395001494e-05	80512279491.1698
2.009e-05	0.111943821862799	3.03958733421982e-05	63050924221.6413
2.00925e-05	0.111981766838679	4.98567036829287e-05	49377961031.0055
2.0095e-05	0.112019013553695	8.17749020800488e-05	38671120372.6947
2.00975e-05	0.11205558724214	0.000134123381912914	30286691408.2582
2.01e-05	0.112091511794688	0.000219977047931425	23720726118.5065
2.01025e-05	0.112126809852125	0.000360777182194672	18578678023.8463
2.0105e-05	0.112161502891034	0.000591684173064897	14551640394.393
2.01075e-05	0.112195611302269	0.000970354462932096	11397748449.3068
2.011e-05	0.112229154462928	0.00159133193192428	8927622539.071
2.01125e-05	0.112262150802451	0.0026096447273682	6992973718.35882
2.0115e-05	0.112294617863428	0.00427949527040899	5477684278.33254
2.01175e-05	0.112326572357601	0.00701769617013629	4290825347.06655
2.012e-05	0.112358030217515	0.01150767812479	3361190645.06768
2.01225e-05	0.112389006644215	0.0188700158865038	2633017003.44621
2.0125e-05	0.112419516151357	0.0309420078921536	2062633859.18791
2.01275e-05	0.11244957260603	0.0507360479865584	1615839968.92048
2.013e-05	0.112479189266604	0.0831911116127607	1265849426.5831
2.01325e-05	0.112508378817842	0.136404781361355	991683379.244413
2.0135e-05	0.112537153403519	0.223653065909108	776910686.331187
2.01375e-05	0.112565524656753	0.366701694915176	608661781.727528
2.014e-05	0.112593503728239	0.601234621033584	476856446.079163
2.01425e-05	0.112621101312565	0.985753288659819	373599070.551638
2.0145e-05	0.112648327672748	1.61616560856264	292705070.723621
2.01475e-05	0.112675192663149	2.64970199746772	229329997.645595
2.015e-05	0.112701705750883	4.34412120264947	179679068.419781
2.01525e-05	0.11272787603585	7.12197941367411	140779673.244795
2.0155e-05	0.11275371226948	11.6759851741462	110303200.582921
2.01575e-05	0.112779222872305	19.1417015560718	86425485.4657451
2.016e-05	0.112804415950431	31.3806464577643	67717506.0416449
2.01625e-05	0.112829299310999	51.4443520017567	53059770.0394677
2.0165e-05	0.112853880476713	84.3350528276355	41575255.2479442
2.01675e-05	0.112878166699484	138.2525903643	32576881.935885
2.017e-05	0.11290216497328	226.638294173148	25526367.2514636
2.01725e-05	0.112925882046212	371.525215638865	20001994.6634847
2.0175e-05	0.112949324431923	609.02958660452	15673366.3324711
2.01775e-05	0.112972498420328	998.352015382462	12281625.150328
2.018e-05	0.112995410087745	1636.53133791028	9623961.21997072
2.01825e-05	0.113018065306454	2682.62754597026	7541474.43410636
2.0185e-05	0.113040469753735	4397.35931648578	5909666.01768801
2.01875e-05	0.113062628920407	7208.07253483259	4630989.47739983
2.019e-05	0.113084548118901	11815.2267749422	3629014.82434405
2.01925e-05	0.11310623249091	19366.9301145091	2843856.60438945
2.0195e-05	0.113127687014625	31745.0055929225	2228591.98924298
2.01975e-05	0.113148916511593	52033.8561246369	1746454.48875111
2.02e-05	0.113169925653226	85288.9338698056	1368635.3010283
2.02021215173915e-05	0.113187662107628	85347.4692799202	1367696.63440347
2.02043470762794e-05	0.113206268376844	85408.9185083688	1366712.62645328
2.02066812145066e-05	0.113225782398459	85473.4132208101	1365681.37186266
2.02091286375226e-05	0.113246243511292	85541.0904180818	1364600.90216828
2.02116942230432e-05	0.113267692494356	85612.092626523	1363469.18469824
2.02143830257665e-05	0.113290171606282	85686.5681018679	1362284.12156604
2.02172002821403e-05	0.113313724625179	85764.6710404246	1361043.5487255
2.02201514151802e-05	0.113338396888911	85846.5617952924	1359745.23509377
2.02232420393312e-05	0.113364235335744	85932.4071012692	1358386.88175045
2.02264779653721e-05	0.113391288545349	86022.3803157578	1356966.12121964
2.02298652053576e-05	0.113419606780113	86116.6616496504	1355480.5168434
2.02334099775918e-05	0.113449242026729	86215.4384338505	1353927.56225542
2.02371187116327e-05	0.113480248038025	86318.9053757426	1352304.68096383
2.02409980533181e-05	0.113512680374987	86427.2648329089	1350609.22605163
2.02450548698115e-05	0.113546596448943	86540.7271004821	1348838.4800059
2.02492962546605e-05	0.113582055563856	86659.5107080452	1346989.65468433
2.0253729532863e-05	0.113619118958671	86783.8427290076	1345059.89143024
2.02583622659347e-05	0.113657849849688	86913.9591011836	1343046.26134739
2.02632022569726e-05	0.113698313472891	87050.1049607071	1340945.76574494
2.02682575557065e-05	0.11374057712618	87192.5350071276	1338755.33676328
2.02735364635336e-05	0.113784710211462	87341.5138445958	1336471.83819527
2.0279047538528e-05	0.113830784276531	87497.3163861091	1334092.06651174
2.02847996004176e-05	0.113878873056679	87660.2282539862	1331612.75210578
2.0290801735522e-05	0.113929052515975	87830.5461873864	1329030.56076778
2.0297063301643e-05	0.113981400888151	88008.5784844532	1326342.09540387
2.03035939328984e-05	0.114035998717016	88194.6454673641	1323543.8980105
2.03104035444934e-05	0.114092928896345	88389.0799657135	1320632.45191886
2.03175023374176e-05	0.114152276709147	88592.2278063332	1317604.18432203
2.03249008030623e-05	0.114214129866267	88804.4483573592	1314455.46909852
2.03326097277455e-05	0.114278578544216	89026.115070407	1311182.62994422
2.03406401971374e-05	0.114345715422172	89257.6161005198	1307781.94382631
2.03490036005767e-05	0.114415635718059	89499.3548746532	1304249.64477265
2.03577116352656e-05	0.114488437223626	89751.7507553496	1300581.9280086
2.03667763103368e-05	0.114564220338443	90015.2397301689	1296774.95445353
2.03762099507783e-05	0.114643088102715	90290.2751235811	1292824.85558861
2.03860252012092e-05	0.114725146228849	90577.3283389559	1288727.73870888
2.0396235029492e-05	0.114810503131655	90876.8896638363	1284479.6925677
2.04068527301737e-05	0.11489926995711	91189.4691105335	1280076.79342429
2.04178919277419e-05	0.114991560609585	91515.5972801687	1275515.11150551
2.04293665796864e-05	0.115087491777439	91855.8263347994	1270790.71788729
2.04412909793532e-05	0.115187182956877	92210.7309312952	1265899.69180506
2.04536797585804e-05	0.11529075647399	92580.9092965449	1260838.12839431
2.04665478901037e-05	0.115398337504865	92966.9843176083	1255602.14687353
2.04799106897192e-05	0.115510054093665	93369.6047270014	1250187.89916349
2.04937838181924e-05	0.11562603716859	93789.4462673215	1244591.57895164
2.05081832828997e-05	0.1157464205556	94227.2130843249	1238809.43119423
2.05231254391918e-05	0.115871340989813	94683.6390380342	1232837.76206055
2.05386269914657e-05	0.116000938124468	95159.4891847352	1226672.94930847
2.05547049939331e-05	0.11613535453735	95655.5613151438	1220311.45308432
2.05713768510734e-05	0.116274735734574	96172.6876539653	1213749.82714416
2.05886603177581e-05	0.116419230151627	96711.7364975328	1206984.73047693
2.0606573499035e-05	0.116568989151567	97273.6141234896	1200012.93931562
2.06251348495597e-05	0.116724167020262	97859.2667544465	1192831.3595226
2.0644363172662e-05	0.116884920958594	98469.6826145678	1185437.03932493
2.06642776190355e-05	0.117051411071497	99105.8941489652	1177827.18237603
2.06848976850381e-05	0.117223800353752	99768.9803673028	1169999.16111376
2.07062432105915e-05	0.117402254672426	100460.069325474	1161950.53039224
2.07283343766687e-05	0.117586942745866	101180.340809237	1153679.0413371
2.07511917023567e-05	0.117778036119143	101931.029114264	1145182.65540713
2.07748360414851e-05	0.117975709135864	102713.426033778	1136459.55860195
2.07992885788073e-05	0.118180138906252	103528.884111139	1127508.17577637
2.08245708257256e-05	0.118391505271398	104378.820018212	1118327.18501974
2.08507046155485e-05	0.118609990763617	105264.718134283	1108915.53203432
2.08777120982709e-05	0.118835780562807	106188.134484868	1099272.44446394
2.09056157348665e-05	0.119069062448734	107150.700696299	1089397.44611003
2.09344382910846e-05	0.119310026749166	108154.128479066	1079290.37097505
2.09642028307405e-05	0.119558866283786	109200.214356302	1068951.37705334
2.09949327084928e-05	0.119815776303804	110290.844472964	1058380.95981756
2.10266515620986e-05	0.120080954427208	111428.000078314	1047579.96530845
2.10593833041388e-05	0.120354600569589	112613.763069947	1036549.60276747
2.10931521132083e-05	0.120636916870485	113850.322067687	1025291.45671892
2.11279824245622e-05	0.120928107615182	115139.978922625	1013807.49842721
2.11638989202146e-05	0.121228379151938	116485.155663921	1002100.09665061
2.12009265184832e-05	0.121537939804573	117888.40180099	990172.027594257
2.12390903629766e-05	0.121856999780396	119352.402071613	978026.483994014
2.12784158110182e-05	0.122185771073435	120879.985286366	965667.083226452
2.13189284215071e-05	0.122524467362939	122474.132929733	953097.874376007
2.13606539422099e-05	0.122873303907146	124137.989063957	940323.344161191
2.14036182964849e-05	0.12323249743228	125874.870602849	927348.421649551
2.14478475694351e-05	0.1236022660168	127688.278378676	914178.481666181
2.14933679934928e-05	0.123982828970877	129581.90905659	900819.346823729
2.15402059334345e-05	0.124374406711112	131559.667682357	887277.288100747
2.15883878708286e-05	0.12477722063052	133625.68163736	873559.023891713
2.16379403879183e-05	0.125191492963785	135784.314823678	859671.717468614
2.16888901509443e-05	0.125617446647829	138040.183732247	845622.972785843
2.17412638929091e-05	0.126055305177725	140398.17415648	831420.828579555
2.17950883957914e-05	0.126505292457997	142863.459129192	817073.750713215
2.18503904722146e-05	0.126967632649368	145441.518294515	802590.62273581
2.19071969465777e-05	0.127442550011008	148138.159077499	787980.734606471
2.19655346356568e-05	0.127930268738359	150959.538761115	773253.769585761
2.20254303286864e-05	0.128431012796605	153912.188685947	758419.789269917
2.20869107669306e-05	0.128945005749887	157003.04015285	743489.216773071
2.21500026227562e-05	0.129472470586344	160239.452208279	728472.818060648
2.22147324782192e-05	0.130013629539095	163629.241644754	713381.681471278
2.22811268031788e-05	0.130568703903261	167180.715431205	698227.195453655
2.23492119329532e-05	0.131137913849167	170902.705445404	683021.02455871
2.24190140455325e-05	0.13172147823183	174804.605532099	667775.083774301
2.24905591383653e-05	0.132319614396895	178896.412575481	652501.511235495
2.25638730047374e-05	0.132932537983147	183188.769450249	637212.639434531
2.26389812097595e-05	0.133560462721769	187693.012187791	621920.965007955
2.27159090659857e-05	0.134203600232503	192421.220949903	606639.117216681
2.2794681608682e-05	0.134862159816887	197386.273835878	591379.825246921
2.28753235707672e-05	0.135536348248755	202601.907133259	576155.884457068
2.29578593574484e-05	0.136226369562186	208082.778110696	560980.121729043
2.30423130205763e-05	0.136932424837101	213844.534073997	545865.360068469
2.31287082327429e-05	0.137654711982718	219903.887427833	530824.382629477
2.32170682611487e-05	0.138393425519074	226278.695626384	515869.896331163
2.33074159412662e-05	0.139148756356844	232988.048467518	501014.495246238
2.33997736503257e-05	0.139920891575676	240052.362206487	486270.623957046
2.3494163280654e-05	0.140710014201293	247493.481871664	471650.541063388
2.3590606212893e-05	0.141516302981596	255334.791605342	457166.283033873
2.36891232891305e-05	0.142339932162028	263601.333737519	442829.628611346
2.37897347859717e-05	0.143181071260448	272319.939498529	428652.063954606
2.38924603875852e-05	0.144039884841784	281519.368320167	414644.748723195
2.39973191587551e-05	0.144916532292746	291230.460870398	400818.483287568
2.41043295179715e-05	0.145811167596849	301486.303673916	387183.677258907
2.4213509210594e-05	0.14672393911006	312322.408719986	373750.319518549
2.43248752821222e-05	0.147654989337328	323776.907066517	360527.949922148
2.44384440516082e-05	0.148604454710304	335890.760924454	347525.632835233
2.45542310852456e-05	0.149572465366543	348707.991666105	334751.932661022
2.46722511701723e-05	0.150559144930482	362275.929269421	322214.891496516
2.47925182885212e-05	0.151564610296505	376645.48219253	309922.009041838
2.49150455917577e-05	0.152588971414388	391871.431100814	297880.224878121
2.50398453753383e-05	0.153632331077445	408012.748022555	286095.903204729
2.51669290537296e-05	0.154694784713679	425132.94358574	274574.820116376
2.5296307135823e-05	0.155776420180241	443300.443920598	263322.153481187
2.54279892007839e-05	0.156877317561522	462589.001331981	252342.475457188
2.55619838743714e-05	0.157997548971183	483078.141040096	241639.747678919
2.56982988057672e-05	0.159137178358434	504853.646352214	231217.319107025
2.58369406449498e-05	0.160296261318878	528008.088068206	221077.926536444
2.59779150206513e-05	0.161474844910226	552641.400376984	211223.697727959
2.61212265189346e-05	0.162672967473194	578861.506943548	201656.1571049
2.62668786624265e-05	0.163890658457888	606785.005113942	192376.233953483
2.64148738902436e-05	0.165127938255974	636537.907317724	183384.273038733
2.65652135386464e-05	0.166384818038951	668256.451796405	174680.047528441
2.67178978224577e-05	0.167661299602794	702087.986463993	166262.774117595
2.68729258172792e-05	0.168957375219286	738191.928651172	158131.130210462
2.70302954425414e-05	0.170273027494309	776740.813783604	150283.273027863
2.719000344542e-05	0.171608229233377	817921.436632922	142716.860482847
2.73520453856509e-05	0.172962943314694	861936.099692254	135429.073644106
2.75164156212772e-05	0.174337122569986	909003.964637055	128416.640653674
2.76831072953578e-05	0.175730709673386	959362.537370493	121675.861873074
2.78521123236688e-05	0.177143637038614	1013269.27569518	115202.636122467
2.80234213834261e-05	0.178575826724697	1071003.35225595	108992.487799858
2.81970239030578e-05	0.180027190350457	1132867.5695788	103040.594695704
2.8372908053053e-05	0.18149762901801	1199190.44927499	97341.8163338833
2.85510607379121e-05	0.182987033245468	1270328.51010578	91890.722645633
2.87314675892243e-05	0.184495282909063	1346668.7555716	86681.6228032297
2.89141129598946e-05	0.186022247194885	1428631.37956932	81708.5940315025
2.90989799195415e-05	0.187567784560404	1516672.71910076	76965.5102535047
2.92860502510869e-05	0.189131742705961	1611288.471138	72446.0703815806
2.94753044485559e-05	0.190713958556375	1713017.20044953	68143.8261163066
2.96667217161047e-05	0.192314258252814	1822444.15896726	64052.2091393582
2.98602799682912e-05	0.193932457155059	1940205.4517224	60164.5575316874
3.00559558316029e-05	0.195568359854279	2066992.57030915	56474.1413261653
3.02537246472553e-05	0.19722176019642	2203557.33511472	52974.1870726613
3.04535604752692e-05	0.198892441316301	2350717.26903212	49657.9013463786
3.06554360998386e-05	0.200580175682483	2509361.46476359	46518.4930944901
3.08593230359935e-05	0.202284725152981	2680456.9438022	43549.1947612429
3.10651915375659e-05	0.204005841041849	2865055.60363895	40743.2821554951
3.12730106064588e-05	0.205743264196686	3064301.75598832	38094.0929689438
3.14827480032239e-05	0.207496725087057	3279440.33293947	35595.0439878184
3.16943702589441e-05	0.20926594390384	3511825.80183977	33239.6469036692
3.19078426884207e-05	0.211050630669472	3762931.8542493	31021.5227538411
3.21231294046606e-05	0.212850485359067	4034361.92984033	28934.4150097462
3.23401933346571e-05	0.214665198032346	4327860.64230927	26972.2012789081
3.25589962364568e-05	0.216494448976325	4645326.17485011	25128.9036788226
3.27794987175023e-05	0.218337908858659	4988823.7326371	23398.6978891317
3.30016602542393e-05	0.220195238891566	5360600.11517992	21775.9209453675
3.32254392129732e-05	0.222066091006197	5763099.51354471	20255.0777909066
3.34507928719611e-05	0.223950108037322	6198980.61241092	18830.8466391459
3.36776774447197e-05	0.225846923918202	6671135.0895191	17498.0832321763
3.39060481045315e-05	0.227756163885456	7182707.64583292	16251.8239983394
3.41358590101256e-05	0.229677444693768	7737117.61365755	15087.28822568
3.4367063332512e-05	0.231610374840225	8338082.32935218	13999.8792759547
3.4599613282943e-05	0.23355455479808	8989642.33062889	12985.1849241777
3.48334601419745e-05	0.235509577259719	9696188.52829356	12038.9768913565
3.50685542896001e-05	0.237475027388581	10462491.4882737	11157.2096231141
3.53048452364254e-05	0.239450483079793	11293732.9371731	10336.0183827493
3.55422816558524e-05	0.241435515229233	12195539.6500001	9571.71675397056
3.5780811417239e-05	0.243429688010756	13174019.861077	8860.79357475033
3.60203816199984e-05	0.245432559161274	14235802.3329866	8199.90939518043
3.62609386286027e-05	0.247443680273392	15388078.2391859	7585.89250692929
3.65024281084502e-05	0.249462597095273	16638646.0402112	7015.7346111093
3.67447950625587e-05	0.251488849837402	17995959.4593198	6486.58616916063
3.69879838690426e-05	0.253521973485903	19469178.7625479	5995.75150496578
3.72319383193312e-05	0.25556149812206	21068225.4652895	5540.68369353292
3.74766016570859e-05	0.257606949247664	22803840.6403107	5118.97928829364
3.77219166177687e-05	0.25965784811583	24687646.9706735	4728.37293755727
3.796782546882e-05	0.261713712066882	26732214.6796803	4366.73191410084
3.82142700503945e-05	0.263774054868928	28951131.495809	4032.05060650391
3.8461191816611e-05	0.265838387062707	31359076.7919016	3722.44500699651
3.87085318772648e-05	0.267906216310327	33971899.9503526	3436.14722011136
3.89562310399549e-05	0.269977047747451	36806703.1809108	3171.50000644162
3.92042298525741e-05	0.272050384338532	39881928.7368568	2926.95142932068
3.94524686461131e-05	0.274125727234663	43217450.7241945	2701.04956181616
3.97008875777254e-05	0.276202576133613	46834671.4363655	2492.43732938928
3.99494266740029e-05	0.278280429641622	50756622.3068924	2299.84747169605
4.01980258744084e-05	0.28035878563651	55008069.4837815	2122.09764344237
4.04466250748138e-05	0.282437141631666	59615623.8648941	1958.08566798625
4.06951641710913e-05	0.284514995140482	64607855.6617776	1806.78495708369
4.09435831027036e-05	0.286591844040779	70015413.2357891	1667.24008795352
4.11918218962426e-05	0.288667186938806	75871146.1277255	1538.56255898199
4.14398207088618e-05	0.290740523532343	82210231.9747814	1419.92671442816
4.16875198715519e-05	0.292811354972496	89070307.1060566	1310.56585524291
4.19348599322057e-05	0.294879184223735	96491600.4481534	1209.76852138708
4.21817816984222e-05	0.296943516421741	104517070.319182	1116.87494500956
4.24282262799967e-05	0.299003859228646	113192543.647857	1031.27369070406
4.2674135131048e-05	0.301059723185214	122566857.120307	952.398460565777
4.29194500917308e-05	0.303110622059582	132691999.576726	879.72507021254
4.31641134294855e-05	0.305156073192106	143623254.981906	812.768587015674
4.34080678797741e-05	0.307195597835936	155419345.189569	751.08063293521
4.3651256686258e-05	0.309228721492903	168142571.641002	694.246839116148
4.38936236403665e-05	0.311254974244333	181858955.056695	641.884455104384
4.4135113120214e-05	0.313273891076395	196638372.037921	593.640096260874
4.43756701288183e-05	0.315285012199623	212554687.561042	549.187637230763
4.46152403315777e-05	0.317287883362233	229685882.012906	508.226228879024
4.48537700929643e-05	0.319282056156888	248114171.617912	470.478451078615
4.50912065123913e-05	0.321267088320558	267926120.801747	435.688580871312
4.53274974592166e-05	0.323242544027163	289212745.0655	403.620973750218
4.55625916068422e-05	0.32520799417265	312069602.854837	374.058561639755
4.57964384658737e-05	0.327163016652214	336596874.870656	346.801443839455
4.60289884163047e-05	0.329107196629372	362899429.145864	321.665581876433
4.62601927386911e-05	0.331040126796588	391086870.25783	298.48158366947
4.64900036442852e-05	0.332961407627199	421273570.894053	277.093573437179
4.6718374304097e-05	0.334870647618379	453578684.144706	257.358144303631
4.69452588768556e-05	0.336767463524901	488126134.69305	239.143384810992
4.71706125358435e-05	0.338651480583481	525044587.187239	222.327979041955
4.73943914945774e-05	0.340522332727475	564467390.206547	206.800371738081
4.76165530313144e-05	0.342379662791758	606532493.964091	192.457996955655
4.78370555123599e-05	0.344223122707584	651382340.350941	179.206561999662
4.80558584141596e-05	0.34605237368728	699163723.707588	166.959390277756
4.82729223441561e-05	0.347867086398615	750027620.932995	155.636810451958
4.8488209060396e-05	0.349666941128718	804128989.706042	145.165594100093
4.87016814898726e-05	0.35145162793743	861626533.652649	135.478437997569
4.89133037455928e-05	0.353220846799984	922682433.512431	126.513484396549
4.91230411423579e-05	0.354974307738942	987462043.567028	118.213881280547
4.93308602112508e-05	0.356711730945307	1056133552.75553	110.527375916445
4.95367287128232e-05	0.35843284688877	1128867610.20326	103.405941455151
4.97406156489781e-05	0.360137396417061	1205836915.07403	96.8054324420271
4.99424912735475e-05	0.361825130844363	1287215770.98371	90.6852691450309
5.01423271015614e-05	0.363495812028824	1373179605.44492	85.0081455983994
5.03400959172138e-05	0.365149212439135	1463904455.1867	79.7397623075604
5.05357717805255e-05	0.366785115210248	1559566418.43592	74.8485809597066
5.0729330032712e-05	0.36840331418824	1660341075.57227	70.3055975993174
5.09207473002608e-05	0.370003613964411	1766402879.95451	66.0841361009693
5.11100014977298e-05	0.371585829898672	1877924520.97708	62.1596568048042
5.12970718292752e-05	0.373149788132317	1995076261.7613	58.5095816791757
5.14819387889221e-05	0.374695325590292	2118025254.2026	55.1131342325487
5.16645841595924e-05	0.37622228997306	2246934834.419	51.9511912334258
5.18449910109047e-05	0.377730539738211	2381963801.92977	49.0061482262176
5.20231436957637e-05	0.379219944071949	2523265686.16213	46.2617949124234
5.21990278457589e-05	0.380690382850617	2670988004.16114	43.703201439036
5.23726303653906e-05	0.382141746592433	2825271513.60123	41.3166139782408
5.25439394251479e-05	0.383573936399613	2986249465.40702	39.0893589769499
5.27129444534589e-05	0.384986863891073	3154046860.46385	37.0097547570011
5.28796361275395e-05	0.386380451125926	3328779715.03554	35.0670315631748
5.30440063631658e-05	0.387754630517973	3510554339.59502	33.2512569934934
5.32060483033967e-05	0.389109344741418	3699466635.88459	31.5532686944086
5.33657563062753e-05	0.390444546628052	3895601416.96245	29.964611801262
5.35231259315376e-05	0.391760199056133	4099031755.0466	28.4774820213948
5.3678153926359e-05	0.39305627483122	4309818361.85433	27.0846729652179
5.38308382101703e-05	0.394332756559232	4528009006.02894	25.7795286563213
5.39811778585731e-05	0.395589636511977	4753637972.11323	24.5558990813493
5.41291730863902e-05	0.396826916485446	4986725565.2934	23.4080998381234
5.42748252298821e-05	0.398044607651141	5227277665.93159	22.3308751550559
5.44181367281654e-05	0.399242730400722	5475285337.58738	21.3193636926974
5.45591111038669e-05	0.400421314184276	5730724491.93995	20.3690674333431
5.46977529430495e-05	0.401580397342491	5993555613.63932	19.4758228142595
5.48340678744453e-05	0.402720026933034	6263723547.75114	18.6357746100762
5.49680625480328e-05	0.403840258551456	6541157352.02087	17.84535164353
5.50997446129937e-05	0.404941156146902	6825770215.75959	17.1012445320427
5.52291226950871e-05	0.406022791832954	7117459446.68598	16.4003853688957
5.53562063734784e-05	0.407085245693915	7416106526.58435	15.7399289472347
5.5481006157059e-05	0.408128605586836	7721577236.15776	15.1172355498556
5.56035334602955e-05	0.409152966939604	8033721848.96012	14.5298550668654
5.57238005786444e-05	0.410158432545411	8352375393.80319	13.9755124430057
5.58418206635711e-05	0.411145112353899	8677357984.5515	13.4520943337714
5.59576076972086e-05	0.412113123259304	9008475215.74266	12.9576368387537
5.60711764666945e-05	0.413062588885905	9345518622.00306	12.4903141251522
5.61825425382227e-05	0.413993639371091	9688266198.80529	12.0484277976396
5.62917222308452e-05	0.414906411146337	10036482981.6731	11.6303977479042
5.63987325900616e-05	0.415801046716404	10389921680.5694	11.234752881121
5.65035913612315e-05	0.416677694437066	10748323365.8375	10.860123225369
5.6606316962845e-05	0.417536508291634	11111418201.7339	10.5052323851161
5.67069284596862e-05	0.418377647666606	11478926223.3205	10.1688906175002
5.68054455359237e-05	0.419201277126695	11850558152.216	9.84998841079777
5.69018884681628e-05	0.420007566189535	12226016246.5115	9.54749069054654
5.6996278098491e-05	0.420796689100338	12604995179.9938	9.26043137667425
5.70886358075505e-05	0.421568824606772	12987182945.6701	8.98790835186173
5.7178983487668e-05	0.422324155734319	13372261778.5493	8.72907888265976
5.72673435160738e-05	0.423062869562386	13759909092.5604	8.48315536182824
5.73537387282404e-05	0.423785157001401	14149798426.5218	8.24940134269474
5.74381923913683e-05	0.424491212571153	14541600394.0831	8.02712793204558
5.75207281780496e-05	0.425181234180611	14934983632.6927	7.81569037136665
5.76013701401347e-05	0.425855422909447	15329615746.7288	7.61448503152319
5.7680142682831e-05	0.426513982791488	15725164240.0945	7.42294650285272
5.77570705390572e-05	0.427157120600319	16121297433.7823	7.24054483002611
5.78321787440793e-05	0.427785045637231	16517685364.0988	7.06678322335942
5.79054926104514e-05	0.428397969521718	16914000657.5182	6.90119564760823
5.79770377032842e-05	0.428996105984719	17309919378.3699	6.74334480845301
5.80468398158635e-05	0.42957967066478	17705121845.8606	6.59282009214032
5.81149249456379e-05	0.430148880907308	18099293417.2459	6.44923587725804
5.81813192705975e-05	0.430703955567088	18492125234.2502	6.31222974165239
5.82460491260605e-05	0.431245114814217	18883314930.1887	6.18146097491833
5.83091409818861e-05	0.431772579943595	19272567295.5476	6.0566091100956
5.83706214201303e-05	0.432286573188123	19659594900.1354	5.93737261712429
5.84305171131599e-05	0.432787317535732	20044118670.229	5.82346758785465
5.8488854802239e-05	0.433275036550357	20425868419.4829	5.71462661525836
5.85456612766021e-05	0.433749954196989	20804583332.6755	5.61059775132838
5.86009633530253e-05	0.434212294670878	21180012401.7099	5.51114346271894
5.86547878559076e-05	0.434662282231015	21551914813.5572	5.41603970280169
5.87071615978724e-05	0.435100141037949	21920060290.1469	5.32507509378034
5.87581113608984e-05	0.435526094996038	22284229380.479	5.23805005584385
5.88076638779882e-05	0.435940367600199	22644213705.4902	5.1547761192843
5.88558458153822e-05	0.436343181787206	22999816156.4536	5.0750751852824
5.89026837553239e-05	0.436734759791603	23350851047.9329	4.99877891197042
5.89482041793816e-05	0.437115323006274	23697144226.4795	4.92572806498763
5.89924334523318e-05	0.437485091847697	24038533136.5018	4.85577201035091
5.90353978066068e-05	0.43784428562593	24374866844.8614	4.78876812584035
5.90771233273096e-05	0.438193122419326	24706006025.9182	4.72458135817113
5.91176359377985e-05	0.438531818954015	25031822908.8729	4.66308375450036
5.91569613858402e-05	0.438860590488147	25352201189.3659	4.60415403455789
5.91951252303335e-05	0.43917965070089	25667035907.3648	4.54767716244859
5.92321528286021e-05	0.439489211586204	25976233293.468	4.49354402456421
5.92680693242545e-05	0.439789483351333	26279710585.7837	4.4416510446658
5.93028996356084e-05	0.440080674320045	26577395819.5952	4.39189986362068
5.93366684446779e-05	0.440362990840551	26869227592.0211	4.34419704954841
5.93694001867181e-05	0.4406366371981	27155154803.9046	4.29845381009463
5.94011190403239e-05	0.440901815532196	27435136381.1533	4.25458570172779
5.94318489180763e-05	0.441158725758409	27709140977.6987	4.21251241695215
5.94616134577321e-05	0.44140756549471	27977146662.2511	4.17215752471113
5.94904360139502e-05	0.441648529992299	28239140590.9456	4.1334482597381
5.95183396505458e-05	0.441881812070855	28495118667.9401	4.09631531878501
5.95453471332682e-05	0.442107602058151	28745085195.9396	4.06069266641032
5.95714809230911e-05	0.442326087733962	28989052518.5714	4.02651735911988
5.95967631700094e-05	0.4425374542782	29227040656.4367	3.99372937141976
5.96212157073316e-05	0.4427418842232	29459076938.5974	3.96227144125919
5.964486004646e-05	0.442939557410082	29685195631.1489	3.93208891574713
5.9667717372148e-05	0.443130650949096	29905437564.4551	3.90312961640064
5.96898085382252e-05	0.443315339183886	30119849760.5136	3.87534371086993
5.97111540637786e-05	0.443493793659563	30328485061.8337	3.84868358272055
5.97317741297812e-05	0.443666183094518	30531401763.1002	3.82310371604628
5.97516885761547e-05	0.443832673355865	30728663246.8129	3.79856059619491
5.9770916899257e-05	0.443993427438436	30920337623.9785	3.77501259994395
5.97894782497817e-05	0.444148605447222	31106497380.8533	3.75241989473954
5.98073914310586e-05	0.444298364583158	31287219032.623	3.73074436146007
5.98246748977433e-05	0.444442859132178	31462582784.832	3.70994949491701
5.98413467548836e-05	0.444582240457398	31632672203.2675	3.69000033181765
5.9857424757351e-05	0.444716656994373	31797573892.935	3.67086337810888
5.98729263096249e-05	0.444846254249284	31957377186.6609	3.6525065288752
5.9887868465917e-05	0.444971174799985	32112173843.7955	3.63489900600084
5.99022679306243e-05	0.445091558299786	32262057759.3978	3.61801129909928
5.99161410590975e-05	0.445207541483877	32407124684.2267	3.60181509458186
5.9929503858713e-05	0.445319258178292	32547471955.781	3.58628323105011
5.99423719902363e-05	0.445426839311304	32683198240.5783	3.5713896389288
5.99547607694635e-05	0.445530412927153	32814403287.795	3.5571092909492
5.99666851691303e-05	0.445630104201999	32941187694.3398	3.54341815924288
5.99781598210748e-05	0.44572603546201	33063652681.3769	3.53029316666684
5.9989199018643e-05	0.44581832620347	33181899882.2681	3.51771214416545
5.99998167193247e-05	0.445907093114811	33296031141.8673	3.50565378963991
6.00100265476075e-05	0.445992450100483	33406148327.0461	3.49409763496231
6.00198417980384e-05	0.446074508306539	33512353148.3076	3.48302400578483
6.00292754384799e-05	0.446153376147865	33614746992.3057	3.47241398663768
6.00383401135511e-05	0.446229159336943	33713430765.0612	3.46224939370694
6.004704814824e-05	0.446301960914056	33808504745.638	3.45251273834186
6.00554115516793e-05	0.446371881278847	33900068450.0227	3.44318720307748
6.00634420210712e-05	0.446439018223139	33988220504.9314	3.43425660724764
6.00711509457544e-05	0.446503466964931	34073058531.2505	3.42570539007937
6.00785494113991e-05	0.446565320183473	34154679036.8042	3.41751857675115
6.00856482043233e-05	0.446624668055347	34233177318.1315	3.4096817621206
6.00924578159183e-05	0.446681598291469	34308647370.9463	3.40218108058182
6.00989884471737e-05	0.446736196174918	34381181808.9458	3.39500319172089
6.01052500132947e-05	0.446788544599537	34450871790.6313	3.38813525669517
6.01112521483992e-05	0.446838724109204	34517806953.799	3.38156491819253
6.01170042102887e-05	0.446886812937715	34582075357.3594	3.3752802833096
6.01225152852831e-05	0.446932887049206	34643763430.1462	3.36926990441642
6.01277941931102e-05	0.446977020179032	34702955926.3721	3.36352276295072
6.01328494918441e-05	0.447019283875049	34759735887.396	3.3580282536488
6.0137689482882e-05	0.447059747539226	34814184609.4729	3.35277616860118
6.01423222159538e-05	0.447098478469523	34866381617.1557	3.34775668306647
6.01467554941562e-05	0.447135541901982	34916404642.0301	3.34296033999456
6.01509968790052e-05	0.447171001052959	34964329606.4718	3.33837803734699
6.01550536954986e-05	0.447204917161457	35010230612.1149	3.33400101535437
6.0158933037184e-05	0.447237349531492	35054179932.7378	3.32982084437128
6.01626417712249e-05	0.447268355574444	35096248011.2776	3.32582941128065
6.01661865434591e-05	0.447297990851354	35136503460.6912	3.32201891032206
6.01695737834446e-05	0.447326309115098	35175013068.3933	3.31838182959375
6.01728097094855e-05	0.447353362352417	35211841804.0112	3.31491094304169
6.01759003336365e-05	0.447379200825748	35247052830.2057	3.3115992984105
6.01788514666764e-05	0.447403873114805	35280707516.3144	3.30844020796039
6.01816687230502e-05	0.447427426157902	35312865454.5887	3.30542723972491
6.01843575257735e-05	0.447449905292945	35343584478.8027	3.30255420781628
6.01869231112941e-05	0.447471354298085	35372920685.0224	3.29981516398575
6.01893705343101e-05	0.447491815431995	35400928454.3334	3.29720438857293
6.01917046725373e-05	0.447511329473726	35427660477.336	3.2947163835271
6.01939302314252e-05	0.447529935762137	35453167780.2259	3.29234586373059
6.01960517488167e-05	0.447547672234849	35477499752.2871	3.29008774985141
6.01980735995503e-05	0.447564575466721	35500704174.6336	3.28793716123981
6.02e-05	0.447580680707806	35522827250.0464	3.28588940836079
6.02025e-05	0.447601644062149	41112096747.6558	2.00468931815076
6.0205e-05	0.447622733874915	47581032871.7956	1.22303519249185
6.02075e-05	0.447643951681052	55068121965.9885	0.746154130773029
6.021e-05	0.447665299043623	63733659242.3968	0.455214229727424
6.02125e-05	0.447686777554503	73763184439.3867	0.277715892543462
6.0215e-05	0.447708388835086	85371458921.3386	0.169427262995282
6.02175e-05	0.447730134537023	98807069585.4597	0.103362608667461
6.022e-05	0.447752016342978	114357758404.86	0.0630581489063125
6.02225e-05	0.44777403596741	132356592027.763	0.0384694968281168
6.0225e-05	0.447796195157378	153189103902.152	0.023468713845515
6.02275e-05	0.447818495693376	177301562297.112	0.0143172483607233
6.023e-05	0.44784093939019	205210541787.489	0.00873428356511145
6.02325e-05	0.447863528097783	237514003791.294	0.0053283460818945
6.0235e-05	0.447886263702213	274904124189.4	0.00325053563570968
6.02375e-05	0.447909148126577	318182143623.049	0.00198296378056228
6.024e-05	0.447932183331988	368275559563.889	0.00120968401067629
6.02425e-05	0.447955371318583	426258029614.638	0.000737949032525554
6.0245e-05	0.447978714126568	493372413822.279	0.000450171547905455
6.02475e-05	0.448002213837296	571057451319.514	0.000274616684670115
6.025e-05	0.448025872574376	660978644807.54	0.000167522426284298
6.02525e-05	0.448049692504835	765064016959.569	0.000102191813514249
6.0255e-05	0.448073675840302	885545507674.132	6.23384992744533e-05
6.02575e-05	0.448097824838246	1025006902554.63	3.80271364547323e-05
6.026e-05	0.448122141803254	1186439323609.42	2.319679082311e-05
6.02625e-05	0.448146629088346	1373305476017.74	1.41500882658612e-05
6.0265e-05	0.448171289096353	1589614033402.04	8.6315205636596e-06
6.02675e-05	0.448196124281327	1840005762443.91	5.26516933721808e-06
6.027e-05	0.448221137150013	2129853240619.53	3.2116943393146e-06
6.02725e-05	0.448246330263371	2465376313761.66	1.95908307308675e-06
6.0275e-05	0.448271706238152	2853775779392.36	1.1950009061346e-06
6.02775e-05	0.448297267748537	3303388174681.65	7.28920736962381e-07
6.028e-05	0.448323017527829	3823865002949.32	4.44620022719934e-07
6.02825e-05	0.448348958370221	4426380259631.88	2.712028926937e-07
6.0285e-05	0.448375093132615	5123870729091.85	1.65423100868714e-07
6.02875e-05	0.448401424736525	5931314230629.86	1.00900770890251e-07
6.029e-05	0.448427956170045	6866051810967.68	6.15444995669563e-08
6.02925e-05	0.448454690489898	7948160828998.85	3.75387998795179e-08
6.0295e-05	0.44848163082356	9200886977196.98	2.28964338981159e-08
6.02975e-05	0.448508780371477	10651144556741.4	1.39653419818436e-08
6.03e-05	0.44853614240936	12330095797457.1	8.51787987827485e-09
6.03025e-05	0.448563720290586	14273821721271.1	5.19526368510993e-09
6.0305e-05	0.448591517448683	16524099025785.6	3.16869008727567e-09
6.03075e-05	0.448619537399927	19129299756088.5	1.93262662829696e-09
6.031e-05	0.448647783746047	22145433187106.2	1.17872396196521e-09
6.03125e-05	0.44867626017704	25637352413950.1	7.18906083927723e-10
6.0315e-05	0.448704970474108	29680151710068	4.38458033416905e-10
6.03175e-05	0.448733918512721	34360784839952.6	2.67411241992251e-10
6.032e-05	0.448763108265812	39779939294879	1.6308986620627e-10
6.03225e-05	0.448792543807111	46054206959208.1	9.94649125127559e-11
6.0325e-05	0.44882222931463	53318598133608.8	6.06608333212754e-11
6.03275e-05	0.448852169074289	61729453277342	3.69949377837102e-11
6.033e-05	0.448882367483717	71467815448347.5	2.25616892925961e-11
6.03325e-05	0.448912829056206	82743336403250.4	1.37592965145101e-11
6.0335e-05	0.448943558424842	95798800887238.4	8.39104530523145e-12
6.03375e-05	0.448974560346808	110915367049340	5.11718404888098e-12
6.034e-05	0.449005839707863	128418636450884	3.12062121837789e-12
6.03425e-05	0.44903740152699	148685685135697	1.90303175563497e-12
6.0345e-05	0.449069250961213	172153208091050	1.1605019649378e-12
6.03475e-05	0.449101393310548	199326953601521	7.07685825118212e-13
6.035e-05	0.449133834023081	230792652014881	4.31548675637305e-13
6.03525e-05	0.449166578700107	267228675909321	2.63156228881851e-13
6.0355e-05	0.44919963310126	309420706283214	1.60469312541408e-13
6.03575e-05	0.44923300314954	358278723004465	9.78508710772941e-14
6.036e-05	0.449266694936055	414856688314504	5.96666503738018e-14
6.03625e-05	0.449300714724272	480375350771970	3.63825190092726e-14
6.0365e-05	0.449335068953431	556248664945608	2.21844110249888e-14
6.03675e-05	0.449369764240674	644114400884782	1.35268587258175e-14
6.037e-05	0.449404807381219	745869608646605	8.24783183644718e-15
6.03725e-05	0.449440205345653	863711708917640	5.02893832438018e-15
6.0375e-05	0.44947596527306	1.00018610334084e+15	3.06624154459349e-15
6.03775e-05	0.449512094458148	1.15824134020903e+15	1.86951878195307e-15
6.038e-05	0.44954860032984	1.34129303577834e+15	1.13984707376881e-15
6.03825e-05	0.449585490417777	1.55329794212325e+15	6.94954716242604e-16
6.0385e-05	0.449622772301787	1.79883977326308e+15	4.2370098072369e-16
6.03875e-05	0.449660453537416	2.08322865688358e+15	2.58318421687827e-16
6.039e-05	0.449698541547932	2.41261637459897e+15	1.57486807521535e-16
6.03925e-05	0.449737043469419	2.79412989535832e+15	9.60120890554339e-17
6.0395e-05	0.449775965930404	3.23602610081428e+15	5.85330182804044e-17
6.03975e-05	0.449815314740132	3.74787105552575e+15	3.5683744117739e-17
6.04e-05	0.449855094449576	4.34074769631432e+15	2.17540865586042e-17
6.04026298612438e-05	0.449897155952302	4.34781589543591e+15	2.17205017243564e-17
6.04057962056276e-05	0.449947762070316	4.35633522567981e+15	2.16801681273514e-17
6.04095937579626e-05	0.450008404911775	4.36656618866483e+15	2.1631941198557e-17
6.04141307674993e-05	0.450080782395901	4.37880834449409e+15	2.15745331328718e-17
6.04195302970464e-05	0.450166814875569	4.39340480724746e+15	2.15065073747832e-17
6.04259315126824e-05	0.450268660484276	4.41074707316518e+15	2.14262764366043e-17
6.04334909470069e-05	0.450388728440358	4.43128019455267e+15	2.13321041534163e-17
6.0442383704408e-05	0.450529689410219	4.45550831539134e+15	2.12221136082996e-17
6.04528045724544e-05	0.450694481901562	4.48400058779177e+15	2.10943020536301e-17
6.04649689993934e-05	0.450886313533737	4.5173974909623e+15	2.0946564185069e-17
6.0479113894055e-05	0.451108655923871	4.55641757501824e+15	2.07767250655951e-17
6.04954982014158e-05	0.451365231844718	4.6018646488681e+15	2.05825838154559e-17
6.0514403204874e-05	0.45165999326557	4.65463542202172e+15	2.03619688476721e-17
6.0536132505153e-05	0.451997088895186	4.71572759110615e+15	2.0112804908985e-17
6.05610116258865e-05	0.452380819921004	4.78624832888531e+15	1.98331914641183e-17
6.05893871975408e-05	0.452815582798152	4.86742308145174e+15	1.9521491035778e-17
6.06216256745797e-05	0.453305798200926	4.96060450192109e+15	1.91764250088132e-17
6.06581115458015e-05	0.453855825623004	5.06728123965912e+15	1.8797173183174e-17
6.06992450046713e-05	0.454469863611943	5.18908615580012e+15	1.83834721148847e-17
6.07454390552777e-05	0.455151836254638	5.32780334210467e+15	1.79357061550903e-17
6.07971160402164e-05	0.455905267292133	5.48537307638382e+15	1.74549842547529e-17
6.08547035891553e-05	0.456733144123382	5.66389355285646e+15	1.69431952330632e-17
6.0918630000874e-05	0.457637774934575	5.86561788535212e+15	1.64030344869791e-17
6.09893190869422e-05	0.458620643225634	6.09294451086786e+15	1.583799617765e-17
6.106718452155e-05	0.45968226504412	6.34839875077616e+15	1.52523268146647e-17
6.11526237589246e-05	0.460822055207108	6.63460296621518e+15	1.46509388042484e-17
6.1246011596763e-05	0.462038209606113	6.95423254603652e+15	1.40392857324118e-17
6.13476934806455e-05	0.463327611246096	7.30995498829899e+15	1.34232045923452e-17
6.14579786598834e-05	0.464685767856099	7.70434970058993e+15	1.28087334176213e-17
6.15771333191013e-05	0.466106788614585	8.13980698298184e+15	1.22019153983456e-17
6.17053738214554e-05	0.467583406656312	8.61840609186851e+15	1.16086021344759e-17
6.18428602081776e-05	0.469107052497189	9.1417743898276e+15	1.1034268944729e-17
6.19896901045916e-05	0.470667981302068	9.71093235000653e+15	1.04838540176775e-17
6.21458931844243e-05	0.47225545406666	1.03261324436034e+16	9.9616307988362e-18
6.23114263418038e-05	0.473857969411856	1.09867033514812e+16	9.4711196866881e-18
6.24861697135602e-05	0.475463539014247	1.16909139659605e+16	9.01504133323556e-18
6.26699236832675e-05	0.477059996030232	1.24358735937445e+16	8.59531013142029e-18
6.28624069829386e-05	0.478635322595637	1.32174849025417e+16	8.21306329517104e-18
6.30632559886635e-05	0.480177980012774	1.40304638756608e+16	7.86871864311571e-18
6.3272025283136e-05	0.481677223958645	1.4868436098688e+16	7.56205295569965e-18
6.34881895315124e-05	0.483123387249692	1.57241113741732e+16	7.29229257741752e-18
6.37111466880542e-05	0.4845081145011	1.65895298143468e+16	7.05820862172271e-18
6.39402225203398e-05	0.485824536330018	1.74563635748732e+16	6.85821044861572e-18
6.41746764063815e-05	0.487067375257796	1.8316250879159e+16	6.690432730877e-18
6.44137083287072e-05	0.488232980663989	1.9161134408929e+16	6.55281313111419e-18
6.4656466959351e-05	0.48931929542411	1.99835754348579e+16	6.44315916172729e-18
6.49020587017047e-05	0.490325761608697	2.07770183702424e+16	6.3592040540664e-18
6.51495575302463e-05	0.491253176320188	2.15359870634316e+16	6.29865235836315e-18
6.53980154481049e-05	0.492103511066792	2.22562027826939e+16	6.25921653475898e-18
6.56464733659634e-05	0.492879708913502	2.29346228997175e+16	6.23864602556136e-18
6.5893972194505e-05	0.493585473119365	2.3569407274019e+16	6.23475029221723e-18
6.61395639368587e-05	0.494225059343584	2.41598252334435e+16	6.24541713710073e-18
6.63823225675025e-05	0.494803081151979	2.47061193585005e+16	6.26862738330166e-18
6.66213544898283e-05	0.495324335869273	2.52093430795034e+16	6.3024667140759e-18
6.68558083758699e-05	0.495793655146777	2.56711878552581e+16	6.34513521918932e-18
6.70848842081555e-05	0.496215782210107	2.60938130950962e+16	6.39495498290748e-18
6.73078413646973e-05	0.49659527577839	2.64796887082948e+16	6.4503758888459e-18
6.75240056130737e-05	0.496936439171502	2.68314568034351e+16	6.50997971115751e-18
6.77327749075462e-05	0.497243272135891	2.7151816028366e+16	6.57248250410343e-18
6.79336239132711e-05	0.497519442362715	2.7443429570477e+16	6.63673528418707e-18
6.81261072129423e-05	0.49776827345776	2.77088560049099e+16	6.70172301093576e-18
6.83098611826495e-05	0.49799274615854	2.795050095514e+16	6.76656190458211e-18
6.8484604554406e-05	0.498195509794896	2.81705868242148e+16	6.83049518274751e-18
6.86501377117854e-05	0.498378901285956	2.83711375500896e+16	6.89288734635255e-18
6.88063407916182e-05	0.498544969306855	2.85539753210037e+16	6.95321719117844e-18
6.89531706880321e-05	0.498695501608793	2.87207263590691e+16	7.01106976081627e-18
6.90906570747544e-05	0.498832053815285	2.88728331662043e+16	7.06612748548752e-18
6.92188975771084e-05	0.498955978335281	2.901157097144e+16	7.11816076707931e-18
6.93380522363263e-05	0.499068452325971	2.91380664852621e+16	7.16701827279509e-18
6.94483374155642e-05	0.499170503903258	2.92533174308758e+16	7.21261718853185e-18
6.95500192994467e-05	0.499263036036034	2.93582116686677e+16	7.25493366012399e-18
6.96434071372851e-05	0.499346847771234	2.9453545048821e+16	7.29399361854054e-18
6.97288463746597e-05	0.499422652619529	2.95400374114487e+16	7.32986414714545e-18
6.98067118092675e-05	0.499491094085504	2.96183463994329e+16	7.36264550854188e-18
6.98774008953357e-05	0.49955275845055	2.96890789538444e+16	7.39246390841248e-18
6.99413273070544e-05	0.49960818501138	2.97528005245084e+16	7.41946503670453e-18
6.99989148559933e-05	0.49965787404301	2.98100421498846e+16	7.44380839435489e-18
7.00505918409321e-05	0.499702292794287	2.98613056434974e+16	7.4656623875942e-18
7.00967858915384e-05	0.499741879839734	2.99070671727849e+16	7.48520015207734e-18
7.01379193504082e-05	0.49977704810754	2.99477795356077e+16	7.50259605541576e-18
7.017440522163e-05	0.499808186884292	2.99838734356635e+16	7.51802281845887e-18
7.0206643698669e-05	0.499835663067087	3.00157580367155e+16	7.53164919194767e-18
7.02350192703232e-05	0.499859821896993	3.00438210426273e+16	7.54363812490743e-18
7.02598983910567e-05	0.499880987368329	3.006842851082e+16	7.55414536335358e-18
7.02816276913357e-05	0.499899462468674	3.00899245651778e+16	7.56331842166843e-18
7.03005326947939e-05	0.499915529367343	3.01086311339016e+16	7.57129587364927e-18
7.03169170021547e-05	0.499929449636627	3.01248478006406e+16	7.57820691519338e-18
7.03310618968163e-05	0.499941464561402	3.01388518248621e+16	7.5841711555084e-18
7.03432263237553e-05	0.499951795568945	3.01508983605194e+16	7.58929859839705e-18
7.03536471918017e-05	0.49996064479211	3.01612208807796e+16	7.59368977945761e-18
7.03625399492028e-05	0.49996819576477	3.01700318005787e+16	7.59743602893558e-18
7.03700993835273e-05	0.499974614238388	3.01775232775299e+16	7.60061983347812e-18
7.03765005991634e-05	0.499980049101905	3.01838681645366e+16	7.60331527322555e-18
7.03819001287104e-05	0.49998463338334	3.01892210836148e+16	7.60558851357352e-18
7.03864371382471e-05	0.499988485309883	3.01937195891936e+16	7.60749833360346e-18
7.03902346905821e-05	0.499991709403387	3.01974853898878e+16	7.60909667564376e-18
7.03934010349659e-05	0.499994397589437	3.02006255998451e+16	7.61042920271594e-18
7.03960308962097e-05	0.499996630300303	3.02032339937874e+16	7.61153585275217e-18
7.03982067405692e-05	0.499998477554687	3.02053922434063e+16	7.61245138044822e-18
7.04e-05	0.5	3.02071711165256e+16	7.6132058794386e-18
