Position  (cm)	V (V)	n (cm-3)	p (cm-3)
0	0	363569.09910763	363569.099107618
2.89750616671375e-09	-7.43141133900582e-31	363569.099108412	363569.099107917
5.98533996463986e-09	-6.38160498191356e-30	363569.099109246	363569.099108237
9.27458916571469e-09	-2.96678674576917e-30	363569.099110134	363569.099108579
1.27768860126457e-08	-1.23908855758595e-29	363569.099111079	363569.099108943
1.65044271262588e-08	-2.86159245220673e-29	363569.099112086	363569.099109333
2.04699937008979e-08	-1.56660558354426e-29	363569.099113158	363569.099109749
2.46869719616643e-08	-2.53512686362744e-29	363569.099114297	363569.099110194
2.91693738549519e-08	-3.31105274185946e-29	363569.099115509	363569.099110669
3.39318579412528e-08	-1.35734005431822e-29	363569.099116797	363569.099111177
3.89897504567073e-08	-1.55050842032783e-29	363569.099118165	363569.099111721
4.43590665073639e-08	-1.48039012587755e-29	363569.099119617	363569.099112304
5.00565313574324e-08	-1.57766403254369e-29	363569.09912116	363569.099112927
5.60996017702088e-08	-1.3120710709754e-29	363569.099122796	363569.099113596
6.25064873576924e-08	-1.4149807301413e-29	363569.099124531	363569.099114313
6.92961718921233e-08	-1.6582642007163e-29	363569.099126371	363569.099115084
7.64884345300221e-08	-1.89882729524485e-29	363569.099128321	363569.099115913
8.41038708965161e-08	-1.91763640856422e-29	363569.099130387	363569.099116805
9.21639139750083e-08	-2.11703034311906e-29	363569.099132574	363569.099117768
1.00690854744493e-07	-2.13987668708435e-29	363569.099134889	363569.099118808
1.09707862504116e-07	-2.39152832326771e-29	363569.099137338	363569.099119933
1.19239004821873e-07	-2.24768543054629e-29	363569.099139929	363569.099121154
1.29309267041644e-07	-2.50935671726532e-29	363569.099142668	363569.09912248
1.39944571280258e-07	-2.83738592021822e-29	363569.099145562	363569.099123923
1.51171794843591e-07	-3.15174102056596e-29	363569.09914862	363569.099125498
1.63018787988344e-07	-3.02346927144491e-29	363569.099151848	363569.099127221
1.75514390953743e-07	-3.29113501511585e-29	363569.099155256	363569.09912911
1.88688450185048e-07	-2.87349710667548e-29	363569.099158852	363569.099131187
2.02571833668696e-07	-3.32447286245319e-29	363569.099162644	363569.099133474
2.17196445296793e-07	-2.53445639926555e-29	363569.099166643	363569.099136001
2.3259523817679e-07	-2.69909452056149e-29	363569.099170856	363569.099138798
2.48802226800457e-07	-3.34788254092722e-29	363569.099175296	363569.099141901
2.65852497984665e-07	-3.68332175934114e-29	363569.09917997	363569.099145355
2.8378222049517e-07	-3.5364599714319e-29	363569.099184891	363569.099149204
3.02628653263324e-07	-2.16293488334353e-29	363569.099190069	363569.099153504
3.22430152104785e-07	-3.0100744286817e-29	363569.099195516	363569.099158317
3.43226174848439e-07	-3.07960049967408e-29	363569.099201243	363569.099163714
3.65057284783406e-07	-3.14825990219148e-29	363569.099207262	363569.099169776
3.87965152331622e-07	-2.48782000566221e-29	363569.099213587	363569.099176596
4.11992554853689e-07	-2.7124412150761e-29	363569.099220229	363569.099184275
4.37183374495872e-07	-3.79292643247622e-29	363569.099227203	363569.099192933
4.63582593986889e-07	-4.21809472699915e-29	363569.099234521	363569.099202705
4.91236290293981e-07	-4.15525163291379e-29	363569.099242199	363569.099213745
5.20191626049084e-07	4.79595074751309e-30	363569.099250251	363569.099226222
5.50496838657514e-07	-3.87343030415161e-30	363569.099258692	363569.09924033
5.82201227003527e-07	-3.59601935496207e-29	363569.099267537	363569.099256285
6.15355135669428e-07	-2.41145688336726e-30	363569.099276803	363569.099274333
6.50009936587569e-07	-7.40583619305057e-29	363569.099286505	363569.099294743
6.86218008047653e-07	-1.04284869442691e-28	363569.099296661	363569.099317824
7.2403271098514e-07	-8.44938207411735e-29	363569.099307288	363569.099343908
7.63508362480403e-07	-6.13574317262552e-29	363569.099318404	363569.099373383
8.04700206402457e-07	-3.14003618132895e-29	363569.099330025	363569.099406662
8.47664381135677e-07	-7.08041181034746e-29	363569.099342173	363569.099444224
8.92457884332872e-07	-6.8473742870766e-29	363569.099354864	363569.099486556
9.39138534643543e-07	-1.3768588728221e-28	363569.099368119	363569.09953426
9.87764930371778e-07	-3.20886891754135e-29	363569.099381957	363569.09958794
1.03839640502452e-06	-4.58741105313484e-29	363569.099396399	363569.099648297
1.09109297971735e-06	-4.5702702766298e-29	363569.099411465	363569.099716066
1.14591531241196e-06	-4.07103071644574e-29	363569.099427176	363569.099792086
1.20292464396658e-06	-5.08892321065328e-29	363569.099443553	363569.099877208
1.26218274098846e-06	-1.20581318260118e-28	363569.099460619	363569.099972479
1.32375183548534e-06	-6.96974787574297e-29	363569.099478393	363569.100078882
1.38769456132106e-06	-1.06357555248841e-28	363569.0994969	363569.100197576
1.45407388748932e-06	-4.96866814492574e-29	363569.099516161	363569.100329764
1.52295304822829e-06	-3.87242882058053e-29	363569.099536199	363569.100476754
1.59439547000787e-06	-6.57681964848908e-29	363569.099557036	363569.100640031
1.66846469543132e-06	-4.86805756463095e-29	363569.099578696	363569.100821037
1.74522430410182e-06	-7.27315887918173e-29	363569.099601201	363569.101021337
1.82473783051535e-06	-1.6774772778415e-28	363569.099624573	363569.101242582
1.90706867905039e-06	-8.69565073610615e-29	363569.099648837	363569.101486733
1.99228003613594e-06	-1.92234771469068e-28	363569.099674014	363569.101755515
2.08043477968905e-06	-1.75225728572217e-28	363569.099700126	363569.102050881
2.17159538592389e-06	-7.07309327655879e-29	363569.099727196	363569.10237487
2.26582383364459e-06	-2.1407096517853e-29	363569.099755246	363569.102729692
2.36318150614464e-06	-4.35953502211495e-29	363569.099784296	363569.103117557
2.46372909084615e-06	-3.46621167671037e-29	363569.099814366	363569.103540684
2.56752647682258e-06	-3.85601989745435e-29	363569.099845479	363569.104001334
2.67463265035895e-06	-2.81187312624492e-28	363569.09987765	363569.104501987
2.78510558871364e-06	-1.91687036992884e-28	363569.099910902	363569.105044836
2.89900215225601e-06	-8.18104225496588e-29	363569.099945248	363569.105632495
3.01637797516386e-06	-7.74193022764559e-29	363569.099980706	363569.106267132
3.13728735487404e-06	-1.52056020969261e-28	363569.100017289	363569.106951471
3.26178314048938e-06	-1.64138535068369e-28	363569.10005501	363569.107687899
3.38991662035326e-06	-3.52429772383309e-29	363569.100093882	363569.108478113
3.52173740901234e-06	-4.58648660676154e-29	363569.100133914	363569.109324924
3.65729333379584e-06	-4.43117961604615e-29	363569.100175114	363569.110230113
3.7966303212473e-06	-2.20366444980743e-28	363569.100217486	363569.111196151
3.93979228365218e-06	-2.20403422835675e-28	363569.100261033	363569.11222409
4.08682100591124e-06	-3.0196116337663e-28	363569.100305757	363569.113316081
4.23775603301552e-06	-1.95206096187268e-28	363569.100351656	363569.11447341
4.39263455838445e-06	-3.07017885038614e-28	363569.100398725	363569.115697419
4.55149131333325e-06	-3.15622940030136e-28	363569.100446958	363569.116988869
4.71435845793999e-06	-3.9305302751428e-28	363569.100496342	363569.118348191
4.88126547358603e-06	-7.64455520965737e-29	363569.100546862	363569.119775847
5.05223905744625e-06	-1.10976705627459e-28	363569.100598506	363569.121271378
5.22730301920734e-06	-2.20520519376294e-28	363569.100651249	363569.122835572
5.40647818029363e-06	-2.04626204731255e-28	363569.100705068	363569.124466381
5.58978227587994e-06	-1.98583406937746e-28	363569.100759934	363569.12616275
5.77722985997065e-06	-8.05439310182297e-29	363569.100815815	363569.127923222
5.96883221382252e-06	-7.27677962747718e-29	363569.100872679	363569.129746164
6.16459725798662e-06	-1.23681680284593e-28	363569.100930482	363569.131628473
6.36452946824133e-06	-1.46148808643837e-28	363569.100989184	363569.133567045
6.56862979568457e-06	-8.38287971313766e-29	363569.101048738	363569.135558353
6.776895591248e-06	-1.02006494318481e-28	363569.101109095	363569.137598534
6.98932053489034e-06	-7.55056982837127e-29	363569.101170201	363569.139683157
7.20589456971997e-06	-1.75148691374442e-28	363569.101231999	363569.141807194
7.42660384128924e-06	-2.07368728972062e-28	363569.101294432	363569.14396534
7.65143064229443e-06	-2.72418938773686e-28	363569.101357435	363569.146151845
7.88035336290555e-06	-2.36288493016981e-28	363569.101420945	363569.14836047
8.11334644693998e-06	-2.81253564614579e-28	363569.101484896	363569.150584756
8.35038035408286e-06	-4.47881941915051e-28	363569.101549219	363569.152817733
8.59142152834468e-06	-6.79825536977495e-28	363569.101613846	363569.155052199
8.83643237293412e-06	-7.31172370038814e-28	363569.101678706	363569.157280815
9.08537123171041e-06	-8.96179884698091e-28	363569.101743732	363569.159495981
9.33819237736511e-06	-1.00762189500011e-27	363569.101808852	363569.1616898
9.59484600646827e-06	-8.50065418109683e-28	363569.101874	363569.163854509
9.85527824149824e-06	-8.63170986195249e-28	363569.101939109	363569.165982213
1.01194311399581e-05	-8.9614906981898e-28	363569.102004117	363569.168064842
1.03872427106647e-05	-6.04483157553066e-28	363569.102068962	363569.170094632
1.06586469372796e-05	-8.06437712265467e-28	363569.102133588	363569.172063978
1.09335738091319e-05	-4.49613738121044e-28	363569.102197944	363569.173965312
1.12119493593666e-05	-6.60923690131301e-28	363569.102261986	363569.175791408
1.14936957104325e-05	-8.93988946793356e-28	363569.102325673	363569.177535422
1.1778731126904e-05	-9.67106491946028e-28	363569.102388973	363569.179190717
1.20669700756148e-05	-1.17511308891567e-27	363569.102451861	363569.180751236
1.23583232930583e-05	-1.39512516278665e-27	363569.102514321	363569.182211302
1.26526978599942e-05	-1.86572383358174e-27	363569.102576344	363569.183565737
1.29499972831785e-05	-2.01865807860564e-27	363569.102637934	363569.184810004
1.3250121584116e-05	-3.37241734767476e-27	363569.102699099	363569.185940046
1.35529673947146e-05	-3.33464446886148e-27	363569.102759861	363569.186952507
1.38584280597034e-05	-3.26416467736064e-27	363569.102820251	363569.187844611
1.41663937456541e-05	-2.99424482528279e-27	363569.102880311	363569.188614223
1.44767515564303e-05	-3.1586175534324e-27	363569.102940089	363569.189259844
1.47893856548704e-05	-3.5422812872818e-27	363569.102999647	363569.189780649
1.5104177390489e-05	-3.47199254803144e-27	363569.103059052	363569.190176487
1.54210054329691e-05	-3.4062644108894e-27	363569.103118383	363569.190447788
1.57397459111976e-05	-3.65260471747212e-27	363569.103177724	363569.190595622
1.60602725575817e-05	-2.53558383865499e-27	363569.103237169	363569.190621659
1.63824568573673e-05	-2.39402028402275e-27	363569.103296811	363569.190528122
1.67061682026681e-05	-2.70717341149221e-27	363569.103356755	363569.190317779
1.70312740508981e-05	-2.77894742791568e-27	363569.103417105	363569.189993882
1.73576400872884e-05	-2.09164620126605e-27	363569.103477967	363569.189560146
1.76851303911565e-05	-2.09811116290337e-27	363569.103539447	363569.189020709
1.80136076055863e-05	-1.89294569778768e-27	363569.103601653	363569.18838006
1.83429331101646e-05	-1.72260720904234e-27	363569.103664684	363569.18764303
1.86729671964143e-05	-1.46462504113178e-27	363569.10372864	363569.186814715
1.90035692455518e-05	-1.47510826300507e-27	363569.103793612	363569.185900399
1.93345979081952e-05	-1.625028812852e-27	363569.103859685	363569.184905607
1.96659112856364e-05	-1.62538626544967e-27	363569.103926932	363569.183835961
1.99973671122936e-05	-1.78946933373564e-27	363569.103995419	363569.182697232
2.03288229389508e-05	-2.02363776306984e-27	363569.104065199	363569.181495201
2.0660136316392e-05	-2.01473842598282e-27	363569.10413631	363569.180235583
2.09911649790354e-05	-1.54481151955233e-27	363569.104208779	363569.178924068
2.1321767028173e-05	-1.63816827730458e-27	363569.104282617	363569.177566499
2.16518011144226e-05	-1.34041026343858e-27	363569.104357821	363569.176168391
2.19811266190009e-05	-1.51212925876806e-27	363569.104434371	363569.17473524
2.23096038334307e-05	-1.57579896198555e-27	363569.104512233	363569.173272269
2.26370941372988e-05	-1.38926417277989e-27	363569.104591356	363569.171784644
2.29634601736891e-05	-1.11180083829586e-27	363569.104671677	363569.170277294
2.32885660219191e-05	-1.12286954287225e-27	363569.104753114	363569.168754892
2.36122773672199e-05	-8.71481759091269e-28	363569.104835574	363569.167221992
2.39344616670055e-05	-1.02251164458616e-27	363569.104918951	363569.165682827
2.42549883133896e-05	-9.65997156298061e-28	363569.105003125	363569.164141408
2.45737287916182e-05	-1.00647558149721e-27	363569.105087968	363569.162601495
2.48905568340982e-05	-1.04420531947974e-27	363569.10517334	363569.161066599
2.52053485697168e-05	-1.02945115536178e-27	363569.105259095	363569.159539976
2.55179826681569e-05	-9.2516127850123e-28	363569.10534508	363569.158024655
2.58283404789332e-05	-9.31299602419981e-28	363569.105431136	363569.156523375
2.61363061648838e-05	-7.74230000619491e-28	363569.105517102	363569.155038714
2.64417668298726e-05	-7.65737419936721e-28	363569.105602814	363569.153572811
2.67446126404713e-05	-8.3080611866581e-28	363569.10568811	363569.152127759
2.70447369414087e-05	-9.15818207155018e-28	363569.105772826	363569.150705432
2.7342036364593e-05	-1.08125713012184e-27	363569.105856805	363569.149307447
2.7636410931529e-05	-9.61596791561125e-28	363569.105939892	363569.14793528
2.79277641489724e-05	-1.16453125942923e-27	363569.106021936	363569.146590081
2.82160030976832e-05	-1.63555517555604e-27	363569.106102797	363569.145272879
2.85010385141547e-05	-1.47758577928553e-27	363569.106182339	363569.143984655
2.87827848652206e-05	-1.73021848418256e-27	363569.106260437	363569.142726017
2.90611604154553e-05	-1.52411624674193e-27	363569.106336975	363569.141497618
2.93360872873076e-05	-1.62674212013052e-27	363569.106411846	363569.140299784
2.96074915139225e-05	-1.45749447810568e-27	363569.106484957	363569.139132847
2.98753030846291e-05	-2.05114928713943e-27	363569.106556224	363569.137997006
3.0139455983089e-05	-1.75663299855582e-27	363569.106625574	363569.136892362
3.0399888218119e-05	-2.02046999349732e-27	363569.106692946	363569.135818873
3.06565418472221e-05	-2.20331316018557e-27	363569.106758291	363569.134776366
3.09093629928768e-05	-2.22042158106755e-27	363569.106821571	363569.1337647
3.11583018516531e-05	-2.21669914367104e-27	363569.106882758	363569.132783607
3.14033126962425e-05	-2.14861058678915e-27	363569.106941837	363569.131832725
3.16443538705044e-05	-2.00798380448187e-27	363569.1069988	363569.130911713
3.18813877776472e-05	-1.94208926699262e-27	363569.107053651	363569.130020066
3.21143808616817e-05	-2.10364551519156e-27	363569.1071064	363569.129157324
3.23433035822928e-05	-2.13840469882786e-27	363569.10715707	363569.128322962
3.2568130383298e-05	-1.89199659951109e-27	363569.107205687	363569.127516402
3.27888396548673e-05	-1.60073436216152e-27	363569.107252286	363569.126737095
3.30054136896969e-05	-1.39257369079632e-27	363569.107296908	363569.125984465
3.32178386333392e-05	-1.3259026183535e-27	363569.107339598	363569.125257797
3.34261044289027e-05	-1.17232126086829e-27	363569.107380407	363569.124556525
3.36302047563459e-05	-1.31745934147731e-27	363569.10741939	363569.123879964
3.38301369666006e-05	-1.51285032693924e-27	363569.107456605	363569.123227487
3.40259020107647e-05	-1.35693936459329e-27	363569.107492112	363569.122598445
3.42175043646166e-05	-1.30292704448894e-27	363569.107525971	363569.121992154
3.44049519487073e-05	-1.34562414098403e-27	363569.107558246	363569.121407972
3.45882560442936e-05	-1.48145612810177e-27	363569.107589004	363569.120845238
3.47674312053799e-05	-1.56648054254262e-27	363569.107618307	363569.120303303
3.4942495167141e-05	-1.82223171320561e-27	363569.107646219	363569.11978152
3.51134687510012e-05	-1.7179541622967e-27	363569.107672803	363569.119279247
3.52803757666472e-05	-1.64182908494287e-27	363569.107698123	363569.118795912
3.5443242911254e-05	-1.52926849452915e-27	363569.10772224	363569.118330852
3.56020996662028e-05	-1.75610298263512e-27	363569.107745213	363569.117883476
3.57569781915717e-05	-1.82919587588451e-27	363569.107767101	363569.117453206
3.5907913218676e-05	-1.84954602204888e-27	363569.107787958	363569.117039462
3.6054941940935e-05	-1.90211620581088e-27	363569.10780784	363569.116641682
3.61981039033399e-05	-2.02838325445281e-27	363569.107826799	363569.116259312
3.63374408907914e-05	-2.0263371464799e-27	363569.107844882	363569.115891825
3.64729968155749e-05	-1.86439879378e-27	363569.107862142	363569.115538747
3.6604817604234e-05	-1.9382805479346e-27	363569.107878614	363569.115199394
3.67329510840978e-05	-2.07158571496531e-27	363569.107894348	363569.114873413
3.68574468697132e-05	-2.01629149588997e-27	363569.107909385	363569.11456037
3.69783562494234e-05	-2.24888220341373e-27	363569.107923754	363569.114259799
3.70957320723312e-05	-2.2416591957503e-27	363569.1079375	363569.113971208
3.72096286358736e-05	-2.36724831705182e-27	363569.107950655	363569.113694241
3.73201015742283e-05	-2.28553958360322e-27	363569.107963249	363569.113428361
3.74272077477646e-05	-2.33589109606928e-27	363569.107975307	363569.113173128
3.75310051337411e-05	-2.40868816647921e-27	363569.107986862	363569.112928328
3.76315527184426e-05	-2.40802256509043e-27	363569.107997937	363569.112693439
3.77289103909426e-05	-2.41698353193567e-27	363569.108008557	363569.112468128
3.78231388386633e-05	-2.3635258796553e-27	363569.108018751	363569.11225201
3.79142994448982e-05	-2.29782855739237e-27	363569.108028531	363569.112044832
3.80024541884513e-05	-2.24845079510619e-27	363569.10803792	363569.111846147
3.80876655455368e-05	-2.27677583198428e-27	363569.108046933	363569.111655665
3.81699963940719e-05	-2.16093653843323e-27	363569.108055582	363569.111473131
3.82495099204854e-05	-2.10110636915288e-27	363569.108063898	363569.11129822
3.83262695291559e-05	-2.09172631995173e-27	363569.108071891	363569.111130668
3.84003387545794e-05	-2.13529855901355e-27	363569.10807957	363569.110970172
3.84717811763589e-05	-2.16342638066534e-27	363569.108086948	363569.110816399
3.85406603370979e-05	-2.21100455401148e-27	363569.108094038	363569.110669201
3.86070396632662e-05	-2.20045353940415e-27	363569.108100854	363569.110528264
3.86709823891019e-05	-2.18313557734422e-27	363569.108107404	363569.110393387
3.87325514835988e-05	-2.14709449473693e-27	363569.108113697	363569.1102643
3.87918095806206e-05	-2.13777607529401e-27	363569.108119746	363569.110140781
3.88488189121753e-05	-2.15373818267309e-27	363569.108125558	363569.110022664
3.89036412448699e-05	-2.17730540221657e-27	363569.108131142	363569.109909676
3.89563378195627e-05	-2.18958205005407e-27	363569.108136504	363569.109801648
3.90069692942154e-05	-2.21480094711786e-27	363569.108141654	363569.1096984
3.90555956899437e-05	-2.19071603760533e-27	363569.108146599	363569.109599717
3.91022763402544e-05	-2.19417963001731e-27	363569.108151348	363569.10950546
3.91470698434516e-05	-2.24486394317776e-27	363569.108155906	363569.109415401
3.91900340181848e-05	-2.30248776711383e-27	363569.10816028	363569.109329398
3.92312258621068e-05	-2.3102531166496e-27	363569.108164474	363569.109247326
3.92707015136021e-05	-2.31277993673663e-27	363569.108168495	363569.10916898
3.93085162165396e-05	-2.3348064123246e-27	363569.10817235	363569.109094201
3.93447242879997e-05	-2.3209643686283e-27	363569.108176045	363569.109022886
3.93793790889178e-05	-2.34365644560505e-27	363569.108179582	363569.108954854
3.94125329975837e-05	-2.33294519362635e-27	363569.108182971	363569.10889001
3.94442373859297e-05	-2.36742088037483e-27	363569.108186215	363569.108828212
3.94745425985381e-05	-2.37244986864562e-27	363569.108189318	363569.10876931
3.95034979342932e-05	-2.3980878480653e-27	363569.108192285	363569.108713209
3.95311516306003e-05	-2.3818422437984e-27	363569.108195124	363569.108659768
3.95575508500914e-05	-2.34101869195322e-27	363569.108197835	363569.108608898
3.95827416697335e-05	-2.36426543675395e-27	363569.108200427	363569.108560477
3.96067690722556e-05	-2.36173861666691e-27	363569.1082029	363569.108514427
3.96296769398038e-05	-2.38062197458564e-27	363569.10820526	363569.108470621
3.96515080497388e-05	-2.38640284590671e-27	363569.108207512	363569.108428963
3.96723040724824e-05	-2.4127680564734e-27	363569.10820966	363569.108389367
3.96921055713239e-05	-2.41480183849467e-27	363569.108211707	363569.108351742
3.97109520040921e-05	-2.43529989607877e-27	363569.108213656	363569.108316008
3.97288817266026e-05	-2.4220248461581e-27	363569.108215514	363569.108282085
3.97459319977868e-05	-2.42659777421805e-27	363569.108217282	363569.108249879
3.97621389864104e-05	-2.42572263165132e-27	363569.108218964	363569.108219318
3.97775377792904e-05	-2.4234793084521e-27	363569.108220564	363569.108190319
3.97921623909185e-05	-2.43244027529735e-27	363569.108222084	363569.108162821
3.98060457744022e-05	-2.42251788422386e-27	363569.108223529	363569.108136751
3.98192198336335e-05	-2.42150715618905e-27	363569.1082249	363569.108112061
3.98317154365989e-05	-2.42301092228963e-27	363569.108226202	363569.108088666
3.98435624297436e-05	-2.42143320047918e-27	363569.108227438	363569.108066514
3.9854789653307e-05	-2.41637956030511e-27	363569.108228611	363569.108045542
3.98654249575456e-05	-2.41381576236314e-27	363569.108229721	363569.108025699
3.98754952197654e-05	-2.41287899003819e-27	363569.108230774	363569.108006932
3.98850263620831e-05	-2.42111272573644e-27	363569.108231771	363569.107989185
3.98940433698427e-05	-2.4181668232935e-27	363569.108232714	363569.107972409
3.99025703106122e-05	-2.41721772501691e-27	363569.108233607	363569.107956566
3.99106303536907e-05	-2.41894335824708e-27	363569.108234452	363569.107941601
3.99182457900572e-05	-2.42726337560683e-27	363569.108235251	363569.107927471
3.99254380526951e-05	-2.41837636447145e-27	363569.108236006	363569.107914139
3.99322277372295e-05	-2.42285068491825e-27	363569.108236718	363569.107901561
3.9938634622817e-05	-2.42283835896661e-27	363569.108237391	363569.107889701
3.99446776932298e-05	-2.42319581156429e-27	363569.108238026	363569.107878518
3.99503751580799e-05	-2.42042247244437e-27	363569.108238624	363569.107867981
3.99557444741305e-05	-2.42399699842115e-27	363569.108239189	363569.107858059
3.9960802366646e-05	-2.4240956060343e-27	363569.108239721	363569.107848717
3.99655648507323e-05	-2.42282603301496e-27	363569.108240222	363569.107839926
3.99700472526256e-05	-2.4201513015082e-27	363569.108240693	363569.107831656
3.99742642308863e-05	-2.41798193401884e-27	363569.108241137	363569.107823879
3.9978229797461e-05	-2.41347063571711e-27	363569.108241555	363569.10781657
3.99819573385746e-05	-2.41354459142697e-27	363569.108241948	363569.107809702
3.99854596354215e-05	-2.41462927517165e-27	363569.108242317	363569.10780325
3.99887488846226e-05	-2.41470323088152e-27	363569.108242663	363569.107797194
3.99918367184205e-05	-2.41642886411169e-27	363569.108242989	363569.107791509
3.99947342245872e-05	-2.41647816791826e-27	363569.108243295	363569.107786177
3.99974519660193e-05	-2.41673701290279e-27	363569.108243581	363569.107781177
4e-05	-2.41678631670937e-27	363569.10824385	363569.10777649
4.00025e-05	-2.41709446550047e-27	363569.108244114	363569.107771894
4.0005e-05	-2.41714376930704e-27	363569.108244378	363569.107767298
4.00075e-05	-2.4174395921465e-27	363569.108244642	363569.107762703
4.001e-05	-2.41748889595308e-27	363569.108244905	363569.10775811
4.00125e-05	-2.41778471879254e-27	363569.108245169	363569.107753519
4.0015e-05	-2.41783402259911e-27	363569.108245433	363569.107748927
4.00175e-05	-2.41788332640569e-27	363569.108245697	363569.107744337
4.002e-05	-2.41817914924515e-27	363569.108245962	363569.107739749
4.00225e-05	-2.41824077900337e-27	363569.108246226	363569.107735161
4.0025e-05	-2.41854892779447e-27	363569.10824649	363569.107730575
4.00275e-05	-2.41859823160105e-27	363569.108246754	363569.107725989
4.003e-05	-2.4188940544405e-27	363569.108247019	363569.107721405
4.00325e-05	-2.41894335824708e-27	363569.108247283	363569.107716822
4.0035e-05	-2.41923918108654e-27	363569.108247547	363569.107712241
4.00375e-05	-2.41928848489311e-27	363569.108247812	363569.107707661
4.004e-05	-2.41933778869969e-27	363569.108248076	363569.107703081
4.00425e-05	-2.41963361153915e-27	363569.108248341	363569.107698502
4.0045e-05	-2.41968291534572e-27	363569.108248606	363569.107693925
4.00475e-05	-2.42402165032444e-27	363569.108248871	363569.107689349
4.005e-05	-2.42407095413102e-27	363569.108249135	363569.107684775
4.00525e-05	-2.42439142887376e-27	363569.1082494	363569.107680202
4.0055e-05	-2.42442840672869e-27	363569.108249665	363569.10767563
4.00575e-05	-2.42069364338054e-27	363569.10824993	363569.10767106
4.006e-05	-2.42074294718712e-27	363569.108250195	363569.107666489
4.00625e-05	-2.42079225099369e-27	363569.10825046	363569.10766192
4.0065e-05	-2.42108807383315e-27	363569.108250725	363569.107657353
4.00675e-05	-2.42113737763973e-27	363569.108250991	363569.107652787
4.007e-05	-2.42144552643083e-27	363569.108251256	363569.107648221
4.00725e-05	-2.4214948302374e-27	363569.108251521	363569.107643658
4.0075e-05	-2.42180297902851e-27	363569.108251786	363569.107639096
4.00775e-05	-2.42183995688344e-27	363569.108252052	363569.107634535
4.008e-05	-2.42214810567454e-27	363569.108252317	363569.107629974
4.00825e-05	-2.42219740948112e-27	363569.108252583	363569.107625416
4.0085e-05	-2.42224671328769e-27	363569.108252848	363569.107620858
4.00875e-05	-2.42254253612715e-27	363569.108253114	363569.107616301
4.009e-05	-2.42259183993373e-27	363569.108253379	363569.107611746
4.00925e-05	-2.42289998872483e-27	363569.108253645	363569.10760719
4.0095e-05	-2.42294929253141e-27	363569.108253911	363569.107602637
4.00975e-05	-2.42324511537086e-27	363569.108254177	363569.107598084
4.01e-05	-2.42329441917744e-27	363569.108254443	363569.107593533
4.01025e-05	-2.42334372298402e-27	363569.108254709	363569.107588983
4.0105e-05	-2.42365187177512e-27	363569.108254974	363569.107584434
4.01075e-05	-2.42370117558169e-27	363569.108255241	363569.107579887
4.011e-05	-2.42399699842115e-27	363569.108255507	363569.107575341
4.01125e-05	-2.42404630222773e-27	363569.108255773	363569.107570797
4.0115e-05	-2.42435445101883e-27	363569.108256039	363569.107566253
4.01175e-05	-2.42440375482541e-27	363569.108256305	363569.10756171
4.012e-05	-2.42469957766486e-27	363569.108256572	363569.107557169
4.01225e-05	-2.42474888147144e-27	363569.108256838	363569.107552629
4.0125e-05	-2.42481051122966e-27	363569.108257105	363569.107548091
4.01275e-05	-2.42510633406912e-27	363569.108257371	363569.107543553
4.013e-05	-2.4251556378757e-27	363569.108257638	363569.107539016
4.01325e-05	-2.42545146071515e-27	363569.108257904	363569.107534481
4.0135e-05	-2.42550076452173e-27	363569.108258171	363569.107529946
4.01375e-05	-2.42176600117357e-27	363569.108258438	363569.107525413
4.014e-05	-2.41778471879254e-27	363569.108258704	363569.107520881
4.01425e-05	-2.41808054163199e-27	363569.108258971	363569.107516351
4.0145e-05	-2.41812984543857e-27	363569.108259238	363569.10751182
4.01475e-05	-2.41817914924515e-27	363569.108259505	363569.107507291
4.015e-05	-2.41847497208461e-27	363569.108259772	363569.107502764
4.01525e-05	-2.41853660184283e-27	363569.108260039	363569.107498238
4.0155e-05	-2.41883242468228e-27	363569.108260306	363569.107493713
4.01575e-05	-2.41888172848886e-27	363569.108260574	363569.107489188
4.016e-05	-2.41918987727996e-27	363569.108260841	363569.107484665
4.01625e-05	-2.41923918108654e-27	363569.108261108	363569.107480143
4.0165e-05	-2.419535003926e-27	363569.108261376	363569.107475623
4.01675e-05	-2.41958430773257e-27	363569.108261643	363569.107471104
4.017e-05	-2.41963361153915e-27	363569.108261911	363569.107466587
4.01725e-05	-2.41992943437861e-27	363569.108262178	363569.107462071
4.0175e-05	-2.41997873818518e-27	363569.108262446	363569.107457556
4.01775e-05	-2.42029921292793e-27	363569.108262713	363569.107453042
4.018e-05	-2.42034851673451e-27	363569.108262981	363569.107448529
4.01825e-05	-2.42064433957396e-27	363569.108263249	363569.107444017
4.0185e-05	-2.42069364338054e-27	363569.108263517	363569.107439506
4.01875e-05	-2.42074294718712e-27	363569.108263785	363569.107434996
4.019e-05	-2.42103877002657e-27	363569.108264053	363569.107430487
4.01925e-05	-2.42108807383315e-27	363569.108264321	363569.107425979
4.0195e-05	-2.42138389667261e-27	363569.108264589	363569.107421472
4.01975e-05	-2.42144552643083e-27	363569.108264857	363569.107416967
4.02e-05	-2.42175367522193e-27	363569.108265125	363569.107412462
4.02028975061667e-05	-2.42180297902851e-27	363569.108265437	363569.107407244
4.02059853399646e-05	-2.42352861225868e-27	363569.108265768	363569.107401684
4.02092745891657e-05	-2.4289027271755e-27	363569.108266121	363569.107395764
4.02127768860126e-05	-2.42998741092017e-27	363569.108266497	363569.107389463
4.02165044271263e-05	-2.42468725171322e-27	363569.108266898	363569.10738276
4.02204699937009e-05	-2.41836403851981e-27	363569.108267324	363569.107375631
4.02246869719617e-05	-2.42301092228963e-27	363569.108267777	363569.107368053
4.0229169373855e-05	-2.42757152439793e-27	363569.10826826	363569.107360002
4.02339318579413e-05	-2.42631427733024e-27	363569.108268772	363569.107351451
4.02389897504567e-05	-2.42895203098207e-27	363569.108269317	363569.107342374
4.02443590665074e-05	-2.43252655695885e-27	363569.108269895	363569.107332742
4.02500565313574e-05	-2.42974089188729e-27	363569.108270509	363569.107322528
4.02560996017702e-05	-2.43009834448497e-27	363569.108271161	363569.107311703
4.02625064873577e-05	-2.42498307455268e-27	363569.108271852	363569.107300235
4.02692961718921e-05	-2.41849962398789e-27	363569.108272585	363569.10728809
4.027648843453e-05	-2.42124831120452e-27	363569.108273363	363569.107275232
4.02841038708965e-05	-2.41312550907108e-27	363569.108274186	363569.107261629
4.0292163913975e-05	-2.42055805791245e-27	363569.108275058	363569.107247242
4.03006908547445e-05	-2.43336472167065e-27	363569.108275982	363569.107232036
4.03097078625041e-05	-2.43043114517936e-27	363569.108276959	363569.107215968
4.03192390048219e-05	-2.42325744132251e-27	363569.108277993	363569.107199001
4.03293092670416e-05	-2.43856627326445e-27	363569.108279087	363569.107181092
4.03399445712803e-05	-2.45323415572091e-27	363569.108280243	363569.107162206
4.03511717948436e-05	-2.44810655983697e-27	363569.108281466	363569.107142283
4.03630187879883e-05	-2.44655348992982e-27	363569.108282757	363569.107121295
4.03755143909537e-05	-2.43855394731281e-27	363569.10828412	363569.107099177
4.03886884501851e-05	-2.43797462758554e-27	363569.108285559	363569.107075899
4.04025718336687e-05	-2.42808921436699e-27	363569.108287078	363569.107051395
4.04171964452968e-05	-2.41342133191053e-27	363569.10828868	363569.107025617
4.04325952381768e-05	-2.41117800871131e-27	363569.108290371	363569.106998525
4.04488022268005e-05	-2.40977285022389e-27	363569.108292153	363569.106970059
4.04658524979847e-05	-2.41430880042891e-27	363569.108294032	363569.10694015
4.04837822204952e-05	-2.42616636591051e-27	363569.108296011	363569.106908765
4.05026286532633e-05	-2.41610838936894e-27	363569.108298095	363569.106875839
4.05224301521048e-05	-2.39739759477323e-27	363569.10830029	363569.106841305
4.05432261748484e-05	-2.42564867594146e-27	363569.1083026	363569.106805113
4.05650572847834e-05	-2.43146652511746e-27	363569.108305032	363569.10676721
4.05879651523316e-05	-2.4134952876204e-27	363569.108307589	363569.106727542
4.06119925548537e-05	-2.44998010448687e-27	363569.108310279	363569.106686038
4.06371833744959e-05	-2.4735349980787e-27	363569.108313109	363569.10664263
4.06635825939869e-05	-2.4751003939375e-27	363569.108316083	363569.106597257
4.0691236290294e-05	-2.50379520936492e-27	363569.108319209	363569.106549876
4.07201916260491e-05	-2.52995087875365e-27	363569.108322494	363569.106500413
4.07504968386575e-05	-2.53507847463759e-27	363569.108325945	363569.106448806
4.07822012270035e-05	-2.51810563922369e-27	363569.10832957	363569.106394992
4.08153551356694e-05	-2.50703693464731e-27	363569.108333378	363569.106338903
4.08500099365876e-05	-2.47317754548102e-27	363569.108337374	363569.106280484
4.08862180080477e-05	-2.45892874538047e-27	363569.108341572	363569.106219693
4.09240327109851e-05	-2.48146058498585e-27	363569.108345976	363569.106156416
4.09635083624804e-05	-2.48407368673439e-27	363569.108350603	363569.106090632
4.10047002064025e-05	-2.47362127974021e-27	363569.108355455	363569.10602231
4.10476643811357e-05	-2.49138297605933e-27	363569.108360549	363569.105951346
4.10924578843329e-05	-2.47125469702455e-27	363569.108365896	363569.105877706
4.11391385346435e-05	-2.47485387490462e-27	363569.108371505	363569.105801327
4.11877649303718e-05	-2.44965962974412e-27	363569.108377387	363569.105722191
4.12383964050245e-05	-2.39366283142508e-27	363569.108383563	363569.105640217
4.12910929797174e-05	-2.32215998593778e-27	363569.108390043	363569.105555383
4.1345915312412e-05	-2.34634350306346e-27	363569.108396844	363569.105467634
4.14029246439666e-05	-2.36295888587968e-27	363569.108403976	363569.105376933
4.14621827409885e-05	-2.35329533979072e-27	363569.108411465	363569.105283269
4.15237518354853e-05	-2.41388971807301e-27	363569.108419324	363569.105186558
4.15876945613211e-05	-2.39606639199567e-27	363569.108427573	363569.105086785
4.16540738874893e-05	-2.38498536146764e-27	363569.108436231	363569.104983967
4.17229530482283e-05	-2.43407962686601e-27	363569.108445324	363569.104878044
4.17943954700079e-05	-2.46382214818317e-27	363569.108454872	363569.104769047
4.18684646954313e-05	-2.39010063139994e-27	363569.108464902	363569.104656888
4.19452243041018e-05	-2.39835901900147e-27	363569.108475444	363569.104541644
4.20247378305153e-05	-2.33783859642904e-27	363569.108486521	363569.104423199
4.21070686790504e-05	-2.43967560891242e-27	363569.108498168	363569.104301715
4.21922800361359e-05	-2.46775412675763e-27	363569.108510413	363569.104177119
4.22804347796891e-05	-2.44467994527992e-27	363569.108523295	363569.10404943
4.23715953859239e-05	-2.38171898428196e-27	363569.108536846	363569.103918714
4.24658238336446e-05	-2.3506329342356e-27	363569.108551111	363569.103785023
4.25631815061446e-05	-2.42901366074029e-27	363569.108566127	363569.103648362
4.26637290908461e-05	-2.5071478682121e-27	363569.108581947	363569.103508778
4.27675264768226e-05	-2.58130079330288e-27	363569.108598613	363569.103366308
4.2874632650359e-05	-2.65799286443233e-27	363569.108616176	363569.103221014
4.29851055887136e-05	-2.62251877560068e-27	363569.108634696	363569.103072987
4.3099002152256e-05	-2.55985363744218e-27	363569.108654228	363569.102922328
4.32163779751639e-05	-2.7467397162697e-27	363569.108674842	363569.102769102
4.3337287354874e-05	-2.71244891879587e-27	363569.108696598	363569.102613359
4.34617831404894e-05	-2.65062194534918e-27	363569.108719564	363569.102455268
4.35899166203533e-05	-2.83346511203743e-27	363569.10874382	363569.10229494
4.37217374090123e-05	-2.91913047596378e-27	363569.108769445	363569.102132517
4.38572933337958e-05	-2.96762076973158e-27	363569.108796521	363569.10196803
4.39966303212473e-05	-2.95933773022676e-27	363569.108825141	363569.101801612
4.41397922836522e-05	-2.89807775055569e-27	363569.108855396	363569.101633501
4.42868210059112e-05	-2.95795722364262e-27	363569.108887388	363569.101463845
4.44377560330155e-05	-2.93150573141443e-27	363569.108921219	363569.1012927
4.45926345583844e-05	-3.00711311879921e-27	363569.108957001	363569.101120229
4.47514913133333e-05	-3.078529682625e-27	363569.108994848	363569.1009467
4.491435845794e-05	-3.11659222130191e-27	363569.109034881	363569.100772211
4.5081265473586e-05	-2.97385770126349e-27	363569.109077225	363569.100596969
4.52522390574462e-05	-2.85732815442037e-27	363569.109122011	363569.10042121
4.54273030192073e-05	-3.16235847975638e-27	363569.109169374	363569.100245023
4.56064781802936e-05	-3.16621650262097e-27	363569.109219456	363569.100068677
4.57897822758799e-05	-3.19599600179306e-27	363569.109272402	363569.099892347
4.59772298599707e-05	-2.94444798064071e-27	363569.109328361	363569.099716246
4.61688322138225e-05	-2.8653893267956e-27	363569.109387485	363569.099540561
4.63645972579866e-05	-3.0133747022344e-27	363569.109449933	363569.099365506
4.65645294682413e-05	-2.94277165121712e-27	363569.109515863	363569.099191303
4.67686297956846e-05	-2.82060914447266e-27	363569.109585437	363569.099018147
4.6976895591248e-05	-2.61524646413067e-27	363569.109658819	363569.098846268
4.71893205348903e-05	-2.41805588972871e-27	363569.109736171	363569.098675868
4.740589456972e-05	-2.4892505864249e-27	363569.109817659	363569.098507157
4.76266038412892e-05	-2.5265242641966e-27	363569.109903445	363569.098340341
4.78514306422944e-05	-2.7342412013026e-27	363569.10999369	363569.098175631
4.80803533629055e-05	-2.87934230405669e-27	363569.110088552	363569.09801322
4.831334644694e-05	-2.66366280218861e-27	363569.110188182	363569.09785333
4.85503803540829e-05	-2.59638775811523e-27	363569.110292728	363569.097696132
4.87914215283447e-05	-2.60346285435893e-27	363569.110402332	363569.09754182
4.90364323729341e-05	-2.53749436115983e-27	363569.110517126	363569.097390579
4.92853712317104e-05	-2.53239141717918e-27	363569.110637231	363569.097242584
4.95381923773651e-05	-2.43309355073448e-27	363569.110762761	363569.097098001
4.97948460064683e-05	-2.64687485604938e-27	363569.110893815	363569.096956991
5.00552782414982e-05	-2.90761803712821e-27	363569.111030477	363569.0968197
5.03194311399581e-05	-3.28030551103856e-27	363569.111172816	363569.096686272
5.05872427106647e-05	-3.03166641447421e-27	363569.111320884	363569.096556837
5.08586469372796e-05	-2.82678444624634e-27	363569.111474715	363569.096431512
5.11335738091319e-05	-2.5000727719684e-27	363569.111634328	363569.096310399
5.14119493593666e-05	-2.28476304864964e-27	363569.111799713	363569.096193618
5.16936957104325e-05	-2.52435489670724e-27	363569.111970843	363569.09608122
5.1978731126904e-05	-2.78601019820773e-27	363569.112147664	363569.095973289
5.22669700756148e-05	-2.07768706102913e-27	363569.112330105	363569.095869864
5.25583232930583e-05	-1.85993679928484e-27	363569.112518066	363569.095771044
5.28526978599942e-05	-1.5865225399159e-27	363569.11271142	363569.095676829
5.31499972831785e-05	-1.52706214918486e-27	363569.112910016	363569.095587223
5.3450121584116e-05	-1.34204961500725e-27	363569.11311368	363569.095502253
5.37529673947146e-05	-1.20370313375411e-27	363569.113322207	363569.095421916
5.40584280597034e-05	-1.18777800422996e-27	363569.113535366	363569.095346182
5.43663937456541e-05	-1.25009801574242e-27	363569.113752904	363569.095275071
5.46767515564303e-05	-1.03459107719736e-27	363569.113974544	363569.095208493
5.49893856548704e-05	-1.22916854985078e-27	363569.11419998	363569.09514647
5.5304177390489e-05	-1.19330003056651e-27	363569.114428892	363569.095088903
5.56210054329691e-05	-1.58866725550197e-27	363569.114660933	363569.095035711
5.59397459111976e-05	-1.35792544072482e-27	363569.114895733	363569.094986897
5.62602725575817e-05	-1.22990810694942e-27	363569.115132904	363569.094942345
5.65824568573673e-05	-1.30324751923169e-27	363569.115372042	363569.094901994
5.69061682026681e-05	-1.06745206428047e-27	363569.115612718	363569.094865754
5.72312740508981e-05	-1.03530598239271e-27	363569.115854505	363569.094833553
5.75576400872884e-05	-9.86766384818333e-28	363569.11609697	363569.09480531
5.78851303911565e-05	-1.19364515721254e-27	363569.116339655	363569.094780943
5.82136076055863e-05	-1.24432947037299e-27	363569.116582105	363569.09476037
5.85429331101646e-05	-1.05441120744103e-27	363569.116823854	363569.09474351
5.88729671964143e-05	-8.44450947135805e-28	363569.117064442	363569.094730285
5.92035692455518e-05	-7.01198737128327e-28	363569.117303419	363569.094720616
5.95345979081952e-05	-7.12070226478404e-28	363569.117540328	363569.094714434
5.98659112856364e-05	-6.80392530753123e-28	363569.117774721	363569.094711667
6.01973671122936e-05	-8.1684081545307e-28	363569.11800617	363569.09471225
6.05288229389508e-05	-9.04996021611518e-28	363569.118234251	363569.094716119
6.0860136316392e-05	-9.41801313220735e-28	363569.118458555	363569.094723216
6.11911649790354e-05	-9.60290240686853e-28	363569.118678699	363569.094733487
6.1521767028173e-05	-8.01531983511124e-28	363569.118894314	363569.094746878
6.18518011144226e-05	-8.90303487251776e-28	363569.119105055	363569.094763343
6.21811266190009e-05	-7.10936238927149e-28	363569.119310604	363569.094782838
6.25096038334307e-05	-7.53066341646608e-28	363569.119510663	363569.09480532
6.28370941372988e-05	-6.45485435697093e-28	363569.119704974	363569.094830752
6.31634601736891e-05	-6.05080966207804e-28	363569.119893296	363569.094859097
6.34885660219191e-05	-6.5034186064486e-28	363569.120075416	363569.094890319
6.38122773672199e-05	-3.62654149272072e-28	363569.120251134	363569.094924385
6.41344616670055e-05	-3.116000575623e-28	363569.120420353	363569.094961262
6.44549883133896e-05	-3.21830597426885e-28	363569.120582944	363569.095000915
6.47737287916182e-05	-1.99088770955153e-28	363569.120738805	363569.09504331
6.50905568340982e-05	-2.2440627563209e-28	363569.1208879	363569.095088413
6.54053485697168e-05	-2.07495069976414e-28	363569.12103018	363569.095136186
6.57179826681569e-05	-3.27327971860144e-28	363569.121165689	363569.095186589
6.60283404789332e-05	-4.80514898892749e-28	363569.121294458	363569.095239581
6.63363061648838e-05	-5.72466498157573e-28	363569.121416568	363569.095295116
6.66417668298726e-05	-5.61126622645021e-28	363569.121532129	363569.095353146
6.69446126404713e-05	-4.62691572815412e-28	363569.121641253	363569.095413616
6.72447369414087e-05	-5.59770767964172e-28	363569.121744092	363569.095476473
6.7542036364593e-05	-6.89291867840147e-28	363569.121840808	363569.095541651
6.78364109315289e-05	-8.41640630160955e-28	363569.1219316	363569.09560909
6.81277641489724e-05	-9.45770269650129e-28	363569.122016676	363569.095678717
6.84160030976832e-05	-7.87480398636875e-28	363569.122096264	363569.095750461
6.87010385141547e-05	-6.9700791356934e-28	363569.122170604	363569.095824241
6.89827848652206e-05	-6.03873022946685e-28	363569.122239952	363569.095899979
6.92611604154553e-05	-4.94960914219609e-28	363569.122304568	363569.095977582
6.95360872873076e-05	-5.50279785198232e-28	363569.122364728	363569.096056964
6.98074915139225e-05	-4.62987395654869e-28	363569.122420707	363569.096138028
7.00753030846291e-05	-5.64060199136312e-28	363569.122472786	363569.096220678
7.0339455983089e-05	-5.32530414830759e-28	363569.122521246	363569.096304813
7.05998882181189e-05	-6.63629236517176e-28	363569.122566368	363569.096390328
7.08565418472221e-05	-5.68990579793943e-28	363569.122608431	363569.096477118
7.11093629928768e-05	-5.21042627898478e-28	363569.122647709	363569.096565076
7.13583018516531e-05	-5.21880792610276e-28	363569.12268447	363569.096654095
7.16033126962425e-05	-4.91509647759267e-28	363569.122718975	363569.09674406
7.18443538705044e-05	-4.99003826358866e-28	363569.122751479	363569.09683486
7.20813877776472e-05	-4.69076415767044e-28	363569.122782224	363569.096926381
7.23143808616817e-05	-3.77642506471271e-28	363569.12281144	363569.097018508
7.25433035822928e-05	-4.4385751870326e-28	363569.12283935	363569.097111133
7.2768130383298e-05	-5.5030443710152e-28	363569.122866162	363569.097204145
7.29888396548673e-05	-5.72219979124691e-28	363569.12289207	363569.097297427
7.32054136896969e-05	-4.5053818449435e-28	363569.122917256	363569.097390872
7.34178386333392e-05	-5.14485221623829e-28	363569.122941891	363569.09748437
7.36261044289026e-05	-5.73748397128557e-28	363569.122966125	363569.097577814
7.38302047563459e-05	-5.16210854854e-28	363569.122990104	363569.097671098
7.40301369666006e-05	-4.87935121782484e-28	363569.123013949	363569.097764118
7.42259020107647e-05	-4.16345994633677e-28	363569.123037776	363569.097856775
7.44175043646166e-05	-3.86295324525414e-28	363569.123061684	363569.097948976
7.46049519487073e-05	-4.13412418142386e-28	363569.123085759	363569.098040624
7.47882560442936e-05	-4.27611914436365e-28	363569.123110076	363569.098131627
7.49674312053799e-05	-4.31063180896707e-28	363569.123134698	363569.098221899
7.5142495167141e-05	-3.18798413322441e-28	363569.123159668	363569.098311356
7.53134687510012e-05	-2.78517203349593e-28	363569.123185034	363569.098399921
7.54803757666472e-05	-2.30717162873858e-28	363569.123210821	363569.098487518
7.5643242911254e-05	-1.55208383102234e-28	363569.123237043	363569.098574074
7.58020996662028e-05	-1.60335978986171e-28	363569.123263718	363569.098659523
7.59569781915717e-05	-1.08665589694194e-28	363569.12329085	363569.0987438
7.6107913218676e-05	-1.03168215260935e-28	363569.12331842	363569.098826844
7.6254941940935e-05	-1.23382775957224e-28	363569.123346429	363569.098908608
7.63981039033399e-05	-1.06693437431142e-28	363569.123374848	363569.09898904
7.65374408907914e-05	-1.06348310785108e-28	363569.123403657	363569.099068085
7.66729968155749e-05	-5.3987668201063e-29	363569.123432826	363569.099145727
7.6804817604234e-05	-1.81438008200833e-29	363569.123462325	363569.099221893
7.69329510840978e-05	-5.02652308045513e-29	363569.123492111	363569.099296566
7.70574468697132e-05	-3.51289621856232e-29	363569.123522148	363569.099369725
7.71783562494234e-05	-1.70344651721162e-29	363569.123552393	363569.099441337
7.72957320723312e-05	-1.69605094622518e-29	363569.123582803	363569.099511372
7.74096286358736e-05	-8.38164711797325e-31	363569.123613331	363569.099579835
7.75201015742283e-05	6.65601388780229e-30	363569.123643932	363569.099646683
7.76272077477646e-05	-1.4791141972894e-29	363569.123674561	363569.099711927
7.77310051337411e-05	1.06496222204837e-29	363569.123705171	363569.099775559
7.78315527184426e-05	2.93604168161945e-29	363569.123735716	363569.099837568
7.79289103909426e-05	4.69372238606502e-29	363569.123766153	363569.099897933
7.80231388386633e-05	5.32481111024183e-29	363569.123796438	363569.099956683
7.81142994448982e-05	3.17023476285694e-29	363569.123826526	363569.100013822
7.82024541884513e-05	3.61889940270139e-29	363569.123856375	363569.100069344
7.82876655455368e-05	1.92284845647622e-30	363569.123885951	363569.100123273
7.83699963940719e-05	1.99187378568305e-29	363569.123915209	363569.100175607
7.84495099204854e-05	1.28189897098414e-30	363569.123944118	363569.100226356
7.85262695291559e-05	-2.51942451604961e-29	363569.123972645	363569.100275565
7.86003387545794e-05	-3.96895642939322e-29	363569.124000758	363569.100323233
7.86717811763589e-05	-3.84323172262362e-29	363569.124028428	363569.100369376
7.87406603370979e-05	-5.36178896517406e-29	363569.124055628	363569.10041403
7.88070396632662e-05	-5.15717816788236e-29	363569.124082334	363569.100457194
7.88709823891019e-05	-6.29363090946638e-29	363569.124108523	363569.100498906
7.89325514835988e-05	-7.21807728277226e-29	363569.124134176	363569.100539197
7.89918095806207e-05	-7.02086205646701e-29	363569.124159271	363569.100578078
7.90488189121753e-05	-5.53681747851998e-29	363569.1241838	363569.100615595
7.91036412448699e-05	-7.23040323441634e-29	363569.124207743	363569.100651772
7.91563378195627e-05	-8.27317874350536e-29	363569.124231094	363569.100686632
7.92069692942154e-05	-7.95270400075933e-29	363569.12425384	363569.100720198
7.92555956899437e-05	-7.71604572919302e-29	363569.124275974	363569.10075251
7.93022763402544e-05	-7.88367867155249e-29	363569.124297497	363569.100783592
7.93470698434516e-05	-7.35612794118594e-29	363569.124318401	363569.100813485
7.93900340181848e-05	-7.12933043093489e-29	363569.124338683	363569.100842212
7.94312258621068e-05	-7.95516919108814e-29	363569.124358342	363569.100869799
7.94707015136021e-05	-6.50317208741572e-29	363569.124377382	363569.100896279
7.95085162165396e-05	-5.44807062668261e-29	363569.124395808	363569.100921692
7.95447242879997e-05	-5.6354250916726e-29	363569.12441362	363569.100946064
7.95793790889178e-05	-6.33553914505625e-29	363569.124430826	363569.100969422
7.96125329975837e-05	-4.55320653732253e-29	363569.124447428	363569.100991803
7.96442373859297e-05	-4.32147864641386e-29	363569.124463441	363569.101013232
7.96745425985381e-05	-4.50390273074621e-29	363569.12447887	363569.101033745
7.97034979342933e-05	-5.39383643944867e-29	363569.124493723	363569.101053364
7.97311516306003e-05	-5.12759588393658e-29	363569.124508012	363569.101072123
7.97575508500914e-05	-5.20894716478749e-29	363569.124521748	363569.101090054
7.97827416697335e-05	-4.86135532842449e-29	363569.124534941	363569.101107181
7.98067690722556e-05	-4.82684266382107e-29	363569.124547604	363569.101123534
7.98296769398038e-05	-4.34859574003083e-29	363569.124559747	363569.101139141
7.98515080497388e-05	-3.55480445415218e-29	363569.124571387	363569.101154022
7.98723040724824e-05	-3.38717151179272e-29	363569.124582534	363569.10116821
7.98921055713239e-05	-2.89906382668722e-29	363569.124593201	363569.101181731
7.99109520040921e-05	-2.27783586382567e-29	363569.124603404	363569.101194613
7.99288817266026e-05	-2.51942451604961e-29	363569.124613157	363569.101206873
7.99459319977868e-05	-2.45779475782921e-29	363569.124622471	363569.101218542
7.99621389864104e-05	-2.45779475782921e-29	363569.124631362	363569.101229638
7.99775377792904e-05	-2.66980112610736e-29	363569.124639843	363569.10124019
7.99921623909185e-05	-2.58351946459881e-29	363569.124647927	363569.101250217
8.00060457744022e-05	-2.33207005105962e-29	363569.12465563	363569.101259739
8.00192198336335e-05	-2.33453524138843e-29	363569.124662963	363569.101268779
8.00317154365989e-05	-2.39369980928001e-29	363569.124669942	363569.101277358
8.00435624297436e-05	-2.89166825570077e-29	363569.124676577	363569.101285496
8.0054789653307e-05	-2.76594354893117e-29	363569.124682884	363569.101293212
8.00654249575456e-05	-2.71170936169723e-29	363569.124688874	363569.101300523
8.00754952197654e-05	-2.67226631643618e-29	363569.124694561	363569.101307447
8.00850263620831e-05	-2.90892458800248e-29	363569.124699957	363569.101314005
8.00940433698427e-05	-3.23926009206378e-29	363569.124705074	363569.10132021
8.01025703106122e-05	-3.25651642436549e-29	363569.124709923	363569.101326081
8.01106303536907e-05	-3.31568099225707e-29	363569.124714516	363569.101331632
8.01182457900572e-05	-3.44140569902666e-29	363569.124718864	363569.101336877
8.01254380526951e-05	-3.45619684099956e-29	363569.124722977	363569.101341832
8.01322277372295e-05	-3.40689303442324e-29	363569.124726868	363569.101346511
8.0138634622817e-05	-3.41428860540969e-29	363569.124730545	363569.101350927
8.01446776932298e-05	-3.42661455705377e-29	363569.124734018	363569.101355094
8.01503751580799e-05	-3.53015255086403e-29	363569.124737298	363569.101359023
8.01557444741305e-05	-3.54247850250811e-29	363569.124740392	363569.101362727
8.0160802366646e-05	-3.46605760231482e-29	363569.124743311	363569.101366217
8.01655648507323e-05	-3.26391199535194e-29	363569.124746063	363569.101369504
8.01700472526256e-05	-3.47345317330127e-29	363569.124748656	363569.101372597
8.01742642308863e-05	-3.54494369283692e-29	363569.124751098	363569.101375508
8.0178229797461e-05	-3.55480445415218e-29	363569.124753397	363569.101378246
8.01819573385746e-05	-3.55973483480982e-29	363569.12475556	363569.101380819
8.01854596354215e-05	-3.62382978335902e-29	363569.124757594	363569.101383237
8.01887488846226e-05	-3.62876016401665e-29	363569.124759506	363569.101385509
8.01918367184205e-05	-3.49810507658942e-29	363569.124761302	363569.101387641
8.01947342245872e-05	-3.55973483480982e-29	363569.124762989	363569.101389642
8.01974519660193e-05	-3.56466521546745e-29	363569.124764572	363569.10139152
8.02e-05	-3.57206078645389e-29	363569.124766057	363569.10139328
8.02025e-05	-3.57699116711153e-29	363569.124767515	363569.101395008
8.0205e-05	-3.57945635744034e-29	363569.124768974	363569.101396735
8.02075e-05	-3.59917788007087e-29	363569.124770434	363569.101398463
8.021e-05	-3.6041082607285e-29	363569.124771895	363569.101400191
8.02125e-05	-3.60903864138613e-29	363569.124773357	363569.101401918
8.0215e-05	-3.61396902204376e-29	363569.12477482	363569.101403646
8.02175e-05	-3.63369054467429e-29	363569.124776283	363569.101405375
8.022e-05	-3.63862092533192e-29	363569.124777747	363569.101407103
8.02225e-05	-3.64355130598955e-29	363569.124779213	363569.101408831
8.0225e-05	-3.64848168664718e-29	363569.124780679	363569.10141056
8.02275e-05	-3.65341206730481e-29	363569.124782146	363569.101412289
8.023e-05	-3.55973483480982e-29	363569.124783614	363569.101414018
8.02325e-05	-3.45619684099956e-29	363569.124785083	363569.101415746
8.0235e-05	-3.46112722165719e-29	363569.124786553	363569.101417476
8.02375e-05	-3.46605760231482e-29	363569.124788024	363569.101419205
8.024e-05	-3.48331393461653e-29	363569.124789496	363569.101420935
8.02425e-05	-3.48824431527416e-29	363569.124790968	363569.101422665
8.0245e-05	-3.49317469593179e-29	363569.124792441	363569.101424395
8.02475e-05	-3.49810507658942e-29	363569.124793916	363569.101426126
8.025e-05	-3.50550064757587e-29	363569.124795391	363569.101427856
8.02525e-05	-3.52275697987758e-29	363569.124796867	363569.101429587
8.0255e-05	-3.5252221702064e-29	363569.124798344	363569.101431317
8.02575e-05	-3.53261774119284e-29	363569.124799822	363569.101433048
8.026e-05	-3.53754812185047e-29	363569.124801301	363569.101434779
8.02625e-05	-3.55480445415218e-29	363569.124802781	363569.10143651
8.0265e-05	-3.55973483480982e-29	363569.124804261	363569.101438241
8.02675e-05	-3.56466521546745e-29	363569.124805743	363569.101439973
8.027e-05	-3.56959559612508e-29	363569.124807225	363569.101441704
8.02725e-05	-3.57452597678271e-29	363569.124808708	363569.101443436
8.0275e-05	-3.59424749941324e-29	363569.124810193	363569.101445168
8.02775e-05	-3.59917788007087e-29	363569.124811678	363569.1014469
8.028e-05	-3.6041082607285e-29	363569.124813164	363569.101448632
8.02825e-05	-3.60903864138613e-29	363569.124814651	363569.101450364
8.0285e-05	-3.62876016401665e-29	363569.124816139	363569.101452096
8.02875e-05	-3.63369054467429e-29	363569.124817627	363569.101453829
8.029e-05	-3.63862092533192e-29	363569.124819117	363569.101455562
8.02925e-05	-3.64355130598955e-29	363569.124820607	363569.101457295
8.0295e-05	-3.64848168664718e-29	363569.124822099	363569.101459028
8.02975e-05	-3.6682032092777e-29	363569.124823591	363569.101460761
8.03e-05	-3.67313358993534e-29	363569.124825084	363569.101462494
8.03025e-05	-3.67559878026415e-29	363569.124826579	363569.101464228
8.0305e-05	-3.68052916092178e-29	363569.124828074	363569.101465961
8.03075e-05	-3.69778549322349e-29	363569.12482957	363569.101467695
8.031e-05	-3.70518106420994e-29	363569.124831067	363569.101469429
8.03125e-05	-3.71011144486757e-29	363569.124832564	363569.101471163
8.0315e-05	-3.7150418255252e-29	363569.124834063	363569.101472897
8.03175e-05	-3.72243739651165e-29	363569.124835563	363569.101474632
8.032e-05	-3.62876016401665e-29	363569.124837063	363569.101476366
8.03225e-05	-3.63369054467429e-29	363569.124838565	363569.101478101
8.0325e-05	-3.63862092533192e-29	363569.124840067	363569.101479836
8.03275e-05	-3.53261774119284e-29	363569.124841571	363569.10148157
8.033e-05	-3.44140569902666e-29	363569.124843075	363569.101483305
8.03325e-05	-3.4463360796843e-29	363569.12484458	363569.10148504
8.0335e-05	-3.45126646034193e-29	363569.124846086	363569.101486776
8.03375e-05	-3.45373165067074e-29	363569.124847593	363569.101488511
8.034e-05	-3.46112722165719e-29	363569.1248491	363569.101490247
8.03425e-05	-3.4783835539589e-29	363569.124850609	363569.101491982
8.0345e-05	-3.48084874428771e-29	363569.124852119	363569.101493718
8.03475e-05	-3.48824431527416e-29	363569.124853629	363569.101495454
8.035e-05	-3.49070950560298e-29	363569.124855141	363569.10149719
8.03525e-05	-3.49563988626061e-29	363569.124856653	363569.101498927
8.0355e-05	-3.51536140889113e-29	363569.124858167	363569.101500663
8.03575e-05	-3.52029178954877e-29	363569.124859681	363569.101502399
8.036e-05	-3.5252221702064e-29	363569.124861196	363569.101504136
8.03625e-05	-3.53015255086403e-29	363569.124862712	363569.101505873
8.0365e-05	-3.54987407349455e-29	363569.124864229	363569.10150761
8.03675e-05	-3.55480445415218e-29	363569.124865747	363569.101509347
8.037e-05	-3.55973483480982e-29	363569.124867266	363569.101511085
8.03725e-05	-3.56466521546745e-29	363569.124868786	363569.101512823
8.0375e-05	-3.56959559612508e-29	363569.124870306	363569.101514561
8.03775e-05	-3.5893171187556e-29	363569.124871828	363569.101516298
8.038e-05	-3.59424749941324e-29	363569.12487335	363569.101518036
8.03825e-05	-3.59917788007087e-29	363569.124874874	363569.101519774
8.0385e-05	-3.6041082607285e-29	363569.124876398	363569.101521512
8.03875e-05	-3.62136459303021e-29	363569.124877923	363569.101523251
8.039e-05	-3.62876016401665e-29	363569.12487945	363569.10152499
8.03925e-05	-3.63122535434547e-29	363569.124880977	363569.101526728
8.0395e-05	-3.6361557350031e-29	363569.124882505	363569.101528467
8.03975e-05	-3.64355130598955e-29	363569.124884034	363569.101530206
8.04e-05	-3.66327282862007e-29	363569.124885563	363569.101531945
8.04028975061667e-05	-3.66573801894889e-29	363569.124887338	363569.10153396
8.04059853399646e-05	-3.67313358993534e-29	363569.12488923	363569.101536109
8.04092745891657e-05	-3.66573801894889e-29	363569.124891247	363569.101538398
8.04127768860126e-05	-3.67313358993534e-29	363569.124893397	363569.101540836
8.04165044271263e-05	-3.67806397059297e-29	363569.124895686	363569.10154343
8.04204699937009e-05	-3.68792473190823e-29	363569.124898125	363569.10154619
8.04246869719617e-05	-3.75941525144388e-29	363569.12490072	363569.101549126
8.0429169373855e-05	-3.76927601275915e-29	363569.124903482	363569.101552247
8.04339318579413e-05	-3.91472224215927e-29	363569.124906419	363569.101555564
8.04389897504567e-05	-3.92458300347453e-29	363569.124909543	363569.101559087
8.04443590665074e-05	-3.89007033887111e-29	363569.124912862	363569.101562827
8.04500565313574e-05	-3.89993110018638e-29	363569.12491639	363569.101566797
8.04560996017702e-05	-3.92458300347453e-29	363569.124920137	363569.101571009
8.04625064873577e-05	-3.9344437647898e-29	363569.124924114	363569.101575475
8.04692961718921e-05	-3.88513995821348e-29	363569.124928337	363569.101580208
8.047648843453e-05	-3.89993110018638e-29	363569.124932818	363569.101585224
8.04841038708965e-05	-3.68792473190823e-29	363569.12493757	363569.101590535
8.0492163913975e-05	-3.74708929979981e-29	363569.124942609	363569.101596158
8.05006908547445e-05	-3.70271587388112e-29	363569.124947951	363569.101602108
8.05097078625041e-05	-3.71997220618283e-29	363569.124953612	363569.101608402
8.05192390048219e-05	-3.53508293152166e-29	363569.124959608	363569.101615058
8.05293092670417e-05	-3.49317469593179e-29	363569.124965959	363569.101622091
8.05399445712803e-05	-3.90979186150164e-29	363569.124972683	363569.101629522
8.05511717948436e-05	-3.78653234506086e-29	363569.124979799	363569.101637371
8.05630187879883e-05	-4.28943117213925e-29	363569.12498733	363569.101645655
8.05755143909537e-05	-4.34859574003083e-29	363569.124995295	363569.101654395
8.05886884501851e-05	-4.9427066092754e-29	363569.125003718	363569.101663612
8.06025718336687e-05	-5.03145346111277e-29	363569.125012623	363569.101673333
8.06171964452968e-05	-4.99940598683816e-29	363569.125022035	363569.101683575
8.06325952381768e-05	-5.21634273577394e-29	363569.12503198	363569.101694365
8.06488022268005e-05	-4.44966854351227e-29	363569.125042488	363569.101705728
8.06658524979847e-05	-4.8169819025058e-29	363569.125053584	363569.101717687
8.06837822204952e-05	-5.28290287465196e-29	363569.125065303	363569.101730268
8.07026286532633e-05	-5.40862758142156e-29	363569.125077674	363569.101743503
8.07224301521048e-05	-5.8079884146897e-29	363569.125090732	363569.101757417
8.07432261748484e-05	-6.59191893925308e-29	363569.125104511	363569.101772033
8.07650572847834e-05	-6.79159935588715e-29	363569.125119046	363569.101787392
8.07879651523316e-05	-7.37831465414528e-29	363569.125134377	363569.101803515
8.08119925548537e-05	-7.34133679921304e-29	363569.125150546	363569.101820441
8.08371833744959e-05	-8.15484960772221e-29	363569.125167594	363569.101838198
8.08635825939869e-05	-8.25345722087484e-29	363569.125185568	363569.101856818
8.0891236290294e-05	-8.96343203557375e-29	363569.125204516	363569.101876345
8.09201916260491e-05	-8.24606164988839e-29	363569.125224484	363569.101896797
8.09504968386575e-05	-8.39150787928851e-29	363569.125245527	363569.101918228
8.09822012270035e-05	-9.65368532764213e-29	363569.125267696	363569.101940663
8.10153551356694e-05	-1.0979957724545e-28	363569.12529106	363569.101964148
8.10500099365876e-05	-1.00283942576221e-28	363569.125315668	363569.10198872
8.10862180080477e-05	-8.4999762537564e-29	363569.125341586	363569.102014416
8.11240327109851e-05	-5.90166564718469e-29	363569.125368884	363569.102041282
8.11635083624804e-05	-5.76854536942865e-29	363569.125397635	363569.102069352
8.12047002064025e-05	-5.53681747851998e-29	363569.125427905	363569.102098661
8.12476643811357e-05	-6.85815949476517e-29	363569.125459773	363569.102129267
8.12924578843329e-05	-8.46546358915298e-29	363569.125493334	363569.102161217
8.13391385346435e-05	-8.6577484348006e-29	363569.125528667	363569.102194549
8.13877649303718e-05	-9.91006512183896e-29	363569.125565867	363569.102229304
8.14383964050245e-05	-9.59452075975056e-29	363569.125605019	363569.102265537
8.14910929797174e-05	-8.12526732377642e-29	363569.125646238	363569.102303291
8.1545915312412e-05	-8.93138456129914e-29	363569.12568963	363569.102342607
8.16029246439666e-05	-9.51070428857082e-29	363569.125735295	363569.10238354
8.16621827409885e-05	-9.30116311062149e-29	363569.125783381	363569.102426146
8.17237518354853e-05	-7.33394122822659e-29	363569.125833983	363569.102470461
8.17876945613211e-05	-8.52955853770219e-29	363569.125887249	363569.102516543
8.18540738874893e-05	-8.29290026613589e-29	363569.125943318	363569.102564419
8.19229530482283e-05	-9.87801764756436e-29	363569.12600235	363569.102614151
8.19943954700079e-05	-1.32577935883706e-28	363569.126064485	363569.102665804
8.20684646954313e-05	-1.49291926313076e-28	363569.126129888	363569.102719422
8.21452243041018e-05	-1.529897118063e-28	363569.126198751	363569.102775054
8.22247378305154e-05	-1.33909138661267e-28	363569.126271239	363569.102832717
8.23070686790504e-05	-1.25502839640005e-28	363569.126347537	363569.102892512
8.23922800361359e-05	-1.23481383570377e-28	363569.126427887	363569.102954429
8.24804347796891e-05	-1.61765789376884e-28	363569.126512489	363569.103018559
8.25715953859239e-05	-1.90041522448399e-28	363569.126601554	363569.103084916
8.26658238336446e-05	-2.046107972917e-28	363569.126695302	363569.10315359
8.27631815061446e-05	-1.88981490607009e-28	363569.126794039	363569.103224584
8.28637290908462e-05	-2.17824217454152e-28	363569.126897983	363569.103297929
8.29675264768226e-05	-2.4326498164753e-28	363569.127007441	363569.103373706
8.3074632650359e-05	-2.53446217705538e-28	363569.127122711	363569.103451916
8.31851055887136e-05	-2.44744095844819e-28	363569.127244063	363569.103532599
8.3299002152256e-05	-1.64403543028716e-28	363569.127371872	363569.103615784
8.34163779751639e-05	-1.63639334026784e-28	363569.12750644	363569.103701489
8.35372873548741e-05	-1.66991992873973e-28	363569.127648152	363569.103789755
8.36617831404894e-05	-2.14274343380657e-28	363569.12779737	363569.103880588
8.37899166203533e-05	-2.2921339677328e-28	363569.127954453	363569.10397397
8.39217374090123e-05	-1.87157249763685e-28	363569.128119862	363569.10406995
8.40572933337959e-05	-1.32479328270554e-28	363569.128294038	363569.10416853
8.41966303212473e-05	-1.37853443187372e-28	363569.128477385	363569.104269698
8.43397922836522e-05	-1.46136482692192e-28	363569.12867039	363569.104373441
8.44868210059112e-05	-1.64921232997768e-28	363569.128873551	363569.104479741
8.46377560330155e-05	-2.40356057059527e-28	363569.129087378	363569.104588566
8.47926345583844e-05	-1.87724243539313e-28	363569.129312403	363569.104699889
8.49514913133332e-05	-1.92777883713385e-28	363569.12954917	363569.104813662
8.511435845794e-05	-2.06188519102142e-28	363569.129798268	363569.104929836
8.5281265473586e-05	-2.57661693167813e-28	363569.130060281	363569.105048344
8.54522390574463e-05	-2.18613078359373e-28	363569.130335838	363569.105169113
8.56273030192073e-05	-1.89523832479348e-28	363569.130625571	363569.105292057
8.58064781802936e-05	-1.61223447504544e-28	363569.13093013	363569.10541708
8.59897822758799e-05	-1.75620159024828e-28	363569.131250203	363569.10554408
8.61772298599707e-05	-1.37311101315032e-28	363569.131586477	363569.10567292
8.63688322138225e-05	-1.17219800135185e-28	363569.131939681	363569.105803473
8.65645972579866e-05	-7.14412157290779e-29	363569.132310511	363569.10593559
8.67645294682413e-05	-7.99214704602038e-29	363569.132699735	363569.106069115
8.69686297956846e-05	3.36744998916219e-29	363569.133108123	363569.106203858
8.7176895591248e-05	5.32481111024183e-30	363569.133536414	363569.106339636
8.73893205348904e-05	5.38397567813341e-29	363569.133985386	363569.10647624
8.760589456972e-05	3.24419047272141e-29	363569.134455812	363569.106613443
8.78266038412892e-05	5.66993775627602e-29	363569.134948494	363569.106751006
8.80514306422944e-05	1.18181224363423e-28	363569.135464214	363569.106888686
8.82803533629055e-05	1.13546666545249e-28	363569.13600372	363569.10702621
8.851334644694e-05	7.88860905221012e-29	363569.136567793	363569.107163297
8.87503803540829e-05	8.94864089360085e-29	363569.137157152	363569.107299644
8.89914215283447e-05	8.3422040727122e-29	363569.137772551	363569.107434944
8.92364323729341e-05	8.41615978257667e-29	363569.138414707	363569.107568876
8.94853712317104e-05	8.11540656246116e-29	363569.139084255	363569.107701108
8.97381923773651e-05	1.32134201624519e-28	363569.139781828	363569.107831285
8.99948460064683e-05	1.02847740518189e-28	363569.140508013	363569.107959057
9.02552782414983e-05	4.8958679930279e-29	363569.141263322	363569.108084052
9.05194311399581e-05	6.80885568818886e-29	363569.142048203	363569.1082059
9.07872427106647e-05	1.15518818808302e-28	363569.142863048	363569.108324216
9.10586469372796e-05	1.44262938042293e-28	363569.143708124	363569.108438617
9.13335738091319e-05	1.16455591133252e-28	363569.144583701	363569.108548714
9.16119493593666e-05	4.00346909399663e-29	363569.145489849	363569.108654113
9.18936957104325e-05	-3.94430452610506e-30	363569.146426566	363569.108754424
9.2178731126904e-05	1.30359264587772e-28	363569.147393689	363569.108849263
9.24669700756148e-05	1.15962553067489e-28	363569.148390962	363569.108938237
9.27583232930583e-05	7.23779880540278e-29	363569.14941793	363569.109020972
9.30526978599942e-05	1.04031031876021e-28	363569.150474014	363569.109097098
9.33499972831785e-05	4.03305137794242e-29	363569.151558459	363569.109166256
9.3650121584116e-05	2.98288029786695e-29	363569.152670297	363569.109228095
9.39529673947146e-05	-1.09651665825721e-28	363569.15380839	363569.109282281
9.42584280597034e-05	-1.06003184139073e-28	363569.154971271	363569.109328497
9.45663937456541e-05	-1.38395785059711e-28	363569.156157487	363569.109366441
9.48767515564303e-05	-1.0043185399595e-28	363569.157365192	363569.109395835
9.51893856548705e-05	-7.9329824781288e-29	363569.158592332	363569.109416418
9.5504177390489e-05	-6.8778810173957e-29	363569.159836538	363569.109427956
9.5821005432969e-05	-8.69226109940402e-29	363569.161095278	363569.109430239
9.61397459111976e-05	-1.42685216231851e-28	363569.162365778	363569.109423082
9.64602725575818e-05	-9.10148269398742e-29	363569.163644919	363569.109406334
9.67824568573673e-05	-1.91791807581858e-28	363569.164929331	363569.109379863
9.71061682026681e-05	-1.52200850901079e-28	363569.166215426	363569.10934358
9.74312740508981e-05	-1.29175973229941e-29	363569.167499337	363569.109297416
9.77576400872884e-05	-4.43734259186819e-31	363569.168776858	363569.109241347
9.80851303911565e-05	1.10933564796705e-29	363569.170043602	363569.109175367
9.84136076055863e-05	-6.31088724176809e-30	363569.171295006	363569.109099524
9.87429331101646e-05	6.62150122319887e-29	363569.172526206	363569.109013885
9.90729671964143e-05	4.21054508161715e-29	363569.173732119	363569.108918551
9.94035692455518e-05	5.33467187155709e-29	363569.174907524	363569.108813675
9.97345979081952e-05	4.11686784912216e-29	363569.176047028	363569.108699425
0.000100065911285636	5.09801359999079e-29	363569.177145148	363569.108576021
0.000100397367112294	2.08801620850687e-28	363569.178196191	363569.108443714
0.000100728822938951	1.51313382382705e-28	363569.179194477	363569.108302782
0.000101060136316392	1.56934016332405e-28	363569.180134341	363569.108153536
0.000101391164979035	1.45988571272463e-28	363569.181010052	363569.10799633
0.000101721767028173	4.59511477291239e-29	363569.181816015	363569.107831546
0.000102051801114423	4.04291213925769e-30	363569.182546633	363569.107659582
0.000102381126619001	6.07422897020179e-29	363569.183196512	363569.107480875
0.000102709603833431	4.092215945834e-29	363569.183760493	363569.10729589
0.000103037094137299	7.6963242065625e-29	363569.18423362	363569.107105101
0.000103363460173689	8.61337500888192e-29	363569.184611239	363569.106909031
0.000103688566021919	-1.27203820966888e-29	363569.184889027	363569.106708182
0.00010401227736722	1.83903198529648e-29	363569.185063062	363569.106503088
0.000104334461667005	5.16703892919763e-29	363569.185129837	363569.106294317
0.00010465498831339	8.01679894930853e-29	363569.18508633	363569.106082411
0.000104973728791618	3.90979186150164e-29	363569.184930043	363569.105867928
0.000105290556834098	2.32220928974435e-29	363569.184658979	363569.105651432
0.000105605348569717	2.98781067852458e-29	363569.184271773	363569.105433489
0.000105917982668157	-1.13891793191284e-29	363569.18376762	363569.105214651
0.000106228340478933	7.95763438141696e-29	363569.18314637	363569.10499546
0.000106536306164884	5.92138716981522e-29	363569.182408483	363569.10477646
0.000106841766829873	5.94110869244575e-29	363569.181555073	363569.104558171
0.000107144612640471	-5.1473174065671e-29	363569.180587924	363569.104341102
0.000107444736941409	-3.14558285956878e-29	363569.179509409	363569.104125743
0.000107742036364593	9.26911563634689e-30	363569.178322513	363569.103912555
0.000108036410931529	4.06263366188821e-29	363569.177030952	363569.103701996
0.000108327764148972	8.41615978257667e-29	363569.175638872	363569.103494468
0.000108616003097683	1.06101791752226e-28	363569.17415101	363569.103290367
0.000108901038514155	1.74486171473573e-28	363569.17257271	363569.103090057
0.000109182784865221	1.84790667048022e-28	363569.170909656	363569.102893877
0.000109461160415455	1.89277313446467e-28	363569.169168124	363569.10270212
0.000109736087287308	1.78036045547067e-28	363569.167354601	363569.10251506
0.000110007491513922	2.05991303875837e-28	363569.165475992	363569.102332953
0.000110275303084629	1.9953250521434e-28	363569.163539418	363569.102155993
0.000110539455983089	1.94552820750132e-28	363569.161552287	363569.101984372
0.000110799888218119	1.90559212417451e-28	363569.159522137	363569.101818237
0.000111056541847222	1.8227617291263e-28	363569.157456448	363569.101657712
0.000111309362992877	1.61864396990036e-28	363569.155362898	363569.101502903
0.000111558301851653	1.57525662011321e-28	363569.153249084	363569.101353864
0.000111803312696243	1.58561041949423e-28	363569.151122513	363569.101210614
0.000112044353870504	1.52841800386571e-28	363569.148990557	363569.101073236
0.000112281387777647	1.52200850901079e-28	363569.146860485	363569.100941638
0.000112514380861682	1.55947940200879e-28	363569.144739035	363569.100815812
0.000112743303582293	1.53236230839182e-28	363569.142633071	363569.100695769
0.000112968130383298	1.34747303373064e-28	363569.140548761	363569.100581365
0.000113188839654867	1.2049850327251e-28	363569.138492265	363569.100472572
0.000113405413689697	1.20202680433052e-28	363569.136469014	363569.10036927
0.000113617838633339	1.21632490823765e-28	363569.134484367	363569.100271363
0.000113826104428903	1.09947488665179e-28	363569.132542951	363569.100178725
0.000114030204756346	1.1206755234796e-28	363569.130649139	363569.100091174
0.000114230136966601	1.14631350289928e-28	363569.128806871	363569.100008596
0.000114425902010765	1.1808261675027e-28	363569.127019544	363569.099930839
0.000114617504364617	1.15666730228031e-28	363569.125289719	363569.099857769
0.000114804951948707	1.12807109446605e-28	363569.123620669	363569.099789184
0.000114988256044294	1.09207931566534e-28	363569.122013508	363569.099724919
0.00011516743120538	1.05214323233852e-28	363569.120470513	363569.099664846
0.000115342495167141	1.01171411094595e-28	363569.118992437	363569.099608732
0.000115513468751001	9.76215370211002e-29	363569.11758065	363569.099556444
0.000115680375766647	9.4761916239674e-29	363569.11623494	363569.099507785
0.000115843242911254	9.00780546149243e-29	363569.114955877	363569.099462603
0.000116002099666203	8.68733071874639e-29	363569.113742266	363569.099420743
0.000116156978191572	8.44081168586483e-29	363569.112594326	363569.099382023
0.000116307913218676	8.06117237522721e-29	363569.111510646	363569.099346267
0.000116454941940935	7.77027991642697e-29	363569.110490204	363569.099313341
0.00011659810390334	7.3659887025012e-29	363569.109531451	363569.099283064
0.000116737440890791	7.07509624370095e-29	363569.108632907	363569.099255304
0.000116872996815575	6.50810246807335e-29	363569.107793003	363569.099229923
0.000117004817604234	6.50317208741572e-29	363569.107009416	363569.099206752
0.000117132951084098	6.44400751952414e-29	363569.106280184	363569.099185665
0.000117257446869713	6.10381125414758e-29	363569.10560331	363569.099166525
0.000117378356249423	5.68965927890655e-29	363569.104976232	363569.099149223
0.000117495732072331	5.85729222126601e-29	363569.10439665	363569.099133616
0.000117609628635874	5.59105166575392e-29	363569.103862298	363569.09911959
0.000117720101574228	5.33960225221472e-29	363569.103370737	363569.099107044
0.000117827207747765	5.19662121314342e-29	363569.102919799	363569.099095876
0.000117931005133741	4.95010218026185e-29	363569.102506814	363569.099085981
0.000118031552718443	4.77753885724475e-29	363569.102129819	363569.099077254
0.000118128910390943	4.55074134699371e-29	363569.101786354	363569.099069612
0.000118223138838663	4.20068432030189e-29	363569.1014742	363569.099062974
0.000118314299444898	4.08728556517637e-29	363569.101191203	363569.099057258
0.000118402454188451	3.94430452610506e-29	363569.100935172	363569.099052383
0.000118487665545537	3.81118424834901e-29	363569.100704266	363569.099048281
0.000118569996394072	3.66327282862007e-29	363569.100496498	363569.099044886
0.000118649509920485	3.50057026691824e-29	363569.100310077	363569.099042137
0.000118726269529156	3.3526588471893e-29	363569.100143266	363569.099039971
0.000118800338754579	3.20474742746036e-29	363569.099994487	363569.099038333
0.000118871781176359	3.06176638838905e-29	363569.099862096	363569.099037172
0.000118940660337098	2.90399420734485e-29	363569.099744643	363569.099036444
0.000119007039663266	2.76594354893117e-29	363569.099640822	363569.099036104
0.000119070982389102	2.64761441314802e-29	363569.099549281	363569.09903611
0.000119132551483599	2.52435489670724e-29	363569.099468902	363569.099036421
0.000119191809580621	2.40109538026645e-29	363569.099398609	363569.099037003
0.000119248818912175	2.2975573864562e-29	363569.09933733	363569.099037826
0.00011930364124487	2.19401939264594e-29	363569.099284141	363569.099038858
0.000119356337819563	2.08555101817805e-29	363569.099238228	363569.099040071
0.000119406969294215	1.98201302436779e-29	363569.099198767	363569.09904144
0.000119455595689944	1.85875350792701e-29	363569.099165063	363569.099042945
0.000119502276340254	1.77000665608965e-29	363569.099136464	363569.099044562
0.000119547069843452	1.66153828162176e-29	363569.099112357	363569.099046271
0.000119590034018185	1.56786104912676e-29	363569.099092224	363569.099048055
0.000119631225862107	1.4791141972894e-29	363569.099075595	363569.099049898
0.000119670701513602	1.39036734545203e-29	363569.099062007	363569.099051786
0.00011970851621654	1.33120277756046e-29	363569.09905108	363569.099053706
0.000119744724288	1.28189897098414e-29	363569.099042475	363569.099055647
0.000119779379088918	1.22273440309257e-29	363569.099035863	363569.099057597
0.000119812532997584	1.15370907388573e-29	363569.099030975	363569.099059547
0.00011984423738593	1.09454450599415e-29	363569.099027563	363569.09906149
0.000119874542598538	1.04031031876021e-29	363569.099025406	363569.099063418
0.000119903497934293	9.81145750868633e-30	363569.099024313	363569.099065324
0.0001199311516306	9.3184194429232e-30	363569.099024113	363569.099067202
0.000119957550850091	8.77607757058376e-30	363569.099024661	363569.099069049
0.000119982741669734	8.28303950482062e-30	363569.099025823	363569.099070859
0.000120006769072256	7.79000143905749e-30	363569.099027488	363569.09907263
0.000120029676939804	7.34626717987067e-30	363569.099029556	363569.099074358
0.000120051508049739	6.85322911410754e-30	363569.099031945	363569.099076041
0.000120072304072482	6.45879866149703e-30	363569.099034581	363569.099077677
0.000120092105571324	6.06436820888653e-30	363569.099037401	363569.099079264
0.000120110952004092	5.71924156285234e-30	363569.09904035	363569.099080802
0.000120128881726603	5.37411491681814e-30	363569.099043385	363569.099082288
0.000120145931997787	5.02898827078395e-30	363569.099046467	363569.099083724
0.00012016213898641	4.73316543132607e-30	363569.099049563	363569.099085108
0.00012017753777929	4.43734259186819e-30	363569.099052647	363569.099086442
0.000120192162390919	4.14151975241031e-30	363569.099055698	363569.099087724
0.000120206045774402	3.84569691295243e-30	363569.099058697	363569.099088955
0.000120219219833633	3.50057026691824e-30	363569.09906163	363569.099090137
0.000120231715436599	3.25405123403667e-30	363569.099064486	363569.099091269
0.000120243562429744	3.00753220115511e-30	363569.099067255	363569.099092353
0.000120254789653307	2.76101316827354e-30	363569.099069933	363569.09909339
0.000120265424957546	2.6131017485446e-30	363569.099072513	363569.099094381
0.000120275495219765	2.41588652223935e-30	363569.099074992	363569.099095326
0.000120285026362083	2.26797510251041e-30	363569.09907737	363569.099096227
0.000120294043369843	2.07075987620516e-30	363569.099079645	363569.099097086
0.000120302570310612	1.92284845647622e-30	363569.099081818	363569.099097904
0.000120310630353691	1.77493703674728e-30	363569.09908389	363569.099098682
0.000120318245790057	1.62702561701834e-30	363569.099085861	363569.099099421
0.000120325438052695	1.4791141972894e-30	363569.099087736	363569.099100123
0.00012033222773723	1.33120277756046e-30	363569.099089515	363569.099100789
0.000120338634622817	1.23259516440783e-30	363569.099091202	363569.09910142
0.00012034467769323	1.08468374467889e-30	363569.0990928	363569.099102019
0.00012035037515808	9.86076131526265e-31	363569.099094312	363569.099102585
0.000120355744474131	8.87468518373638e-31	363569.099095741	363569.099103121
0.000120360802366646	7.88860905221012e-31	363569.099097091	363569.099103628
0.000120365564850732	6.90253292068385e-31	363569.099098364	363569.099104107
0.000120370047252626	5.91645678915759e-31	363569.099099565	363569.099104559
0.000120374264230886	4.93038065763132e-31	363569.099100697	363569.099104986
0.000120378229797461	4.43734259186819e-31	363569.099101763	363569.099105388
0.000120381957338575	3.45126646034193e-31	363569.099102765	363569.099105767
0.000120385459635422	2.95822839457879e-31	363569.099103708	363569.099106125
0.000120388748884623	1.97215226305253e-31	363569.099104594	363569.099106461
0.000120391836718421	1.4791141972894e-31	363569.099105427	363569.099106778
0.000120394734224587	9.86076131526265e-32	363569.099106208	363569.099107075
0.000120397451966019	4.93038065763132e-32	363569.099106941	363569.099107355
0.0001204	0	363569.099107629	363569.099107618
